token,0,1,sub
darwin,3,4,1
==,1718,1070,-648
yes,98,44,-54
$,506,286,-220
compiler,33,17,-16
.,2000,1118,-882
build,32,18,-14
cc,82,20,-62
compile_prog,40,24,-16
check,413,219,-194
case,652,335,-317
broken,18,19,1
cc\,4,1,-3
either,137,89,-48
autodetect,2,1,-1
valid,152,75,-77
without,185,127,-58
executable,4,4,0
testing,37,30,-7
works,42,15,-27
work,159,85,-74
allows,40,21,-19
right,53,42,-11
's,295,163,-132
fi,145,65,-80
message,42,31,-11
printed,2,3,1
write_c_skeleton,1,1,0
?,626,376,-250
bail,3,7,4
else,1492,806,-686
help,31,22,-9
var,57,24,-33
compile_object,1,3,2
error_exit,16,12,-4
cpu,479,194,-285
!,2521,1553,-968
ok,47,28,-19
ensures,15,12,-3
host,207,104,-103
also,144,71,-73
c,325,185,-140
exist,37,19,-18
linker,22,4,-18
\,500,297,-203
values,110,66,-44
1,2109,1267,-842
second,37,24,-13
tmp,90,68,-22
disasops,6,4,-2
cpu_env,85,50,-35
care,27,20,-7
negative,28,25,-3
get_field,11,9,-2
ssf,2,2,0
anything,33,24,-9
os,36,17,-19
env-,546,229,-317
fields,61,33,-28
time,117,69,-48
store,69,33,-36
defined,310,131,-179
could,163,106,-57
tcg_gen_qemu_ld64,2,2,0
uint64_t,486,324,-162
tcg_gen_addi_i64,5,1,-4
env,537,224,-313
exitstatus,7,6,-1
no_exit,7,4,-3
return,2522,1598,-924
get_address,3,1,-2
b2,3,2,-1
fake,15,6,-9
0,3095,2030,-1065
d2,6,2,-4
reset,103,49,-54
-,1069,679,-390
define,969,449,-520
timer,81,46,-35
tcg_temp_new_i64,20,4,-16
first,167,125,-42
tcgv_i64,28,6,-22
used,302,140,-162
endif,705,288,-417
config_user_only,102,40,-62
static,1922,984,-938
third,4,3,-1
qemu_clock_get_ns,17,12,-5
tcg_temp_free_i64,23,7,-16
operands,2,2,0
i64,21,11,-10
d1,9,2,-7
process,47,45,-2
n't,493,362,-131
extract,5,8,3
get,198,113,-85
load,64,41,-23
fetch,28,11,-17
in1,3,2,-1
*,4227,2634,-1593
qemu_clock_virtual,30,11,-19
regs,97,41,-56
tcg_gen_mov_i64,11,5,-6
b1,4,6,2
r3,17,7,-10
/,2970,1678,-1292
in2,10,2,-8
def_helper_flags_1,4,3,-1
tcg_call_no_rwg,5,4,-1
interrupt,91,59,-32
uint64_max,16,16,0
cputm,4,1,-3
disascontext,84,35,-49
modifying,3,2,-1
o-,13,4,-9
cpus390xstate,35,4,-31
s-,1046,801,-245
get_mem_index,6,4,-2
int,1955,1056,-899
addr1,18,11,-7
tcg_gen_sub_i64,2,2,0
helper,69,33,-36
operand,4,3,-1
len,313,216,-97
errp,507,355,-152
priu32,16,11,-5
error_setg,284,217,-67
length,163,90,-73
max,130,84,-46
%,1238,804,-434
larger,25,21,-4
nbd_max_buffer_size,6,3,-3
u,66,61,-5
-einval,157,140,-17
null,1312,930,-382
mcast,1,2,1
support,248,109,-139
cpus,77,36,-41
multiple,92,47,-45
dc-,126,80,-46
reason,37,42,5
serial_hds,13,7,-6
uses,67,39,-28
false,687,365,-322
board,14,10,-4
realize,34,19,-15
user_creatable,4,13,9
container_of,77,27,-50
monitor_disas_is_physical,1,1,0
myaddr,1,2,1
info,125,77,-48
cpu_physical_memory_read,12,7,-5
monitor_read_memory,1,1,0
memaddr,1,2,1
cpu_memory_rw_debug,4,6,2
bfd_byte,2,1,-1
is_physical,1,3,2
bfd_vma,1,1,0
struct,651,368,-283
config,97,42,-55
conf,15,6,-9
void,1799,897,-902
udev,3,1,-2
extern,85,31,-54
encoutput.offset,1,1,0
qio_channel_websock_max_buffer,1,2,1
rawoutput.offset,1,2,1
amount,16,9,-7
buffers,14,7,-7
allow,91,54,-37
wioc-,2,2,0
div_round_up,34,13,-21
cpu_to_dump32,1,2,1
vmcoreinfo,1,1,0
note_size,3,3,0
cpu_to_dump64,1,2,1
+,988,669,-319
name_size,5,6,1
4,559,297,-262
bs-,257,172,-85
backing,69,41,-28
bdrv_attach_child,1,1,0
bdrv_set_backing_hd,4,4,0
failed,184,192,8
must,334,190,-144
set,438,237,-201
zu,15,16,1
auth=,1,1,0
subauth,5,2,-3
s\n,142,75,-67
sasl.conn,1,2,1
negotiated,3,5,2
name=,3,5,2
sasl.username,1,1,0
query,15,7,-8
\n,281,155,-126
d\n,105,69,-36
init,76,35,-41
much,24,25,1
version,260,146,-114
access\n,3,1,-2
user,125,68,-57
large,45,54,9
name,490,281,-209
authentication,11,5,-6
ioc,14,25,11
bytes,178,144,-34
vnc,23,14,-9
trace.h,19,18,-1
include,737,302,-435
size_t,170,140,-30
connection,59,36,-23
state,257,129,-128
datalen,6,3,-3
subauth=,1,1,0
size=,5,6,1
nil,1,1,0
vencrypt,6,3,-3
vs,47,43,-4
method,42,12,-30
err,220,200,-20
username,7,5,-2
mechs,1,1,0
const,888,433,-455
sasl,6,2,-4
data,529,333,-196
reply,16,16,0
auth,17,4,-13
long,166,114,-52
p,210,136,-74
val,240,148,-92
vs-,61,42,-19
passed,44,24,-20
expect,19,15,-4
acl,6,5,-1
websock,1,1,0
denied,2,3,1
continue\n,1,3,2
mechanism,17,5,-12
ret=,3,3,0
weak,3,1,-2
got,29,13,-16
successful,16,8,-8
allowed,60,23,-37
ret,791,583,-208
found,120,66,-54
state=,2,2,0
allowing,6,6,0
step,23,6,-17
display,27,9,-18
rejected,4,7,3
vnc_debug,10,8,-2
using,158,86,-72
client,56,47,-9
p\n,5,5,0
major,10,4,-6
start,191,114,-77
char,751,432,-319
minor,12,3,-9
activated,4,2,-2
as-,10,4,-6
flatview,1,2,1
atomic_cmpxchg,5,7,2
atomic_read,26,11,-15
ptr,72,44,-28
view,11,3,-8
somebody,1,1,0
current_map,2,4,2
atomic_inc,4,5,1
view-,1,1,0
flatview_ref,1,1,0
atomic_rcu_read,7,6,-1
typeof,9,4,-5
returns,140,83,-57
concurrently,4,4,0
replaced,13,5,-8
bool,779,388,-391
ref,9,5,-4
'guest-fsfreeze-status,1,1,0
g_usec_per_sec,3,1,-2
g_test_add_data_func,9,4,-5
g_getenv,1,1,0
value,472,256,-216
g_assert_cmpstr,18,11,-7
old,85,51,-34
'guest-fsfreeze-thaw,1,1,0
qlist,21,9,-12
int64_t,258,173,-85
g_assert_cmpint,40,23,-17
'execute,14,12,-2
frozen,5,5,0
10,155,82,-73
status,183,123,-60
g_assert_nonnull,7,3,-4
qobject_to_qdict,30,11,-19
entry-,33,23,-10
',749,468,-281
'guest-get-time,1,1,0
qdict_haskey,30,9,-21
4194304,1,1,0
back,70,43,-27
qmp_fd,3,4,1
qmp_assert_no_error,1,1,0
'guest-fsfreeze-freeze,1,1,0
g_free,316,387,71
g_strdup_printf,89,55,-34
g_assert,153,91,-62
qdict_get_try_str,16,12,-4
list,175,104,-71
paths,12,7,-5
arguments,42,23,-19
fixture-,4,2,-2
qdict,104,47,-57
fix,42,24,-18
fixture,2,2,0
current,124,70,-54
prid64,51,34,-17
minimum,22,6,-16
1000,46,20,-26
'arguments,13,10,-3
qlist_first,16,7,-9
testfixture,2,1,-1
qdict_get_int,22,6,-16
fd,204,158,-46
gchar,41,19,-22
qdecref,59,39,-20
qdict_get_qlist,2,5,3
entry,151,97,-54
gconstpointer,12,7,-5
qlistentry,8,3,-5
cmd,78,52,-26
run_state_paused,4,8,4
run_state_postmigrate,2,3,1
run_state_finish_migrate,2,5,3
cache\n,3,2,-1
resize,17,8,-9
size,587,428,-159
i++,392,196,-196
move,21,9,-12
cache,75,35,-40
@,528,263,-265
keep,48,25,-23
page_size,21,6,-15
inited,6,4,-2
pow2floor,3,3,0
dprintf,91,56,-35
creating,17,15,-2
page,136,67,-69
pointer,87,42,-45
new_cache,1,2,1
extra,25,24,-1
num_pages,2,1,-1
freed,15,13,-2
new,163,84,-79
collision,7,4,-3
cache-,2,5,3
pagecache,2,5,3
error,646,430,-216
success,80,69,-11
pages,51,32,-19
-1,630,465,-165
cache_init,2,3,1
||,939,535,-404
member,41,18,-23
'str,48,25,-23
qapisemerror,7,1,-6
raise,50,30,-20
branches,11,6,-5
'alt,4,4,0
'one,5,6,1
'data,88,45,-43
key,97,54,-43
alternate,15,8,-7
'two,2,5,3
type,386,158,-228
'bool,18,12,-6
ca,120,112,-8
+=,518,247,-271
types_seen,1,2,1
'number,5,3,-2
distinguished,1,2,1
conflict,6,9,3
'alternate,13,3,-10
'one',2,2,0
qapi-schema,9,8,-1
qtype,11,7,-4
conflicting,9,1,-8
types,64,27,-37
scalar,2,7,5
be_drivers,1,1,0
qapi_enum_parse,6,4,-2
continue,174,102,-72
qapi/util.h,4,3,-1
strcmp,156,56,-100
desc,53,23,-30
error_report,241,176,-65
assert,502,340,-162
driver,90,53,-37
tpm,13,3,-10
register,163,66,-97
memcpy,114,62,-52
signature_offset,1,1,0
firmware,21,9,-12
signature_addr,1,1,0
low,23,10,-13
strlen,79,41,-38
uint8_t,387,225,-162
sprintf,23,9,-14
boot_sector,1,2,1
x,224,160,-64
i386,28,9,-19
0x09,12,9,-3
readb,6,7,1
q35,9,7,-2
signature_low,1,1,0
arch,29,20,-9
based,70,31,-39
g_str_equal,16,5,-11
feature,61,19,-42
code,278,114,-164
machine,127,64,-63
signature,22,9,-13
boot_sector_address,1,1,0
qtest_get_arch,14,5,-9
ppc64,17,8,-9
requires,66,44,-22
instead,83,48,-35
memory,221,129,-92
signature_high,1,1,0
sector,66,44,-22
open,105,104,-1
g_assert_not_reached,26,11,-15
512,114,105,-9
x86_64,15,10,-5
g_malloc0,96,76,-20
write,266,181,-85
forth,3,2,-1
x86,17,5,-12
bug,36,33,-3
system,93,44,-49
boot_code,1,1,0
sizeof,683,478,-205
disk,74,58,-16
boot,33,14,-19
script,11,10,-1
use,418,214,-204
high,26,11,-15
0x0a,10,4,-6
internal,41,28,-13
hypercalls,1,2,1
device,420,264,-156
handling,42,20,-22
blk,76,39,-37
functions,75,30,-45
crashes,1,8,7
pio_aiocb,1,1,0
temporary,23,17,-6
workaround,9,11,2
xxx,155,86,-69
remove,51,44,-7
handle,120,67,-53
blk_bs,23,14,-9
detect,21,21,0
elf,7,10,3
ph-,2,1,-1
portion,6,4,-2
packed,6,3,-3
spec,30,19,-11
loader,6,5,-1
done,149,94,-55
overlapping,6,6,0
mem_size,8,2,-6
filesz,1,1,0
honour,1,1,0
runtime,13,13,0
checking,38,23,-15
world,4,3,-1
explicitly,36,17,-19
physical,54,23,-31
address,252,93,-159
assume,36,23,-13
another,48,30,-18
flash,6,3,-3
whether,119,57,-62
j++,19,16,-3
somewhat,1,2,1
header,85,77,-8
try,115,89,-26
overlaps,9,11,2
purpose,104,67,-37
break,654,343,-311
invalid,237,155,-82
execution,44,15,-29
segment,25,8,-17
represents,6,4,-2
one,217,138,-79
specifies,18,11,-7
truncate,11,9,-2
p_memsz,1,2,1
elf_phdr,2,1,-1
files,66,47,-19
phdr,5,3,-2
loaded,24,14,-10
paddr,18,1,-17
file_size,3,6,3
segments,8,7,-1
considered,16,9,-7
reject,24,15,-9
j,54,31,-23
embedded,8,3,-5
later,201,121,-80
virtual,77,36,-41
even,153,119,-34
p_type,1,2,1
means,69,49,-20
like,84,47,-37
p_paddr,1,2,1
rom,40,20,-20
would,98,66,-32
common,54,28,-26
overlap,21,14,-7
end,189,116,-73
field,111,47,-64
file,396,283,-113
scheme,8,2,-6
n,216,110,-106
args_tmp,1,1,0
min,129,84,-45
array_size,86,55,-31
os.remove,9,7,-2
target_img,5,4,-1
0xffffffff,47,27,-20
overflow,17,54,37
infinite,6,6,0
loop,109,42,-67
goto,542,468,-74
obj,232,120,-112
dev,335,205,-130
typedef,298,152,-146
parent_class,15,3,-12
adapter_routes_max_batch,3,1,-2
fail,144,175,31
.class_size,17,6,-11
devicerealize,5,3,-2
oc,48,11,-37
flic,4,2,-2
max_batch,2,1,-1
object_class_check,14,4,-10
object_get_class,14,6,-8
klass,44,26,-18
adapter_routes_max_gsi,2,1,-1
property,90,33,-57
big,26,19,-7
s390flicstateclass,1,1,0
parent_realize,4,3,-1
inteliommustate,12,3,-9
guests,24,19,-5
vtd_get_long_raw,1,1,0
prix16,5,2,-3
inline,274,124,-150
entries,64,45,-19
iq,1,2,1
descriptors,20,12,-8
uint16_t,156,85,-71
vtd_queued_inv_enable_check,1,1,0
vtd_gsts_qies,1,1,0
iqa_val,1,1,0
away,27,21,-6
8,384,223,-161
dmar_gsts_reg,1,1,0
invalidation,6,3,-3
queued,9,6,-3
report,44,30,-14
iq_tail,1,1,0
0x,137,82,-55
tail,23,17,-6
2^,1,2,1
vtd_fsts_iqe,1,1,0
true,744,413,-331
windows,31,23,-8
known,31,16,-15
1ul,23,11,-12
vtd_set_clear_mask_long,1,1,0
iq_size,1,1,0
dmar_fsts_reg,1,1,0
qi_enabled,1,1,0
way,59,40,-19
x+8,1,1,0
vtd_iqa_qs,1,1,0
violation,6,2,-4
vtd_iqa_iqa_mask,1,1,0
kvm_enabled,94,32,-62
kvm_has_many_ioeventfds,1,1,0
object,322,174,-148
acpi_nvdimm_state.is_enabled,3,1,-2
missing,53,32,-21
'-m,1,1,0
object_dynamic_cast,29,27,-2
is_nvdimm,2,1,-1
local_err,153,118,-35
type_nvdimm,8,2,-6
nvdimm,30,3,-27
pcms-,26,9,-17
enabled,101,49,-52
'nvdimm,1,2,1
indicate,27,10,-17
toggle,3,1,-2
bit,187,115,-72
power,42,27,-15
|,661,380,-281
shutdown_cause_guest_shutdown,2,3,1
setting,60,31,-29
offset,319,243,-76
keeps,7,4,-3
request,108,91,-17
qemu_system_shutdown_request,5,7,2
manually,14,16,2
pmu,7,2,-5
sysemu/sysemu.h,23,10,-13
off\n,2,1,-1
interested,2,3,1
bootloader,3,4,1
qemu,330,178,-152
usually,11,10,-1
indicator_state,1,1,0
drc-,12,5,-7
caller,61,34,-27
--,331,182,-149
counted,1,1,0
drc,18,9,-9
least,48,36,-12
ds-,17,12,-5
f,182,116,-66
qemu_fclose,5,6,1
ib,1,5,4
minus,4,5,1
readable,9,6,-3
kib,13,20,7
unsigned,399,226,-173
log2,2,4,2
1000.0,2,2,0
ei,2,2,0
iec,2,2,0
returned,60,29,-31
1024,97,74,-23
us,64,43,-21
string,98,53,-45
1ull,61,30,-31
ti,10,7,-3
'm,14,8,-6
val/div,1,2,1
mi,2,1,-1
g,29,17,-12
exponent,1,3,2
suffixes,5,4,-1
pi,1,2,1
e,50,48,-2
responsible,7,8,1
integer,36,26,-10
see,296,139,-157
switch,301,146,-155
makes,42,23,-19
passing,8,5,-3
floor,2,4,2
mib,11,14,3
gives,14,10,-4
div,2,2,0
b,104,55,-49
k,48,27,-21
double,37,22,-15
human,6,3,-3
units,9,9,0
sb,3,4,1
binary,18,15,-3
higher,12,10,-2
part,45,33,-12
16,247,147,-100
psize,1,5,4
't,13,6,-7
priu64,30,17,-13
correction,1,3,2
ram_size,40,27,-13
addr,387,198,-189
addressspace,18,7,-11
cpu-,244,79,-165
big_endian,1,1,0
note,170,103,-67
//www.vmware.com/software/dosidle210.zip,1,1,0
idle,17,15,-2
problem,21,21,0
cycles,5,3,-2
needed,71,43,-28
//web.archive.org/web/20051222085335/http,1,1,0
utility,7,4,-3
//web.archive.org/web/20060212132151/http,1,1,0
url,9,5,-4
tool,3,7,4
http,86,65,-21
solve,4,1,-3
//www.user.cityline.ru/~maxamn/amnhltm.zip,1,1,0
2000,5,2,-3
takes,17,11,-6
install,26,11,-15
6,199,100,-99
diag,2,2,0
bl.max_transfer,5,4,-1
qemu_is_aligned,13,5,-8
block,204,134,-70
guarantees,4,3,-1
layer,29,15,-14
bl.request_alignment,7,3,-4
sanity,6,13,7
update,84,70,-14
cirrus,2,3,1
31,63,67,4
explicit,14,12,-2
5,214,110,-104
memset,137,110,-27
|=,414,185,-229
hardware,42,27,-15
cursor,6,3,-3
0x1f,49,26,-23
height,23,26,3
target_page_size,67,33,-34
nr,29,14,-15
test_and_clear_bit,2,1,-1
space,108,65,-43
within,46,22,-24
next,239,119,-120
rb-,1,4,3
dirty,46,26,-20
target_page_mask,65,11,-54
target_page_bits,36,14,-22
rs,22,14,-8
test_bit,20,6,-14
block-,26,14,-12
idstr,7,11,4
number,195,115,-80
bitmap,48,31,-17
ram_addr,12,9,-3
global,46,23,-23
clear_bit,10,2,-8
rs-,3,6,3
ram_addr_t,55,31,-24
d-,89,51,-38
saddr,13,11,-2
cleanup,24,21,-3
generate,47,30,-17
since,161,104,-57
illegal_op,16,12,-4
opc,19,5,-14
modrm+sib+ofs,1,1,0
prefix,45,19,-26
limit,103,52,-51
15,101,69,-32
decode,9,3,-6
14,64,26,-38
ir,12,10,-2
upper,26,7,-19
pc_start,11,7,-4
pc,157,65,-92
following,102,41,-61
25,18,12,-6
instruction,85,35,-50
imm,8,6,-2
illegal,11,18,7
limits,13,10,-3
want,87,39,-48
meanwhile,1,3,2
safely,10,12,2
regardless,11,8,-3
completion_bh,1,4,3
completion,26,20,-6
restart,13,12,-1
qemu_bh_cancel,2,4,2
someone,4,4,0
cancel,4,15,11
function,195,89,-106
anyway,25,18,-7
pool-,1,3,2
scheduled,10,7,-3
recursive,7,8,1
really,33,15,-18
early,21,13,-8
ended,3,3,0
avoid,103,75,-28
restore,32,17,-15
zero,108,73,-35
target,130,72,-58
r,164,132,-32
retaddr,21,4,-17
tb_find_pc,4,1,-3
cpu_restore_state,14,3,-11
likely,30,23,-7
fixed,30,29,-1
tb_lock,11,7,-4
attempting,4,5,1
though,27,12,-15
still,82,50,-32
previously,11,13,2
survived,1,1,0
blowing,1,1,0
forgotten,2,1,-1
kvm_set_signal_mask,2,1,-1
barrier,14,10,-4
sig_setmask,4,7,3
run-,8,3,-5
matching,18,14,-4
kvm_run,7,4,-3
dummy_signal,1,1,0
exit_request,14,13,-1
sigact.sa_handler,1,1,0
reads,35,20,-15
kvm_cpu_exec,1,1,0
current_cpu,6,8,2
kvm_check_extension,46,12,-34
sig,16,20,4
pthread_sigmask,2,3,1
cpustate,215,106,-109
smp_rmb,4,3,-1
smp_wmb,6,7,1
kvm_run-,4,3,-1
atomic_set,17,13,-4
read,260,168,-92
immediate_exit,1,6,5
input,72,32,-40
qmp,55,28,-27
parameter,51,39,-12
unexpected,23,23,0
'foo,6,7,1
usbdevice,15,7,-8
object_unref,22,30,8
msdstate,2,1,-1
unrealize,22,11,-11
bus,156,83,-73
uc-,7,4,-3
usb_msd_unrealize_bot,1,1,0
0x10000000,11,7,-4
noexec,2,1,-1
storage,19,19,0
vsid,10,4,-6
guarded,8,1,-7
srr1,1,3,2
violates,1,1,0
powerpccpu,37,24,-13
basic,18,4,-14
page_read,28,7,-21
permissions,17,9,-8
hpte64_r_n,3,1,-2
guard,9,5,-4
hpte64_r_g,3,1,-2
srr1_noexec_guard,1,1,0
no-execute,1,1,0
exec,8,7,-1
page_exec,22,6,-16
execute,52,22,-30
slb_vsid_n,2,1,-1
page_write,30,5,-25
take,64,26,-38
ppc_hash_pte64_t,6,6,0
protection,21,7,-14
access,154,49,-105
~pp_prot,1,2,1
bits,181,90,-91
prot,48,13,-35
pte,21,9,-12
pte.pte1,4,5,1
slb-,5,7,2
path,155,129,-26
o_rdonly,10,18,8
rpath,14,25,11
buffer,145,126,-19
stbuf,6,7,1
fstatfs,2,2,0
close_preserve_errno,1,21,20
statfs,3,5,2
vd-,23,16,-7
lsock_tag,1,1,0
led,2,2,0
errno,136,116,-20
oldpath-,1,2,1
v9fs_sm_mapped_file,2,10,8
ctx-,89,74,-15
openat_dir,1,7,6
local_mapped_attr_path,1,6,5
link,33,28,-5
o_nofollow,1,8,7
ctx,126,107,-19
virtfs_meta_dir,3,8,5
serrno,4,9,5
export_flags,6,12,6
gets,19,14,-5
ram,66,33,-33
older,16,12,-4
d=,1,1,0
probably,23,23,0
failure,52,69,17
sure,83,57,-26
clear,61,41,-20
cpu_to_be64,17,13,-4
equivalent,11,3,-8
combinations,7,6,-1
make,172,107,-65
possible,69,45,-24
detects,1,3,2
place,33,15,-18
mismatch,13,8,-5
never,79,58,-21
ensure,53,40,-13
potential,6,6,0
causes,16,13,-3
s=,7,3,-4
different,62,40,-22
summary,3,4,1
from_src_file,1,1,0
ramblock,16,9,-7
sending,17,21,4
test,229,127,-102
ramblocks,1,1,0
grain,1,2,1
whole,42,17,-25
dest,41,14,-27
migration,81,44,-37
getpagesize,9,14,5
need,264,154,-110
two,77,47,-30
qlist_foreach_rcu,4,1,-3
ram_pagesize_summary,1,1,0
qemu_get_be64,3,2,-1
fine,16,9,-7
postcopy,8,2,-6
needs,67,43,-24
prix64,75,49,-26
normal,24,28,4
sizes,13,13,0
ram_list.blocks,8,6,-2
nice,6,1,-5
fails,20,32,12
mis-,5,7,2
huge,10,13,3
particular,111,73,-38
complicated,4,4,0
performed,18,11,-7
vms,6,2,-4
dirtying,1,1,0
ifdef,336,134,-202
left,33,27,-6
0x8000000000000000ull,5,6,1
60,13,15,2
0x0000000000000001ull,4,1,-3
licensed,103,39,-64
0x0000000080000000ull,2,1,-1
lgpl,18,9,-9
lower,32,14,-18
2,962,513,-449
int32_t,87,48,-39
0x0200000000000000ull,1,1,0
128-bit,2,2,0
exesuf,62,19,-43
45,4,4,0
0x0000000000000000ull,4,2,-2
check-unit-y,18,5,-13
0x0000000008000000ull,3,1,-2
directory,123,66,-57
qemu/host-utils.h,6,2,-4
64-bit,35,17,-18
126,4,4,0
0x0000000000000004ull,2,1,-1
gnu,167,96,-71
0x0008000000000000ull,2,1,-1
0x0000080000000000ull,2,1,-1
63,36,38,2
0x4000000000000000ull,2,4,2
0x0000000000000080ull,1,1,0
stored,40,11,-29
0x0000000000000100ull,1,1,0
terms,167,90,-77
-2,14,13,-1
124,6,3,-3
top-level,104,41,-63
copying.lib,18,9,-9
80,7,7,0
shift,34,34,0
0x0000000000010000ull,3,1,-2
words,14,7,-7
0x0000000000000008ull,1,1,0
0x1ull,9,7,-2
0x0000000000000010ull,2,1,-1
outside,28,13,-15
test_data,3,5,2
127,10,12,2
200,4,5,1
result,135,97,-38
mod,9,3,-6
pointers,15,5,-10
64,149,90,-59
128,68,39,-29
shifted,2,5,3
72,5,7,2
test-util-obj-y,8,5,-3
32,237,128,-109
int32_max,5,10,5
0x0800000000000000ull,1,1,0
0x0400000000000000ull,2,1,-1
qemu/osdep.h,55,23,-32
zero-extended,1,1,0
0x0000200000000000ull,2,1,-1
variables,15,8,-7
input/output,8,17,9
0x0080000000000000ull,2,1,-1
range,69,47,-22
0x0000000000000002ull,2,1,-1
pattern,18,16,-2
strtoul,14,7,-7
0xff,131,51,-80
int_max,40,29,-11
count,136,83,-53
res,65,62,-3
optarg,44,22,-22
depth,19,20,1
qemu_strtoul,5,2,-3
max_req,3,1,-2
log,38,30,-8
exp-,6,8,2
dev-,172,129,-43
exp,11,6,-5
error_report_err,26,26,0
clip,1,2,1
pci_dev,31,29,-2
pcidevice,67,53,-14
aer_cap,1,1,0
aer,1,1,0
qapi/error.h,38,24,-14
usage,37,16,-21
0xffff,68,28,-40
rc,65,56,-9
res-,14,16,2
iov,38,49,11
cmd-,31,23,-8
handle_ioreq,2,2,0
ioreq_t,2,2,0
mmio,24,15,-9
bad,43,36,-7
req-,41,46,5
xen_rmb,4,1,-3
uint32_t,658,338,-320
hw_error,26,22,-4
copy,144,108,-36
pio,5,9,4
req,53,49,-4
debug_tb_check,1,1,0
debug_tb_flush,1,1,0
//,99,42,-57
debug_tb_invalidate,1,1,0
mhz,2,2,0
qs,6,6,0
terminates,7,2,-5
application,8,6,-2
encountered,5,5,0
rcu_read_unlock,6,5,-1
rcu_read_lock,7,4,-3
qemu/rcu.h,2,1,-1
cpu_foreach,16,8,-8
re-synchronize,1,1,0
initial,29,12,-17
disable,73,36,-37
ev,6,7,1
count++,8,7,-1
added,50,22,-28
event,148,98,-50
properly,26,17,-9
point,75,29,-46
binaries,5,3,-2
vcpu,23,18,-5
generic,35,31,-4
...,186,98,-88
dynamic,12,11,-1
realized,36,14,-22
abort,110,71,-39
fully,18,7,-11
changed,51,25,-26
preconditions,1,1,0
states,19,7,-12
called,123,60,-63
wo,21,19,-2
latest,5,3,-2
vcpus,7,12,5
id,221,124,-97
hot-plugged,1,3,2
re-enable,5,5,0
created,63,56,-7
e.g.,8,5,-3
rx,11,12,1
smaller,21,24,3
vdev,91,67,-24
queue,61,29,-32
virtqueue_max_size,3,3,0
virtionet,9,8,-1
ring,13,13,0
net_conf.rx_queue_size,1,1,0
virtio,28,13,-15
define_prop_uint16,2,5,3
priu16,6,5,-1
queues,17,9,-8
guest,245,140,-105
virtio_cleanup,2,7,5
always,147,80,-67
n-,25,22,-3
index,159,82,-77
256,66,48,-18
virtio_add_queue,7,3,-4
vqs,2,3,1
bus-,42,36,-6
.instance_finalize,12,9,-3
dummy_bus,1,1,0
dummybus,1,1,0
dummy_dev,1,1,0
dummydev,1,1,0
backend,54,34,-20
feature_not_found,18,4,-14
duplicate,25,7,-18
format,133,71,-62
copyright,215,119,-96
echo,173,123,-50
cond,29,10,-19
trace_event_get_state,3,4,1
config_host_mak,47,23,-24
coding,2,2,0
option,195,112,-83
trace,11,24,13
systems,23,11,-12
available,87,55,-32
events,63,43,-20
main,147,56,-91
.join,3,4,1
tmpc,49,29,-20
restricted,3,4,1
stefanha,7,9,2
tagged,2,1,-1
rate,15,9,-6
compliant,2,2,0
already,155,83,-72
redhat.com,75,42,-33
paul,1,2,1
===,34,37,3
specifying,5,3,-2
limiting,5,5,0
level,112,50,-62
sends,12,8,-4
public,97,61,-36
built-in,10,6,-4
generated,41,24,-17
eof,69,43,-26
configure,21,16,-5
facility,10,4,-6
consecutive,5,3,-2
hajnoczi,7,9,2
stefan,9,9,0
fmt,80,36,-44
posix,10,6,-4
utf-8,7,2,-5
opened,20,16,-4
restriction,36,15,-21
apply,3,9,6
python,16,17,1
gpl,86,32,-54
import,18,19,1
2016,32,12,-20
logged,1,4,3
pid,19,25,6
may,198,123,-75
cat,60,29,-31
def,99,55,-44
checked,19,16,-3
inc.,105,55,-50
squash,1,2,1
/usr/bin/env,9,8,-1
api,22,17,-5
s390x,11,5,-6
max_model.features,1,1,0
perform,20,13,-7
fixme,123,86,-37
tcg,47,24,-23
generation,21,10,-11
gen,10,7,-3
compatibility,41,22,-19
bitmap_empty,4,2,-2
bitmap_andnot,3,1,-2
configured,27,10,-17
s390_feat_local_tlb_clearing,1,1,0
kvm,116,45,-71
opaque,469,237,-232
s390cpu,36,11,-25
features,111,26,-85
error_prepend,6,5,-1
s390_cpu_defs,2,2,0
model,96,39,-57
model-,7,2,-5
stuff,7,3,-4
s390_cpu,10,5,-5
s390_feat_idte_segment,1,1,0
maximum,72,33,-39
ifndef,189,77,-112
z900,2,2,0
cs,127,61,-66
requested,50,37,-13
memcmp,30,23,-7
cached,10,8,-2
s390_feat_long_displacement_fast,1,1,0
bitmap_copy,2,4,2
warning,73,35,-38
vary,3,1,-2
supported,173,91,-82
selected,10,5,-5
properties,34,8,-26
cpu_id,1,3,2
s390_feat_def,2,1,-1
s390_feat_long_displacement,1,1,0
qemu/error-report.h,39,26,-13
applied,9,3,-6
s\,30,23,-7
s390featbitmap,4,2,-2
configuration,43,21,-22
stdip/stfl,1,1,0
models,17,6,-11
s390_feat_max,4,2,-2
s390_feat_bitmap_to_ascii,1,1,0
def-,25,13,-12
vhost_ops-,6,6,0
vhost_ops,4,5,1
vtd_irte,1,1,0
irq,120,33,-87
msimessage,9,3,-6
vtdirq,1,1,0
irte,3,1,-2
msr_dr,7,3,-4
combination,12,4,-8
userspace,12,12,0
setup,35,24,-11
server,68,50,-18
insns_flags,17,4,-13
msr_hv,1,4,3
architecture,34,19,-15
base,178,65,-113
kernel,97,69,-28
appears,3,4,1
supports,63,23,-40
real,68,40,-28
implementations,8,3,-5
msr_pr,8,5,-3
independent,5,6,1
ignore,49,39,-10
3,483,261,-222
thing,14,10,-4
however,61,35,-26
enforce,9,7,-2
dr,9,7,-2
msr_ir,6,3,-3
encoding,17,15,-2
mode,200,116,-84
ppc_64b,7,4,-3
treat,27,18,-9
processors,4,3,-1
7,186,98,-88
32-bit,53,10,-43
weird,1,4,3
translation,51,15,-36
hv,5,16,11
threads,35,15,-20
object_child_foreach,6,8,2
nr_threads,8,3,-5
cc-,35,10,-25
sc-,19,9,-10
child,46,24,-22
ifa-,2,1,-1
nlmsg_len,1,1,0
tswap16,5,3,-2
ifa,1,1,0
nlh,1,1,0
nlh-,1,1,0
nlmsg_data,1,1,0
tswap32,9,7,-2
tmpo,5,7,2
foo,19,17,-2
/dev/null,55,31,-24
-q,11,6,-5
pos,21,21,0
last,71,57,-14
qemu_bh_schedule,21,20,-1
conventional,3,2,-1
specific,69,29,-40
directly,44,22,-22
override,40,6,-34
attached,26,8,-18
walking,7,1,-6
legacy,34,13,-21
including,56,30,-26
exactly,14,16,2
getting,10,7,-3
proxy,12,12,0
pci_requester_id,1,1,0
change,107,41,-66
chap,2,2,0
pci_dev-,17,16,-1
bridge,23,17,-6
several,17,11,-6
enum,98,52,-46
2.3,3,4,1
parent_dev,4,4,0
.type,82,32,-50
pass,59,29,-30
devfn,27,19,-8
root,62,25,-37
exit,310,205,-105
default,399,207,-192
required,77,42,-35
parent,60,32,-28
bridges,3,4,1
pci,86,39,-47
recognized,2,2,0
zeroed,4,4,0
every,30,21,-9
connects,2,3,1
full,45,33,-12
devices,107,42,-65
pcie,7,5,-2
requester,1,2,1
pci_is_express,5,2,-3
obtain,8,1,-7
secondary,28,13,-15
bus_n,1,1,0
parse,45,23,-22
pci_bus_is_root,3,3,0
tree,23,13,-10
invoke,10,4,-6
error_printf,11,5,-6
msi,14,20,6
might,55,34,-21
topology,6,5,-1
buses,4,5,1
upstream,2,4,2
meaningless,4,1,-3
pci_bus_num,7,6,-1
complex,16,3,-13
sentinel,3,1,-2
assumes,16,13,-3
g_test_add_func,35,11,-24
freelist,2,1,-1
marks,4,3,-1
crash,6,23,17
coroutine,30,21,-9
skip,33,27,-6
drck,7,2,-5
spapr_dr_connector_get_class,7,3,-4
hotpluggable,13,5,-8
lmbs,2,2,0
spapr_dr_connector_type_lmb,3,3,0
create,108,99,-9
hotplug_memory.mr,2,2,0
0x00000020,5,2,-3
hotplug,30,12,-18
reserved,67,34,-33
lmb,1,1,0
node,84,34,-50
marked,14,15,1
spaprdrconnectorclass,7,2,-5
drck-,11,3,-8
hotplug_memory.base,2,2,0
machine-,33,17,-16
assigned,12,6,-6
memory_region_size,16,8,-8
rma,2,6,4
ibm,47,36,-11
get_index,3,3,0
flag,79,44,-35
cpu_to_be32,22,13,-9
spapr-,34,26,-8
information,61,27,-34
region,76,21,-55
memory_region_present,1,2,1
get_system_memory,21,7,-14
spaprdrconnector,8,4,-4
maxram_size,7,4,-3
gap,3,5,2
0x00000080,5,4,-1
defines,24,7,-17
msg,51,34,-17
__va_args__,29,12,-17
tp,8,3,-5
replay_mode_none,10,1,-9
replay_mode,17,2,-15
events_enabled,2,1,-1
aml_append,21,4,-17
conflicts,8,5,-3
irqs,31,8,-23
unused,44,30,-14
rewrite,12,5,-7
ep,8,18,10
usbredirdevice,1,1,0
previous,32,23,-9
phb-,7,5,-2
config_addr,1,5,4
icp,9,9,0
first_irq,1,3,2
msis,1,3,2
g_hash_table_lookup,5,3,-2
release,31,18,-13
num,53,32,-21
g_hash_table_remove,6,2,-4
null-initialized,1,4,3
uninitialized,1,12,11
cpux86state,44,13,-31
cpu_synchronize_state,13,12,-1
hwaddr,142,57,-85
x86cpu,47,8,-39
rom_paddr,1,1,0
x86_cpu,19,5,-14
target_x86_64,13,5,-8
qemu_packed,25,12,-13
target_mips,14,2,-12
u32,5,4,-1
abi_ulong,38,21,-17
target_mips64,9,5,-4
u64,8,6,-2
target_arm,13,2,-11
tag,49,38,-11
virtio_9p,1,1,0
virtio_9p_device_unrealize,1,1,0
virtiodevice,27,25,-2
v9fsstate,15,4,-11
vdc-,8,10,2
virtio_device,7,11,4
virtio-9p,5,1,-4
ctx.fs_root,4,3,-1
unregister_savevm,2,10,8
devicestate,133,59,-74
x-data-plane,2,1,-1
dataplane,3,3,0
error_abort,88,58,-30
object_initialize,20,1,-19
virtioblock,5,4,-1
internal_iothread_obj,1,1,0
specified,126,51,-75
define_prop_bit,13,3,-10
iothread,22,10,-12
none,102,55,-47
incompatible,8,10,2
per-device,2,2,0
type_iothread,5,2,-3
user_creatable_complete,2,2,0
removed,36,15,-21
conf-,17,10,-7
drop,34,23,-11
invocations,1,2,1
virtiopciclass,1,1,0
virtiopciproxy,12,10,-2
pci_config_size,2,3,1
proxy-,18,10,-8
virtio_pci_class,1,1,0
qdev,49,37,-12
future,37,18,-19
pci_bus_is_express,7,2,-5
flags,299,147,-152
cap_present,5,3,-2
~qemu_pci_cap_express,1,1,0
pci_config_space_size,6,6,0
virtio_pci,3,2,-1
virtio_pci_flag_disable_modern,1,2,1
errors,66,48,-18
timeout,44,19,-25
pfd,10,5,-5
g_poll,11,2,-9
ignored,36,31,-5
eintr,34,22,-12
qapi_free_blockinfolist,1,2,1
head,47,26,-21
__clang__,1,1,0
-dm,2,1,-1
-e,34,20,-14
debug,38,23,-15
grep,24,13,-11
cxx,3,1,-2
clang,5,5,0
elif,85,44,-41
glibc,5,7,2
members,35,15,-20
likewise,1,3,2
optional=false,10,3,-7
'int,35,27,-8
success_response=true,3,2,-1
obj-oops-arg,2,2,0
union,51,21,-30
reserve,9,13,4
given,85,39,-46
optional=true,2,3,1
'oops,7,3,-4
'command,34,10,-24
'unionkind,1,1,0
'union,20,12,-8
'q_,1,4,3
unix,26,13,-13
implicit,10,9,-1
command,148,77,-71
'unix,2,4,2
'kind',3,4,1
declare,1,5,4
str,94,61,-33
optional,68,29,-39
attempts,7,7,0
'struct,30,12,-18
compile,15,12,-3
oops,3,2,-1
collisions,5,3,-2
'base,21,11,-10
entity,1,5,4
parses,6,2,-4
names,41,17,-24
tests/qapi-schema/enum-union-clash.json:2,1,1,0
c_name,19,11,-8
empty,65,49,-16
word,25,10,-15
'enum,24,14,-10
gen=true,3,2,-1
munge,4,4,0
qapi,20,14,-6
expected,35,32,-3
blocksize,5,3,-2
nkey,3,5,2
ctxt-,3,2,-1
niv,2,4,2
g_new0,72,48,-24
iv,10,5,-5
cipher-,2,2,0
aes_block_size,1,2,1
prop-,18,10,-8
visit_type_str,11,8,-3
error_propagate,109,57,-52
v,141,87,-54
qemu_open,5,5,0
o_trunc,3,4,1
o_binary,6,6,0
o_rdwr,6,9,3
o_creat,9,9,0
o_wronly,6,10,4
filename,128,93,-35
blk_unref,6,8,2
client-,19,18,-1
closing,2,6,4
blk_remove_aio_context_notifier,1,1,0
blocked,11,6,-5
closed,9,7,-2
qemu_mutex_lock_iothread,20,18,-2
qemu_mutex_unlock_iothread,21,18,-3
0xf0000000,10,1,-9
int128_get64,14,5,-9
xc_gnttab_open,3,1,-2
param,24,9,-15
xs_daemon_open,3,1,-2
evtchn_port_t,1,1,0
hw/pci/pci.h,6,2,-4
26,20,11,-9
enable,84,50,-34
xenmapspace_gmfn,2,1,-1
offset_within_address_space,12,5,-7
xen_pfn_t,5,3,-2
xen_ctrl_version,1,1,0
xc_interface,3,2,-1
hvm_max_vcpus,1,1,0
xen=yes,3,1,-2
start_addr,13,14,1
stderr,258,205,-53
xc,5,1,-4
ctrl,18,9,-9
xen,18,6,-12
xc_interface_open,2,1,-1
xc_hvm_inject_msi,1,1,0
xen_libs,3,1,-2
section,60,30,-30
xenctrl.h,3,1,-2
hvmmem_ram_ro,2,1,-1
fprintf,266,208,-58
memoryregionsection,22,8,-14
pci_func,11,5,-6
xenxc,3,2,-1
xc_hvm_set_mem_type,2,1,-1
0x00000000,23,13,-10
config_xen_ctrl_interface_version,4,2,-2
xen/hvm/hvm_info_table.h,1,1,0
domid_t,1,1,0
dom,6,4,-2
end_addr,4,8,4
pci_slot,18,8,-10
section-,24,10,-14
4.5,2,1,-1
stdint.h,18,6,-12
xc_domain_add_to_physmap,2,1,-1
.error_set,1,1,0
error_setg_win32,3,3,0
gcc_fmt_attr,19,7,-12
errorsetfunc,1,2,1
error_set,53,23,-30
errorclass,1,2,1
error_set_win32,1,1,0
.errp,2,2,0
ap,26,17,-9
error_class_generic_error,10,4,-6
.err_class,1,2,1
_win32,33,20,-13
err_class,2,3,1
tray_open,5,4,-1
described,11,6,-5
l,62,47,-15
total,30,22,-8
bm-,13,4,-9
ops-,28,18,-10
ahci_dma_prepare_buf,1,2,1
remaining,22,14,-8
cur_prd_addr,1,1,0
ahci_populate_sglist,1,5,4
contain,36,19,-17
sum,12,9,-3
prepare,14,7,-7
dma,36,26,-10
prdtl,2,1,-1
ncq_tfs-,3,5,2
consume,8,5,-3
ad,3,8,5
add,119,69,-50
successfully,21,13,-8
prepared,2,2,0
many,49,33,-16
is_write,55,20,-35
sglist,1,7,6
io_buffer_offset,1,4,3
dma-,3,5,2
sg,22,10,-12
type_ptr,1,1,0
struct_entries,1,1,0
qbus-,5,6,1
device_plugged,3,2,-1
klass-,11,3,-8
virtio_ccw_device_plugged,1,1,0
dev.config,12,4,-8
atomic_mb_set,8,5,-3
bounce.buffer,2,4,2
in_use,3,4,1
atomic_xchg,2,4,2
muldiv64,7,8,1
ticks_per_sec,7,5,-2
supplied,8,1,-7
multiply,1,2,1
exceed,10,9,-1
64-bits,1,2,1
intermediate,12,6,-6
get_ticks_per_sec,10,8,-2
typically,12,6,-6
scale,7,3,-4
30,35,19,-16
20,76,46,-30
anonymous,15,7,-8
child-,15,8,-7
control,83,28,-55
three,9,5,-4
merged,3,1,-2
cleared,21,16,-5
blockdriverstate,223,100,-123
bitmap-,6,4,-2
replace,15,6,-9
present,71,34,-37
delete,15,12,-3
bdrv_release_dirty_bitmap,3,2,-1
freeze,3,3,0
r/w,6,4,-2
operation,66,42,-24
parent-,5,6,1
bs,367,251,-116
deleted,20,17,-3
wish,4,3,-1
longer,23,13,-10
cases,54,39,-15
relinquish,1,2,1
re-enabled,1,2,1
currently,102,59,-43
destined,1,1,0
bdrv_dirty_bitmap_frozen,1,1,0
genericerror,12,3,-9
bm,9,7,-2
bdrvdirtybitmap,8,4,-4
granularity,24,5,-19
disabled,64,24,-40
merging,2,2,0
bdrv_create_dirty_bitmap,2,2,0
bdrv_dirty_bitmap_granularity,2,1,-1
yield,14,8,-6
extract64,9,3,-6
results,19,17,-2
calculate,23,16,-7
mul,3,5,2
t1,36,21,-15
^,51,35,-16
t2,12,12,0
r2,18,7,-11
r1,27,14,-13
t3,5,4,-1
hand,6,4,-2
compare,32,13,-19
less,27,27,0
give,23,9,-14
kernel_irqchip,1,3,2
unavailable,8,3,-5
nr_servers,2,4,2
in-kernel,6,6,0
object_unparent,16,13,-3
nr_irqs,4,6,2
object_property_set_bool,32,10,-22
perror,8,10,2
error_get_pretty,23,18,-5
qdev_init,8,15,7
vram_size,4,5,1
mb,27,18,-9
qxl-,9,17,8
round,21,8,-13
nearest,4,2,-2
derive,1,2,1
can't,2,2,0
realloc,2,10,8
allocation,29,30,1
mem,28,19,-9
conditions,44,22,-22
adding,18,5,-13
afm_free,1,2,1
glib,10,11,1
malloc,14,21,7
g_try_malloc0,2,12,10
g_realloc,9,17,8
actually,55,39,-16
__coverity_mark_as_afm_freed__,1,1,0
sz,10,9,-1
free,169,165,-4
trivially,2,1,-1
initialized,24,25,1
beyond,19,20,1
primitives,2,3,1
calloc,4,2,-2
g_malloc,64,77,13
g_try_realloc,2,3,1
__coverity_mark_as_afm_allocated__,1,2,1
check_privileged,3,6,3
iovec,28,29,1
guestfwd,1,3,2
g_new,42,43,1
vec,9,9,0
g_renew,9,10,1
printf,112,53,-59
flush,62,35,-27
.argmax,1,1,0
fflush,6,3,-3
invokes,2,3,1
argc,56,25,-31
non-numeric,1,2,1
.flags,23,13,-10
streams,2,1,-1
argv,66,35,-31
stdout,13,2,-11
cmdinfo_t,1,3,2
.cfunc,1,2,1
necessarily,7,3,-4
argument,50,32,-18
cmd_nofile_ok,2,2,0
example,55,29,-26
.oneline,1,2,1
.help,42,29,-13
.name,215,89,-126
latter,5,7,2
cvtnum,1,2,1
signal,44,26,-18
.argmin,1,1,0
qemuio_add_command,1,1,0
flushed,15,4,-11
mandatory,16,2,-14
.args,4,3,-1
although,10,7,-3
kill,9,11,2
sigterm,3,4,1
__function__,11,5,-6
__func__,75,56,-19
ahci,8,16,8
port,95,58,-37
hbitmap,1,2,1
nalloc,1,4,3
levels,9,3,-6
hb,1,2,1
qiov-,12,20,8
isa_pic,3,1,-2
cpu_reset_interrupt,4,1,-3
cpu_interrupt_hard,15,2,-13
apic_update_irq,2,1,-1
busdev.qdev,5,2,-3
pic_get_output,2,1,-1
apic_accept_pic_intr,3,1,-2
sigjmp_buf,1,2,1
bdrv_fix_errors,6,3,-3
qcow2_check,2,1,-1
bdrv_fix_leaks,1,3,2
unnamed-gpio-out,1,1,0
pins,3,1,-2
++i,51,43,-8
object_property_allow_set_link,2,3,1
propname,1,2,1
type_irq,1,1,0
obj_prop_link_unref_on_release,7,2,-5
object_property_add_link,10,1,-9
file=,21,8,-13
-net,5,4,-1
-device,25,11,-14
-drive,27,14,-13
-display,6,2,-4
data-,36,27,-9
g_strcmp0,1,3,2
args,81,52,-29
if=none,14,8,-6
params,28,15,-13
ide-hd,5,3,-2
define_virtio_9p_properties,1,1,0
error_free,54,43,-11
watchpoint_hit,2,1,-1
type\n,1,3,2
msr_de,2,1,-1
-enosys,23,10,-13
-eexist,2,3,1
cenv,7,4,-3
design,2,4,2
booke,6,2,-4
-enoent,14,12,-2
book3s,2,1,-1
achieve,7,4,-3
share,8,5,-3
supporting,8,6,-2
initializing,6,8,2
bp_mem_write,1,2,1
cs-,76,35,-41
enable/disable,9,2,-7
watchpoint,5,3,-2
bp_mem_read,3,2,-1
array,48,24,-24
cenv-,5,3,-2
configurations,6,2,-4
cpu_abort,25,12,-13
singlestep_enabled,16,4,-12
e500,2,1,-1
sufficient,15,5,-10
.addr,13,11,-2
target_ulong,147,74,-73
emulating,6,3,-3
breakpoint,12,4,-8
n++,19,9,-10
resource,8,6,-2
cpuwatchpoint,5,1,-4
resources,13,5,-8
exception,112,40,-72
cpuppcstate,55,30,-25
kvm_find_sw_breakpoint,1,2,1
unsupported,61,24,-37
priority,27,7,-20
excp_model,7,6,-1
pc_alloc_uninit,3,1,-2
guest_malloc,1,2,1
list-,10,7,-3
m-,14,12,-2
total_sectors,28,31,3
iscsilun-,23,16,-7
sector_lun2qemu,9,2,-7
bitmap_new,9,8,-1
iscsilun,17,14,-3
num_blocks,3,5,2
cr0,2,2,0
ppc,19,5,-14
crf,1,4,3
odd,12,8,-4
positive,19,10,-9
situation,5,9,4
target_ppc,14,4,-10
short,28,25,-3
p2,5,4,-1
earlier,6,11,5
terminate,9,8,-1
sign,8,9,1
worry,3,3,0
get_errno,16,7,-9
snprintf,96,37,-59
wrote,15,26,11
nul,3,2,-1
mapping,44,13,-31
temp,8,15,7
arg3,27,14,-13
magic,37,14,-23
-target_einval,3,14,11
logic,16,6,-10
h,57,36,-21
line_offset,2,7,5
vga-,2,3,1
vbe_size,1,3,2
dangerous,2,4,2
assumed,12,7,-5
extensions,24,11,-13
aio_read,3,3,0
parts,8,11,3
related,13,7,-6
discard,26,19,-7
recommended,10,6,-4
along,72,52,-20
placed,5,4,-1
regression,2,4,2
rely,12,12,0
details,85,59,-26
correct,60,25,-35
keyboard,7,2,-5
randomly,2,3,1
image,168,159,-9
redistribute,69,51,-18
calls,35,22,-13
accepts,11,3,-8
package,11,4,-7
internally,10,3,-7
rarely,5,2,-3
bitmasks,1,2,1
published,72,51,-21
license,78,55,-23
specification,24,6,-18
describe,4,5,1
max/min,1,1,0
submodules,1,5,4
7.,4,1,-3
3.,16,3,-13
rules,18,3,-15
foundation,70,51,-19
e.g,39,22,-17
lists,6,8,2
//www.gnu.org/licenses/,61,48,-13
description,27,11,-16
chapter,4,2,-2
warranty,95,63,-32
generates,9,5,-4
analysis,1,2,1
overall,4,3,-1
l1/l2,1,5,4
via,76,48,-28
finish,18,15,-3
overwritten,5,5,0
============,1,1,0
software,112,77,-35
executed,27,17,-10
equality,1,2,1
snapshots,15,14,-1
integers,4,6,2
elements,16,10,-6
call,122,80,-42
strings,14,21,7
etc,24,10,-14
element,17,10,-7
otherwise,136,74,-62
inject,12,6,-6
catch,16,11,-5
executes,4,3,-1
received,91,73,-18
potentially,9,6,-3
commands,40,23,-17
generator,5,8,3
automatically,26,13,-13
tables,23,20,-3
boundary,24,6,-18
inner,1,2,1
2014,23,12,-11
interfaces,13,3,-10
pool,15,10,-5
5.,5,2,-3
subset,7,6,-1
variable,30,12,-18
general,93,58,-35
accept,24,21,-3
structure,28,26,-2
defining,7,3,-4
actions,6,5,-1
unsafe,9,5,-4
program,70,52,-18
cluster,61,57,-4
'qcow2,9,3,-6
6.,4,2,-2
environment,38,32,-6
module,19,16,-3
far,15,12,-3
l1_table_offset,9,15,6
per,46,32,-14
and/or,109,67,-42
4.,7,3,-4
qcow2,50,46,-4
tests,53,41,-12
universal,1,2,1
template,5,3,-2
random,10,14,4
contains,43,18,-25
scratch,4,5,1
test_img,71,88,17
interruption,1,1,0
group,44,17,-27
creation,15,9,-6
behavior,13,13,0
requirements,5,3,-2
able,35,25,-10
qemu-img,27,21,-6
parameters,36,29,-7
writes,52,25,-27
-c,60,80,20
creates,10,11,1
hope,74,54,-20
action,48,28,-20
img,7,4,-3
ones,9,13,4
modify,123,68,-55
..,54,27,-27
implied,98,64,-34
vector,39,24,-15
providing,8,4,-4
useful,88,66,-22
qemu-io,22,32,10
working,14,7,-7
logs,8,2,-6
2.,31,12,-19
corrupted,7,9,2
provide,42,18,-24
retrieved,1,2,1
containing,21,5,-16
form,17,11,-6
please,26,23,-3
aio_write,4,3,-1
runner,1,1,0
images,38,36,-2
single,79,22,-57
seed,3,3,0
fitness,95,63,-32
core,42,18,-24
symbols,2,4,2
reference,34,31,-3
entire,12,9,-3
distributed,67,52,-15
merchantability,95,63,-32
convert,35,21,-14
exists,42,15,-27
select,30,13,-17
interactions,2,2,0
aliases,10,5,-5
constraints,7,5,-2
json,20,9,-11
indicates,29,16,-13
installed,8,5,-3
1.,23,10,-13
interpretation,2,2,0
external,17,13,-4
position,16,8,-8
qemu_blockalign,6,19,13
buf,231,173,-58
waiocb-,2,2,0
qemu_try_blockalign,3,14,11
refcount_table_clusters,3,4,1
cluster_bits,18,18,0
validate,10,9,-1
uint8,2,1,-1
implementation,48,29,-19
0x10000,22,14,-8
todo,163,73,-90
0x100000000,1,2,1
uint64,5,3,-2
reduce,4,2,-2
except,49,31,-18
refcount_table_offset,5,9,4
0x100,23,17,-6
interval,7,7,0
zip,1,1,0
truncated,7,7,0
rng,4,3,-1
implicitly,8,3,-5
functionality,7,7,0
valueerror,1,3,2
equal,24,11,-13
257,2,2,0
provides,19,8,-11
produces,6,4,-2
constraint,2,1,-1
0x1000000,9,4,-5
0x10,66,25,-41
0x1000,32,18,-14
decimal,8,5,-3
0xffffffffffffffff,1,1,0
lambda,3,2,-1
intelligent,1,2,1
crypt_method,3,3,0
positions,4,2,-2
129,3,2,-1
table,132,90,-42
orders,2,1,-1
refcount,30,40,10
uint32,2,3,1
uniformity,1,1,0
crypt,2,1,-1
prevent,24,19,-5
replaces,6,3,-3
9,107,65,-42
represented,7,2,-5
compatible,29,11,-18
significant,7,4,-3
l1_size,12,22,10
clusters,24,39,15
backing_file_offset,3,5,2
depending,20,11,-9
backing_file_size,2,4,2
l1,32,32,0
selector,14,9,-5
intervals,1,2,1
selection,5,3,-2
08x,23,25,2
z,22,13,-9
tuple,1,5,4
included,47,22,-25
ranges,13,10,-3
selects,3,3,0
decreasing,1,1,0
vectors,14,15,1
pick,11,9,-2
2.4,5,5,0
auxiliary,3,1,-2
incompatible_features,5,9,4
compatible_features,5,3,-2
q,36,32,-4
snapshots_offset,2,6,4
nb_snapshots,4,8,4
mask,125,77,-48
0x100000,10,9,-1
failed\n,20,17,-3
destroy,12,2,-10
aio,34,16,-18
context,33,37,4
dstpitch,2,2,0
bltheight,2,1,-1
srcpitch,2,2,0
memdev,4,2,-2
seg,4,1,-3
memory_region_is_mapped,5,5,0
object_get_canonical_path_component,10,2,-8
-numa,6,2,-4
times,18,14,-4
aiocontext,59,25,-34
bdrv_get_aio_context,40,22,-18
aio_context_acquire,27,11,-16
aio_context_release,26,13,-13
create_options,3,1,-2
new_console,1,1,0
object_property_set_link,5,1,-4
displaystate,9,6,-3
ds,30,27,-3
text_console,1,1,0
qemuconsole,5,3,-2
consoles,1,4,3
object_property_set_int,17,6,-11
text_console_fixed_size,1,1,0
console_type,1,2,1
pirq,2,1,-1
mapped,41,13,-28
msix-,1,7,6
stopping,6,8,2
response,39,29,-10
arglen,1,1,0
root-,4,2,-2
vmstate_validate,3,3,0
version_id,50,22,-28
0xffff0000,9,2,-7
string.h,19,10,-9
strerror,72,46,-26
socket,60,41,-19
socket\n,1,1,0
socket_error,4,4,0
slave_fd,2,3,1
master_fd,2,3,1
g_signal_connect,3,1,-2
gpointer,20,6,-14
chan,4,2,-2
g_io_channel_unix_new,2,2,0
guint,11,4,-7
gboolean,21,7,-14
user_data,8,5,-3
commit,34,34,0
g_io_add_watch,3,1,-2
vc-,19,11,-8
vte_check_version,2,1,-1
virtualconsole,2,4,2
qemu_chr_be_write,3,1,-2
chr,69,43,-26
config_vte,1,1,0
g_io_in,21,5,-16
vc,24,11,-13
g_callback,3,1,-2
pty,8,3,-5
text,15,4,-11
ssize_t,48,37,-11
giochannel,4,2,-2
terminal,7,1,-6
giocondition,8,2,-6
pathname,8,3,-5
base-,5,6,1
_filter_testdir,17,38,21
extents,4,4,0
bdrv_sector_size,72,52,-20
_filter_qemu_io,30,60,30
extent,5,8,3
catalog_size,1,11,10
catalog,1,7,6
is_power_of_2,18,4,-14
poke_file,14,40,26
qemu_io,41,62,21
small,28,25,-3
\xff\xff\xff\xff,4,10,6
4k,19,10,-9
open',3,21,18
'help,12,29,17
_use_sample_img,3,16,13
cluster_size=512,2,2,0
-f,68,40,-28
_make_test_img,35,44,9
qemu_img,28,30,2
'test_dir/t.imgfmt,44,49,5
64m,18,33,15
rm,58,44,-14
-s,27,17,-10
fmt=imgfmt,41,50,9
size=67108864,18,32,14
_cleanup_test_img,21,24,3
formatting,44,53,9
qcow2_snapshot_load_tmp,1,1,0
snapshot,29,22,-7
sn-,8,8,0
converting,4,2,-2
amounts,2,3,1
dmg_sectorcounts_max,1,1,0
chunk,12,14,2
lengths,6,6,0
truncating,1,3,2
sectorcounts,4,4,0
block_index,2,3,1
refcount_table_index,1,4,3
linux,100,60,-40
auto,30,26,-4
validation,9,8,-1
./common.rc,23,22,-1
vhd,3,1,-2
_supported_proto,21,20,-1
output,76,59,-17
tmp=/tmp/,17,17,0
\x00\x00\x00\x00,1,7,6
seq=,21,23,2
_cleanup,19,23,4
block_size,18,17,-1
status=0,19,22,3
filters,26,23,-3
here=,21,23,2
./common.filter,21,22,1
vpc,7,2,-5
owner=kwolf,6,5,-1
/bin/bash,22,24,2
seq,31,25,-6
qa,21,24,3
standard,54,34,-20
status=1,21,23,2
basename,27,26,-1
hat,101,53,-48
red,104,53,-51
trap,34,33,-1
checks,92,50,-42
`,60,47,-13
pwd,28,26,-2
creator,23,22,-1
seq.full,19,20,1
rw,52,26,-26
_supported_os,21,21,0
_supported_fmt,24,24,0
.value,30,19,-11
spr,38,27,-11
run_on_cpu,12,4,-8
2nd,3,1,-2
cp,16,5,-11
powerpc_cpu,15,7,-8
.mask,9,2,-7
h_set_mode,1,1,0
arg,62,33,-29
spr_lpcr,3,9,6
~s-,6,2,-4
queue_signal,6,5,-1
si_signo,1,3,2
info-,107,51,-56
target_sigtrap,3,2,-1
si_errno,1,3,2
w,58,41,-17
undef,55,20,-35
gen_window_check1,1,3,2
tcg_gen_addi_i32,3,4,1
tcg_gen_qemu_ld8u,2,2,0
tcgv_i32,37,21,-16
cpu_r,8,7,-1
tcg_temp_free,32,35,3
dc,89,35,-54
rri8_s,1,3,2
_s,11,8,-3
tcg_temp_new_i32,13,11,-2
-target_enomem,1,4,3
qtest,11,7,-4
qtest_init,4,5,1
qtest_log,2,2,0
qtest_chrdev,2,2,0
initialize,45,36,-9
31b8b4eea9d9ad58a73b22a6060d3ac1c419c26d,1,1,0
subproject,18,26,8
gplv2,2,1,-1
rebuild,3,5,2
git,18,22,4
run,92,49,-43
acpi-test,1,2,1
2013,35,23,-12
aml,20,6,-14
authors,89,36,-53
tests/acpi-test,1,1,0
acpi,46,10,-36
'make,2,1,-1
unit-test,1,1,0
ops/sec,16,30,14
00,3,2,-1
xx.x,16,32,16
index_in_cluster,3,5,2
0xa,11,4,-7
io,61,22,-39
-p,39,27,-12
ops,45,37,-8
imgfmt,30,17,-13
yyy/sec,16,30,14
xx,18,36,18
imgopts=,7,7,0
-v,13,10,-3
512/512,3,10,7
................,2,1,-1
_img_info,4,7,3
ieee,1,4,3
float_flag_inexact,3,4,1
float_flag_invalid,14,5,-9
lost,6,10,4
single-precision,1,2,1
status_var,8,6,-2
float_round_down,2,2,0
23,36,18,-18
smallest,3,2,-1
representable,1,3,2
22,35,18,-17
float_raise,9,5,-4
ignoring,13,13,0
float_flag_overflow,2,3,1
codepath,1,3,2
float_round_up,2,2,0
largest,2,4,2
asign,1,3,2
-14,1,2,1
0x01000000,5,5,0
harmless,5,4,-1
increment,13,7,-6
float_flag_underflow,2,3,1
affect,11,9,-2
float_rounding_mode,1,2,1
float_round_nearest_even,4,3,-1
-15,1,2,1
returning,16,13,-3
halfprec,1,2,1
chosen,3,6,3
existence,2,1,-1
keys,27,11,-16
compromise,1,2,1
modern,7,4,-3
protect,13,6,-7
passphrase,3,1,-2
secure,43,5,-38
vulnerable,1,1,0
standards,1,1,0
discouraged,4,2,-2
itemize,1,1,0
encryption,15,7,-8
qcow,14,11,-3
security,50,12,-38
original,27,12,-15
cryptography,1,2,1
aes,4,4,0
problems,10,10,0
alternative,6,6,0
luks,6,8,2
password,42,9,-33
thus,42,24,-18
characters,12,6,-6
cipher,9,7,-2
encrypted,16,10,-6
technologies,8,5,-3
strongly,6,3,-3
users,20,7,-13
initialization,21,19,-2
plaintext,2,4,2
technology,1,2,1
item,66,29,-37
q,1,1,0
dqui,1,1,0
dquit,1,1,0
dqu,1,1,0
monitor,85,37,-48
x.y.z,4,1,-3
k,1,2,1
d,1,2,1
uas_rc_invalid_info_unit,2,1,-1
usb_uas_queue_response,2,1,-1
uas,4,2,-2
object_class_is_abstract,5,3,-2
qerror_report,31,13,-18
non-abstract,3,2,-1
qerr_invalid_parameter_value,24,10,-14
inconsistencies,7,5,-2
preventing,3,12,9
opening,9,9,0
-a,23,14,-9
waste,2,7,5
operations,45,18,-27
therefore,31,30,-1
corrupt,10,28,18
remains,3,3,0
0x2a,4,6,2
0x80000,3,1,-2
_filter_imgfmt,4,4,0
harm,1,8,7
leaked,7,18,11
-r,24,14,-10
corruptions,7,10,3
assumption,5,6,1
dump-header,2,4,2
oflag_copied,6,1,-5
overlap-check,3,1,-2
-o,63,28,-35
repairing,7,7,0
_check_test_img,10,11,1
read-only,39,23,-16
inactive,5,6,1
0x2,32,16,-16
./qcow2.py,2,3,1
reference=0,3,3,0
refcount=1,3,4,1
0x0,54,21,-33
metadata,17,18,1
l2,39,28,-11
repaired,6,7,1
uint16_max,4,6,2
starting,29,20,-9
self.vm.qmp,15,11,-4
iotests.qmptestcase,8,6,-2
11,77,34,-43
iotests.vm,10,9,-1
'error/class,11,4,-7
fdset,1,2,1
instances,7,5,-2
ways,4,4,0
iotests.imgfmt,11,5,-6
ran,16,12,-4
expects,17,7,-10
'genericerror,10,4,-6
named,18,9,-9
self.vm,9,9,0
class,58,37,-21
'-f,12,6,-6
verify,26,38,12
self,65,40,-25
self.assert_qmp,20,12,-8
'return,17,13,-4
'create,11,6,-5
descriptor,50,37,-13
send,62,43,-19
'failed,2,3,1
self.vm.shutdown,10,11,1
self.assertequal,6,4,-2
fdname,1,3,2
......,2,2,0
scm,2,1,-1
teardown,9,8,-1
getfd,1,1,0
digit,4,2,-2
self.vm.launch,8,8,0
qtailq_foreach,47,22,-25
guest_phys_blocks.head,1,1,0
rest,22,11,-11
target_end,4,3,-1
qtailq_first,12,12,0
guestphysblocklist,2,2,0
guestphysblock,3,1,-2
write_data,5,3,-2
host_addr,6,5,-1
qemu_get_guest_memory_mapping,2,2,0
target_start,3,3,0
guest_phys_blocks,2,4,2
size_in_block,1,1,0
-=,124,69,-55
begin,14,15,1
clamp,2,4,2
dumpstate,5,3,-2
first_cpu,41,21,-20
cpuarchstate,18,10,-8
env_get_cpu,25,4,-21
next_cpu,26,10,-16
env_ptr,17,7,-10
thread_id,7,4,-3
cpu_index,39,21,-18
qemu_get_cpu,13,2,-11
running,83,49,-34
bdrv_in_use,3,1,-2
blk-,21,8,-13
re-,5,1,-4
conf.bs,3,2,-1
thread,80,49,-31
jobs,11,7,-4
action-,2,1,-1
.prepare,1,2,1
'type,28,11,-17
has_speed,3,3,0
drive_backup,2,1,-1
has_mode,4,1,-3
job,41,34,-7
'absolute-paths,1,1,0
applies,7,5,-2
backup,10,8,-2
qmp_drive_backup,1,1,0
destination,23,16,-7
probe,26,10,-16
blockjob,18,15,-3
io-status,4,3,-1
'report,1,4,3
bdrv_find,8,2,-6
on_source_error,3,3,0
state-,35,16,-19
limitations,3,4,1
'blockdev-snapshot-sync,5,1,-4
do_upcast,47,19,-28
'existing,1,1,0
backup-,5,1,-4
started,18,19,1
kind,68,21,-47
blktransactionstate,1,1,0
has_on_target_error,1,2,1
background,10,6,-4
has_format,3,3,0
has_on_source_error,1,3,2
block_job_cancel_sync,1,6,5
i/o,92,40,-52
1.6,3,1,-2
source,60,46,-14
'target,5,4,-1
'enospc,1,2,1
on_target_error,3,3,0
'newimagemode,1,1,0
'stop,2,5,3
on-source-error,2,3,1
'drive-backup,8,2,-6
copied,19,8,-11
existing,27,19,-8
error_is_set,22,18,-4
transaction_action_kind_drive_backup,1,1,0
rerror/werror,1,2,1
blockinfo,2,4,2
'drivebackup,1,1,0
on-target-error,2,2,0
drivebackupstate,1,2,1
speed,38,18,-20
file/device,1,1,0
'blockdevonerror,1,2,1
.abort,1,3,2
common-,1,2,1
.instance_size,41,17,-24
'device,8,15,7
occurs,12,7,-5
'blockdevsnapshot,2,1,-1
0xffffffffu,5,3,-2
max_lba,1,3,2
read_capacity_10,1,2,1
req.cmd.buf,3,5,2
ldl_be_p,5,2,-3
0xffffffffull,4,3,-1
r-,35,29,-6
closesocket,5,10,5
sock,15,18,3
busy_stat,2,2,0
actual,44,25,-19
virtio_pci_queue_max,8,7,-1
ppc970_input_int,1,1,0
ics,6,3,-3
model\n,5,1,-4
xics_system_init,1,2,1
icp-,7,3,-4
icp_server_state,1,1,0
controller,27,15,-12
irq_inputs,3,2,-1
xics,5,3,-2
next_irq,1,1,0
ppc_flags_input_power7,2,1,-1
xics_cpu_setup,3,1,-2
kvmppc_smt_threads,7,4,-3
icp_state,2,1,-1
ss,7,7,0
ppc_input,1,2,1
ics_state,1,1,0
ppc_env_get_cpu,12,5,-7
smp_threads,15,7,-8
xics_irq_base,1,1,0
smp_cpus,28,10,-18
xics_irqs,1,3,2
ppc_flags_input_970,3,1,-2
power7_input_int,1,1,0
ss-,2,3,1
pkg_config,19,9,-10
uncompressed_block,1,2,1
offsets,18,16,-2
bdrv_pread,18,14,-4
cloop_close,1,1,0
fname,4,3,-1
fopen,17,12,-5
/tmp/qemu.log,1,4,3
logfilename,1,2,1
qemu_logfile,1,2,1
++,24,8,-16
len++,4,3,-1
-einprogress,8,10,2
qemu_aio_release,8,12,4
acb,31,31,0
bounce,5,9,4
qemu_aio_wait,15,6,-9
cancelled,9,12,3
qemu_vfree,9,22,13
acb-,32,34,2
object_class_dynamic_cast,12,6,-6
inst,4,2,-2
typename,22,7,-15
memmove,10,10,0
history,2,2,0
netdev,7,4,-3
opts,119,74,-45
qemu_opts_del,14,19,5
qemu_opts_find,7,3,-4
qemu_find_opts_err,1,1,0
qemuopts,55,21,-34
qxl,10,11,1
alias,32,8,-24
memory_region_destroy,3,8,5
address_space_mem,4,4,0
w-,8,4,-4
address_space_io,5,6,1
forward,9,13,4
br-,3,2,-1
br,3,5,2
pcibridge,1,3,2
memoryregion,103,48,-55
subregions,4,2,-2
memory_region_del_subregion,9,7,-2
other_cpu-,1,1,0
cp0_mvpcontrol,1,1,0
other_cpu,1,1,0
vpe,1,1,0
mvp-,1,2,1
wake,11,3,-8
disturb,1,1,0
cpumipsstate,12,12,0
~,135,79,-56
cp0mvpco_evp,1,1,0
wfi,4,1,-3
sleep,18,11,-7
0x58,5,4,-1
0x02,38,17,-21
date,4,6,2
365,2,2,0
qtest_add_func,26,18,-8
rtc_reg_b,2,2,0
100,41,22,-19
0x04,43,16,-27
0x26,5,4,-1
86400,1,1,0
0x80,58,20,-38
0x11,23,6,-17
bcd,1,2,1
strncpy,18,13,-5
pstrcpy,30,22,-8
cpu_model,37,12,-25
strdup,14,14,0
g_strdup,85,48,-37
qerr_device_not_active,3,2,-1
protocols,6,5,-1
.user_print,8,3,-5
protocol,37,17,-20
scm_rights,2,3,1
qdict_get_str,33,13,-20
cur_mon,10,5,-5
ret_data,12,5,-7
.params,14,8,-6
config_vnc,1,3,2
tls,20,16,-4
close,85,100,15
using_spice,3,2,-1
mon,95,48,-47
nothing,79,32,-47
qobject,90,44,-46
.mhandler.cmd_new,11,6,-5
connections,7,5,-2
eg,14,8,-6
monitor_user_noop,6,2,-4
spice,10,6,-4
qerr_add_client_failed,1,2,1
chardriverstate,29,19,-10
monitor_get_fd,4,2,-2
qdict_get_try_bool,3,3,0
character,20,7,-13
skipauth,1,2,1
-chardev,3,2,-1
qerr_invalid_parameter,11,5,-6
qemu_chr_find,4,2,-2
graphics,6,3,-3
simplify,2,3,1
op_to_movi,1,1,0
sub,12,9,-3
xor,5,3,-2
tcg_opt_gen_movi,2,1,-1
gen_args,1,2,1
movi,6,4,-2
expression,12,3,-9
temps_are_copies,1,1,0
op,63,21,-42
acct,3,14,11
qdev.conf.bs,3,6,3
req.aiocb,3,5,2
bdrv_acct_done,2,4,2
live,13,8,-5
524288,2,1,-1
'devicenotfound,5,2,-3
'write,14,5,-9
iotests.test_dir,6,2,-4
'qed,3,3,0
reachable,1,2,1
merge,38,19,-19
'cancel,3,1,-2
'invalid,1,2,1
'data/device,5,2,-3
'block_job_cancelled,1,1,0
wait,73,46,-27
self.cancel_and_wait,3,3,0
'block-commit,1,2,1
top,39,20,-19
self.image_len,3,3,0
'read,9,4,-5
image_len,6,3,-3
drive,44,22,-22
'-c,7,4,-3
verification,2,8,6
0xef,2,1,-1
cancel_and_wait,1,1,0
device='drive0,8,6,-2
0xab,2,2,0
testsetspeed.image_len,1,1,0
self.create_image,1,2,1
test_set_speed,2,1,-1
2012,16,9,-7
/speed,1,1,0
wait=true,5,3,-2
__name__,7,4,-3
os.path.join,9,4,-5
supported_fmts=,8,3,-5
create_image,1,2,1
'event,16,9,-7
corp.,28,17,-11
derived,4,3,-1
streaming,6,4,-2
testsingledrive.image_len,3,1,-2
'block_job_completed,3,3,0
iotests,5,3,-2
.add_drive,7,5,-2
completed,29,27,-2
'query-block-jobs,4,2,-2
self.vm.get_qmp_events,4,4,0
'data/offset,2,2,0
device='nonexistent,1,1,0
test_device_not_found,1,1,0
'-o,4,3,-1
'drive0,10,7,-3
iotests.main,5,3,-2
'data/type,5,3,-2
.find,1,1,0
.........,1,2,1
accepted,4,5,1
'data/len,2,2,0
device=drive,1,1,0
drive='drive0,1,1,0
'test.img,2,4,2
backing_img,2,6,4
'top,1,2,1
'backing.img,1,1,0
struct.pack,1,2,1
testsingledrive,2,1,-1
speed=1024,1,1,0
/device,1,1,0
'block-job-cancel,1,3,2
'backing_file=,3,2,-1
active,62,30,-32
'__main__,5,4,-1
'commit,2,2,0
vdagentmonitorsconfig,1,2,1
drivers,23,10,-13
qid,4,2,-2
qxlurect,1,1,0
xors,1,1,0
client_monitors_config.count,1,1,0
num_heads,1,3,2
handled,38,23,-15
rom_bar,1,1,0
qxlrom,1,2,1
bottom,26,13,-13
zlib.h,4,4,0
vdagentmonconfig,1,1,0
undo,4,3,-1
ram-,5,3,-2
width,40,29,-11
crc32,3,2,-1
sin,4,3,-1
client_monitors_config.heads,1,1,0
rect-,3,1,-2
num_of_monitors,1,1,0
monitors_config,2,2,0
memory_region_get_ram_ptr,12,9,-3
pciqxldevice,3,8,5
rom-,8,5,-3
clearly,1,1,0
~0,27,8,-19
interrupts,61,16,-45
monitor-,1,1,0
rect,1,2,1
isr,3,6,3
qxl_send_events,1,2,1
int_mask,4,3,-1
monitors,2,1,-1
spice_server_version,4,3,-1
zlib,2,5,3
heads,19,4,-15
qxl_interrupt_client_monitors_config,1,1,0
monitors_config-,1,1,0
map_anonymous,11,4,-7
lx,10,7,-3
host_page_align,2,3,1
map_noreserve,2,1,-1
validate_guest_space,1,1,0
~qemu_host_page_mask,1,1,0
space\n,2,1,-1
host_start,1,1,0
va,9,6,-3
qemu_host_page_size,5,2,-3
tried,7,7,0
aligned,46,22,-24
test_page_addr,1,1,0
real_size,2,2,0
guest_base,5,2,-3
map_private,6,4,-2
map_failed,9,8,-1
code\n,1,1,0
munmap,10,11,1
mmap,25,8,-17
unable,45,35,-10
host_size,1,1,0
leave,19,26,7
populate,8,3,-5
suitable,15,7,-8
commpage,3,1,-2
allocated,59,34,-25
suggested,6,1,-5
have_guest_base,2,1,-1
allocate,42,43,1
reserved_va,6,1,-5
prot_none,3,4,1
qemu_log,22,17,-5
map_fixed,3,2,-1
mmap_next_start,1,1,0
lies,1,1,0
guest_size,1,1,0
0x27,3,2,-1
write_protected,1,1,0
.key,3,5,2
bdrv_is_read_only,13,6,-7
.asc,2,3,1
verify_10,1,6,5
fallthrough,7,4,-3
.ascq,2,3,1
verify_16,1,6,5
scsi_check_condition,5,5,0
protected,23,10,-13
verify_12,1,6,5
scsisense,3,2,-1
0x00,72,46,-26
sense_code,10,8,-2
qemu_chr_accept_input,5,2,-3
qiov,31,33,2
qemu_iovec_destroy,5,17,12
page_sizes_prop_size,1,1,0
fdt,41,31,-10
segment-page-sizes,1,1,0
prop,30,16,-14
page_sizes_prop,1,1,0
sps-,1,5,4
fdt_property,5,6,1
.page_shift,1,3,2
page_shift,5,8,3
enc,2,4,2
sps,3,8,5
p++,17,8,-9
_fdt,17,15,-2
vga_dirty_log_stop,1,2,1
vga,27,13,-14
vga_dirty_log_start,1,1,0
poll_timeout,3,1,-2
gint,9,6,-3
n_poll_fds,5,1,-4
poll_fds,6,1,-5
g_main_context_query,3,1,-2
max_priority,3,1,-2
get_configuration,2,3,1
inquiry,9,7,-2
get_event_status_notification,2,2,0
mode_sense_10,1,2,1
no_medium,1,2,1
reserve_10,1,1,0
mechanism_status,1,1,0
allow_medium_removal,1,1,0
mode_sense,1,4,3
start_stop,1,1,0
release_10,1,1,0
bdrv_is_inserted,14,12,-2
request_sense,4,2,-2
\r,4,6,2
0-9,7,5,-2
/x,1,1,0
s/,31,28,-3
messages,19,12,-7
sec,11,4,-7
removes,4,4,0
sed,19,13,-6
io_index,3,3,0
destroy_all_mappings,1,1,0
subpage_t,1,2,1
pd,10,2,-8
readonly,16,8,-8
cpu_register_physical_memory_log,1,1,0
destroy_l2_mapping,1,1,0
subpage-,1,2,1
iomem,8,7,-1
~target_page_mask,21,12,-9
mr,84,37,-47
physpagedesc,4,1,-3
l2_size,11,9,-2
l2_bits,4,3,-1
subpage,4,2,-2
lp,9,3,-6
mr-,44,13,-31
usb,18,11,-7
fall,38,22,-16
usb_ret_nodev,2,2,0
transactions,3,7,4
usbsts_errint,1,1,0
dir,24,19,-5
ehci,13,15,2
itd-,1,2,1
usb_ret_babble,1,1,0
is_rndis,2,2,0
rndis_data_initialized,1,2,1
rndis_state,1,2,1
io_mem_ram,6,4,-2
phys_offset,7,4,-3
kvm_client_sync_dirty_bitmap,1,1,0
.migration_log,1,1,0
kvm_client_migration_log,1,1,0
.region_del,1,2,1
.set_memory,1,1,0
memorylistener,8,5,-3
phys_addr,16,5,-11
memory_listener_register,7,3,-4
slots,11,17,6
.region_add,1,2,1
kvm_physical_sync_dirty_bitmap,2,2,0
offset_within_region,8,2,-6
memory.h,3,1,-2
.sync_dirty_bitmap,1,1,0
memory_region_is_logging,4,2,-2
kvm_log_start,2,2,0
target_phys_addr_t,62,27,-35
kvm_log_stop,2,2,0
kvm_set_phys_mem,2,2,0
mem-,3,8,5
kvm_dirty_pages_log_change,1,2,1
memory_region_is_ram,13,3,-10
kvm_set_migration_log,1,1,0
know,44,18,-26
.log_sync,1,2,1
log_dirty,1,3,2
listener,9,8,-1
kvm_client_set_memory,1,1,0
io_mem_unassigned,7,6,-1
looks,12,7,-5
lines,24,9,-15
written,47,33,-14
ends,3,6,3
64bit,11,5,-6
typ,4,4,0
ip,22,14,-8
preceding,2,2,0
indirect,7,3,-4
syscalls,7,7,0
clients,25,13,-12
printk,1,2,1
nb,17,4,-13
.desc,33,12,-21
preceeding,2,1,-1
upto,2,2,0
outer,2,4,2
considers,4,1,-3
save,37,23,-14
theoretically,2,2,0
propagation,2,2,0
disconnected,2,6,4
privilege,3,6,3
non,14,13,-1
push,8,8,0
jump,20,8,-12
precede,2,2,0
throught,1,1,0
improve,4,2,-2
qlist_remove,26,15,-11
deletion,3,3,0
handlers,19,5,-14
fd_read,10,5,-5
wfds,13,1,-12
fd_write,8,2,-6
rfds,13,2,-11
read/write,19,11,-8
ioh,2,1,-1
ioh-,2,4,2
qemu_free,43,50,7
fd_isset,9,2,-7
memoryregionops,28,13,-15
.write,23,16,-7
nd,8,5,-3
rc4030,2,2,0
.endianness,27,11,-16
memory_region_add_subregion,46,9,-37
device_native_endian,17,7,-10
it_shift,2,2,0
address_space,9,1,-8
cpu_register_io_memory,10,6,-4
memory_region_init_io,27,13,-14
.old_mmio,2,2,0
cpu_unregister_io_memory,1,2,1
cpureadmemoryfunc,7,2,-5
cpuwritememoryfunc,9,2,-7
.read,25,15,-10
cpu_register_physical_memory,15,9,-6
0x40,39,16,-23
mmio_index,1,2,1
requests,59,27,-32
optind,11,11,0
font_data,1,1,0
qemu_co_mutex_unlock,6,8,2
lock,61,28,-33
end_transfer_fn_idx,2,1,-1
transfer_end_table,1,1,0
bprm-,3,3,0
pag,2,3,1
mapping-,1,3,2
qcow_filename,1,4,3
array-,1,2,1
lseek,12,9,-3
-3,10,7,-3
seek_set,16,9,-7
rest_size,1,1,0
sregs,11,11,0
ps,13,10,-3
ps_excm,1,3,2
n1,6,8,2
73,1,2,1
window,33,13,-20
08x\n,21,12,-9
nareg,1,4,3
window_start,2,4,2
def_helper_2,24,15,-9
epc1,1,4,3
0x3fffffff,2,3,1
0x3,31,22,-9
phys,4,6,2
i32,38,15,-23
config-,9,9,0
def_helper_1,13,10,-3
def_helper_0,6,3,-3
window_base,1,4,3
underflow,4,3,-1
0xc0000000,15,3,-12
delta,8,11,3
-n,29,14,-15
def_helper_3,12,13,1
escc_bar,1,1,0
memory_region_init_alias,14,5,-9
dbdma_mem,1,1,0
cuda_mem,1,1,0
escc_mem,1,1,0
ide_mem,1,1,0
nvr,1,1,0
hdev-,4,14,10
qemu_pci_cap_msi,3,1,-2
msi_flags_off,3,1,-2
msi_cap_sizeof,2,1,-1
msi_enabled,3,4,1
msi_uninit,2,2,0
pci_get_word,15,7,-8
++s-,1,1,0
chardev,24,15,-9
chr-,16,19,3
0x7,24,10,-14
neon,5,2,-3
44,13,4,-9
insn,63,26,-37
constants,12,4,-8
arm,37,16,-21
unknown,94,46,-48
28,43,21,-22
57,3,2,-1
17,32,10,-22
19,25,12,-13
35,6,4,-2
58,3,6,3
neon_2rm_vmovn,1,1,0
0x4,28,8,-20
2reg-misc,1,1,0
miscellaneous,3,1,-2
ddi0406b,1,1,0
56,14,12,-2
neon_2rm_vqmovn,1,1,0
61,7,4,-3
27,22,8,-14
33,8,8,0
59,9,4,-5
line,82,41,-41
symbolic,2,1,-1
34,7,3,-4
gen_neon_narrow_op,1,1,0
cpu_v0,1,3,2
12,97,48,-49
18,30,20,-10
24,83,51,-32
unallocated,16,11,-5
correspond,7,1,-6
37,6,2,-4
62,9,9,0
36,14,15,1
13,48,25,-23
0x1,54,17,-37
38,8,4,-4
46,5,2,-3
includes,20,7,-13
neon_3r_float_acmp,1,1,0
rd,38,16,-22
vpmin/vpmax,1,1,0
vadd,1,1,0
vsub,1,1,0
vpadd,1,1,0
condition,28,21,-7
rn,14,12,-2
insns,12,6,-6
float,9,5,-4
neon_3r_vrecps_vrsqrts,1,1,0
polynomial,2,1,-1
neon_3r_float_minmax,1,1,0
neon_3r_vpadd,1,1,0
neon_3r_vmul,1,1,0
neon_3r_float_arith,1,1,0
neon_3r_float_cmp,1,1,0
vabd,1,1,0
vio_bus,2,2,0
rtce_window_size,2,1,-1
rets,8,10,2
unit,34,13,-21
rtas_st,7,10,3
bus.children,2,1,-1
nargs,5,8,3
spapr,45,34,-11
rtas_ld,4,6,2
viospapr_rtce,1,1,0
spapr_rtas_register,1,9,8
nret,4,7,3
bypass,16,6,-10
spapr_tce_set_bypass,2,1,-1
viospaprdevice,7,2,-5
token,28,16,-12
sibling,11,5,-6
quiesce,3,6,3
rtce_table,1,1,0
viospaprbus,2,1,-1
rtas,11,10,-1
qlist_foreach,51,27,-24
spapr_vio_find_by_reg,2,2,0
cpu_physical_memory_write,27,10,-17
spaprenvironment,11,10,-1
aiocb,16,8,-8
dma_cb,2,1,-1
ide_dma_submit_check,1,1,0
blockdrivercompletionfunc,15,11,-4
ide_dma_cb,2,1,-1
idestate,12,8,-4
virtio_pci_stop_ioeventfd,1,2,1
virtio_pci_start_ioeventfd,1,1,0
slower,2,3,1
virtio_pci_set_host_notifier_internal,1,1,0
notifier,42,15,-27
ioeventfd_disabled,1,2,1
map,57,33,-24
fallback,16,10,-6
ioeventfd,3,4,1
unmap,16,7,-9
xsave,3,1,-2
kvm_vcpu_ioctl,18,9,-9
net-,8,7,-1
virtqueue,11,16,5
virtio_config_s_driver_ok,10,8,-2
packets,27,11,-16
tx,14,8,-6
latency,8,3,-5
performance,17,6,-11
shows,3,2,-1
vq,33,35,2
sent,25,22,-3
good,29,14,-15
guaranteed,12,6,-6
vdev.status,3,2,-1
virtios390device,4,2,-2
define_prop_int32,4,3,-1
matches,25,11,-14
-ebusy,7,13,6
fairness,1,2,1
syborgvirtioproxy,1,2,1
debugging,12,3,-9
accesses,39,13,-26
hwdef-,2,2,0
ss-5,1,1,0
neither,6,6,0
mmu,35,12,-23
addresses,25,15,-10
padded,1,2,1
aliased,3,1,-2
qemu_strdup,15,2,-13
monitor_has_error,4,1,-3
mhandler.cmd_new,1,1,0
error\n,4,6,2
monitor_ctrl_mode,10,2,-8
qerr_undefined_error,2,3,1
mon_debug,1,1,0
qemu_error_new,8,1,-7
mon_cmd_t,9,2,-7
"name,11",1,1,0
-4,8,5,-3
vvfat,8,1,-7
vvf,1,1,0
extension,32,14,-18
",8",1,1,0
ftruncate,4,7,3
",3",3,1,-2
expr_error,2,2,0
-e2big,6,3,-3
sym,2,1,-1
0x3a,1,5,4
happen,44,30,-14
simulate,10,3,-7
0x36,3,3,0
modifiers_state,1,2,1
uppercase,2,2,0
additional,30,20,-10
qemu_mallocz,25,12,-13
items,11,6,-5
pci_get_bus_devfn,3,2,-1
ne2k_pci,3,2,-1
pci_nic_init,1,3,2
qemu_error,2,3,1
pci_create_noinit,1,1,0
i+1,2,4,2
nicinfo,3,1,-2
pcibus,31,22,-9
pci_nic_names,1,1,0
pci_nic_init_nofail,1,2,1
nd-,7,6,-1
pci_create,3,1,-2
'\n,22,8,-14
nd_table,13,7,-6
nic,25,12,-13
rtl8139,6,5,-1
devaddr,5,7,2
e1000,5,3,-2
pcnet,1,3,2
cluster_offset,20,19,-1
nvectors,2,2,0
pci_command_master,5,1,-4
msix_write_config,2,1,-1
pci_command,8,3,-5
vdev-,77,32,-45
nop,15,17,2
tb_flags,1,4,3
b8,2,1,-1
esr_ec_illegal_op,1,3,2
fpu,12,3,-9
unimplemented,13,10,-3
00111111,1,1,0
subcode,1,1,0
cpu_sr,6,8,2
mmu_user_idx,5,4,-1
mem_index,6,3,-3
cpu_mmu_index,9,2,-7
pc=,5,3,-2
pvr0_use_barrel_mask,1,1,0
x\n,48,29,-19
pvr2_ill_opcode_exc_mask,1,3,2
opcode,44,27,-17
pvr2_use_pcmp_instr,1,1,0
pvr2_use_msr_instr,1,1,0
pvr2_use_mul64_mask,1,1,0
sr_esr,1,3,2
pvr.regs,4,3,-1
tcg_gen_movi_tl,9,14,5
pvr0_use_div_mask,1,1,0
00010110,1,1,0
pvr2_opcode_0x0_ill_mask,1,1,0
pvr0_use_hw_mul_mask,1,1,0
aud_log,1,2,1
dolog,2,3,1
conf.period.hertz,1,1,0
treating,3,5,2
zero\n,2,1,-1
pic,19,7,-12
conf.period.ticks,1,1,0
vm,51,23,-28
handler\n,1,2,1
qemu_add_vm_change_state_handler,5,4,-1
isa,14,16,2
qemu_del_timer,13,10,-3
vmchangestateentry,1,4,3
ts,34,17,-17
audio,7,7,0
c-,34,9,-25
state\n,3,2,-1
period,16,7,-9
drv,51,38,-13
looping,3,1,-2
pci_bus,15,6,-9
dbs,3,3,0
dma_bdrv_cb,1,2,1
dbs-,3,4,1
cur_len,2,2,0
cur_addr,4,4,0
sector_num,86,58,-28
iov.size,3,5,2
cmdlen,1,3,2
tcgv,47,35,-12
r_tmp1,3,1,-2
tcg_type_i64,5,3,-2
gen_new_label,11,10,-1
l3,7,3,-4
tcg_temp_new,28,26,-2
tcg_gen_br,3,4,1
cpu_t,9,2,-7
gen_set_label,11,10,-1
r_tmp2,1,1,0
l2_offset,18,24,6
bdrvvmdkstate,4,3,-1
insufficient,2,2,0
occur,15,5,-10
shutdown,16,11,-5
bdrv_pwrite,9,14,5
size=0x,1,3,2
bdrv_open,23,12,-11
hd,9,10,1
m_data-,1,3,2
ro,14,9,-5
l2_index,9,14,5
cpu_to_le32,35,17,-18
get_cluster_offset,1,3,2
handler,59,29,-30
race,6,22,16
l1_index,3,8,5
ps-,1,4,3
errno=,1,3,2
stat,19,19,0
bdrv_truncate,12,5,-7
backing_hd,18,10,-8
vmdk,8,6,-2
cluster_sectors,12,12,0
l2_table,17,21,4
m_data,4,2,-2
0xfffff,5,2,-3
iomemtype,2,2,0
0x00001000,1,3,2
0xfff,17,9,-8
0x00800000,5,2,-3
0x00000fff,1,2,1
fifo,11,12,1
fdctrl-,9,7,-2
data_len,1,6,5
lets,8,3,-5
permitted,17,14,-3
completely,18,8,-10
put,51,16,-35
forced,7,3,-4
sasl.encodedrawlength,1,1,0
output.offset,3,4,1
updates,12,9,-3
determine,22,15,-7
threshold,2,9,7
worker,2,1,-1
vnc_state_update_none,1,1,0
throttle,5,4,-1
half,29,6,-23
force,46,21,-25
pending,79,46,-33
points,18,14,-4
processed,26,7,-19
'll,33,16,-17
iommu_type,1,1,0
container-,9,5,-4
v2,16,4,-12
ioctl,60,23,-37
vfio_spapr_tce_iommu,1,2,1
.shadow_avail_idx,1,1,0
.last_avail_idx,1,4,3
.vring.desc,1,2,1
vring_used_idx,1,1,0
qpci_io_writel,1,2,1
vring,2,4,2
non-existent,5,4,-1
qpci_device_enable,2,3,1
qpci_iomap,2,3,1
qtest_shutdown,3,1,-2
qpci_device_find,5,5,0
qpci_io_writeb,1,1,0
qpcidevice,5,8,3
qs-,1,3,2
qpci_devfn,5,4,-1
pci_test_start,1,1,0
qosstate,2,3,1
bar0,2,2,0
tlb,48,18,-30
mmu_idx,51,7,-44
profile,7,5,-2
permission,40,19,-21
mpu,7,2,-5
negpri,2,1,-1
secstate,1,2,1
idx,49,33,-16
armmmuidx_mnegpri,1,1,0
privileged,8,11,3
armmmuidx_msnegpri,1,1,0
meanings,1,1,0
arm_to_core_mmu_idx,1,2,1
armmmuidx_msuser,1,1,0
arrange,1,2,1
el,16,9,-7
armmmuidx_mpriv,1,2,1
armmmuidx_muser,1,2,1
priv,3,2,-1
armmmuidx,9,3,-6
ie,26,12,-14
nb_mmu_modes,6,3,-3
armmmuidx_mspriv,1,1,0
qdict_get,19,12,-7
objects,22,12,-10
schema,17,6,-11
simply,26,12,-14
omit,3,1,-2
qstring,20,11,-9
specify,22,19,-3
contrast,2,2,0
qstring_get_str,23,12,-11
qobject_to_qstring,11,6,-5
correctly,22,9,-13
options,128,52,-76
callers,11,10,-1
issue,16,9,-7
stay,3,5,2
according,23,10,-13
bds,22,9,-13
reopen_state-,4,1,-3
require,47,26,-21
're,88,51,-37
blockdev-add,7,6,-1
come,14,8,-6
qobject_is_equal,1,1,0
caution,1,2,1
unchanged,8,7,-1
repair,8,3,-5
refcount=0,2,1,-1
rebuilding,2,2,0
reference=1,1,1,0
ppc_set_compat,3,4,1
compat_pvr,3,5,2
-efault,11,5,-6
kvm_dev_arm_vgic_grp_ctrl,2,1,-1
dev_fd,4,1,-3
kvm_device_access,2,1,-1
tb,89,28,-61
in_num,6,5,-1
out_num,4,5,1
profile_getclock,3,1,-2
address\n,2,2,0
make_floatx80_init,1,1,0
0x30,17,5,-12
0x33,8,4,-4
0x0f,34,7,-27
0x34,6,8,2
0x3c,10,5,-5
0x31,4,2,-2
0x4000,9,9,0
0x35,2,4,2
0x3fff,4,4,0
0x0c,25,9,-16
0x0b,8,2,-6
ln,3,1,-2
0x32,7,4,-3
0x3b,9,3,-6
0x0000,14,3,-11
0x3e,3,3,0
0x0e,9,7,-2
0x3f,31,9,-22
0x3d,7,2,-5
0x0d,9,3,-6
0x37,4,2,-2
0x39,3,2,-1
0x38,15,7,-8
make_floatx80,1,1,0
acpirsdtdescriptorrev1,2,2,0
rsdt_table.length,1,1,0
tables_nr,1,2,1
error_out,1,1,0
field\n,1,1,0
xen_pt_err,1,3,2
bucket,1,5,4
cfg,10,4,-6
throttle_enabled,1,2,1
avg,4,6,2
throttle_is_valid,4,3,-1
throttle_value_max,3,2,-1
average,2,4,2
burst,2,7,5
bkt-,1,7,6
file-,31,13,-18
get_refcount,4,3,-1
nb_clusters,24,21,-3
bdrvqcow2state,3,5,2
size_to_clusters,6,4,-2
refcount=,5,2,-3
bdrv_getlength,33,17,-16
k++,1,1,0
.last_file_offset,1,1,0
log_guid,2,1,-1
new_hdr.log_guid,1,1,0
new_offset,1,5,4
.flushed_file_offset,1,1,0
header-,6,5,-1
cp0_segctl1,1,1,0
vmstate_uinttl,3,3,0
tcg_gen_ld_tl,6,2,-4
4ull,1,1,0
0xffull,1,2,1
cp0sc1_xam,1,1,0
tl,23,15,-8
mipscpu,4,2,-2
.minimum_version_id,36,15,-21
cp0_segctl2,1,1,0
3ull,1,2,1
sc,15,5,-10
arg1,31,24,-7
0x7ull,1,1,0
cp0sc_am_msk,1,1,0
0ull,2,1,-1
cp0sc_am_mk,1,1,0
cp0sc_am_uusk,1,1,0
cp0sc1_xam_mask,1,1,0
.version_id,42,18,-24
mips_env_get_cpu,2,1,-1
cp0sc_am,1,1,0
cp0sc2_xr,1,1,0
cp0sc_am_musk,1,1,0
cp0sc_pa_mask,1,1,0
cp0sc_am_usk,1,1,0
tcg_gen_ext32s_tl,2,4,2
cp0sc_am_musuk,1,1,0
tlb_flush,20,7,-13
cp0sc_am_mask,1,1,0
cp0sc_eu,1,1,0
cp0sc_am_uk,1,1,0
offsetof,71,30,-41
cp0sc2_xr_mask,1,1,0
cp0_config3,6,3,-3
2ull,2,4,2
qcrypto_hmac_new,1,1,0
hmac,1,1,0
qcryptohmac,1,1,0
alg,3,5,2
qcryptohashalgorithm,3,3,0
-eio,45,50,5
quit,11,9,-2
request-,6,7,1
reply-,3,3,0
logging.error,1,2,1
-6,1,4,3
'log,1,3,2
compat,14,19,5
se-,7,7,0
instance_id,1,2,1
assertion,4,9,5
vmstate_register_with_alias_id,2,1,-1
fdt_offset,2,2,0
s390flicstate,5,1,-4
flic-,3,1,-2
s390_io_interrupt,1,1,0
qemus390flicstate,1,1,0
kvm_s390_flic,1,1,0
cpu.h,15,6,-9
qemu_s390_flic,1,1,0
css_get_adapter_id,1,1,0
adapter,5,5,0
isc,4,2,-2
ais,2,1,-1
.attr,5,3,-2
io_int_word,3,1,-2
kvm_device_attr,9,4,-5
attr,20,10,-10
fs,24,10,-14
ais_supported,2,1,-1
kvm_set_device_attr,7,3,-4
hw/s390x/css.h,1,1,0
suppressed,7,11,4
simm,1,1,0
fsc-,3,1,-2
.group,7,5,-2
ais_mode_mask,1,1,0
nimm,1,1,0
suppress,14,3,-11
kvms390flicstate,2,1,-1
-errno,46,40,-6
fs-,4,2,-2
unusable,3,9,6
exact_filename,4,2,-2
blkdebug,6,8,2
job-,27,19,-8
decreased,2,3,1
comes,14,9,-5
instantaneously,1,1,0
qemu_progress_print,2,2,0
block_job_create,2,6,4
ready,23,11,-12
dangling,2,5,3
block_job_unref,2,3,1
acquired,3,1,-2
goes,7,11,4
progress,33,17,-16
block_job_ref,1,2,1
publish,29,15,-14
refcnt,4,5,1
qemu_bh_new,19,12,-7
ehci-,10,7,-3
ehcistate,6,4,-2
frame_timer,3,2,-1
timer_new_ns,6,4,-2
async_bh,2,2,0
skipped_uframes,1,1,0
uframes,1,2,1
excise,1,1,0
power7+,2,1,-1
backwards,10,6,-4
power9,3,2,-1
compat-,2,2,0
stripping,2,2,0
visitor,47,33,-14
error_fatal,23,9,-14
ov5_cas,3,4,1
cas_legacy_guest_workaround,1,2,1
ppc_cpu_parse_features,1,1,0
max_compat_pvr,3,3,0
sense,27,16,-11
compat_str,1,1,0
-cpu,16,6,-10
qapi/visitor.h,12,6,-6
compat=,3,1,-2
compat=power7,1,1,0
spaproptionvector,1,4,3
inpieces,1,1,0
power8,9,8,-1
compat_by_pvr,2,2,0
applying,2,3,1
client-architecture-support,1,2,1
cas_reboot,1,2,1
power7,6,3,-3
g_strjoinv,1,3,2
max-cpu-compat,1,1,0
ov5,2,3,1
parser,17,11,-6
pseries,9,9,0
spaprmachinestate,15,12,-3
newprops,1,1,0
compatinfo,2,2,0
g_str_has_prefix,3,2,-1
g_strsplit,8,2,-6
cas,1,5,4
object_property_set_str,5,4,-1
hack,53,14,-39
power6,1,2,1
negotiation,13,9,-4
g_strfreev,8,8,0
spapr_cpu_parse_features,1,1,0
shutdown_cause_guest_reset,1,2,1
shutdown_cause_host_error,1,1,0
hardware-specific,1,1,0
sigint,3,2,-1
shutdown_requested,6,2,-4
various,16,6,-10
unless,32,20,-12
qemu_shutdown_requested,1,1,0
'quit,2,4,2
qemu_reset_requested,1,1,0
ui,1,3,2
shutdown_cause__max,1,1,0
prevents,7,8,1
shutdowncause,2,1,-1
reset_requested,6,1,-5
enumeration,6,4,-2
vmreset_report,1,1,0
qemu_system_reset,6,1,-5
vmreset_silent,1,1,0
res=,1,4,3
dflag,1,8,7
ppkt-,5,4,-1
stcp-,3,4,1
ack,7,2,-5
ip_src,5,5,0
ip_dst,4,5,1
src,69,33,-36
strcpy,11,8,-3
flags=,2,6,4
side,27,11,-16
sflag,1,5,4
dst,40,21,-19
th_flags,2,4,2
inet_ntoa,6,6,0
ssize,2,6,4
ptcp-,3,4,1
ip-,8,8,0
ntohl,7,5,-2
th_ack,3,4,1
tcp,17,11,-6
trace_colo_compare_ip_info,2,1,-1
packet,41,32,-9
seq/ack=,2,5,3
pkt,7,3,-4
spkt-,4,4,0
src/dst,2,5,3
th_seq,3,5,2
u/,2,5,3
bogus,6,7,1
vendor,27,6,-21
productid,2,1,-1
product,4,3,-1
qdev_prop_set_uint16,1,1,0
anymore,9,6,-3
vendorid,2,1,-1
strtol,12,6,-6
object_property_add_bool,14,2,-12
s390_ccw_machine,2,1,-1
controls,5,3,-2
disables,10,1,-9
qdev_get_machine,24,19,-5
s390ccwmachinestate,2,1,-1
css,2,3,1
ms,21,14,-7
enables,11,3,-8
default=off,2,1,-1
ms-,10,10,0
object_property_set_description,5,1,-4
object_property_get_bool,2,1,-1
monitor_printf,49,26,-23
'bus,3,1,-2
data.bus,1,1,0
qobject_from_jsonf,15,10,-5
injection,7,5,-2
-ret,42,30,-12
emitted,4,11,7
show,10,11,1
root_bus,1,3,2
'id,11,6,-5
runtime_opts,1,3,2
keybuf,1,2,1
qdict_del,9,6,-3
qdict_array_entries,1,1,0
rados_conf_set,4,2,-2
separate,23,6,-17
extracted,1,2,1
qemu_opts_create,11,6,-5
qdict_extract_subqdict,1,1,0
rbd,3,4,1
clean,20,19,-1
strchr,22,11,-11
qemu_opt_string,36,13,-23
iteration,16,8,-8
num_entries,1,2,1
remainder,3,6,3
qemu_opt_get,44,23,-21
abuse,1,1,0
qemu_opts_absorb_qdict,7,3,-4
qdict_size,13,5,-8
upon,9,6,-3
purposes,12,4,-8
ipv6,8,6,-2
9p,4,8,4
active_list,1,1,0
pdu-,4,5,1
v9fspdu,7,6,-1
expire_time,14,3,-11
timer_list-,7,2,-5
clock-,7,2,-5
pkt-,3,5,2
slot,45,37,-8
qvirtiopcidevice,7,4,-3
device_type,5,4,-1
vdev.device_type,2,1,-1
qpcibus,10,7,-3
qvirtiodevice,4,3,-1
qvirtio_pci,5,5,0
func,32,17,-15
vdev.bus,1,1,0
pdev-,18,8,-10
target_support_mttcg,1,1,0
yet,89,54,-35
mttcg,2,3,1
converted,13,3,-10
cpuobj,9,2,-7
fscontext,14,11,-3
fs_ctx,10,13,3
tmp_mode,2,2,0
tmp_uid,2,2,0
mode_t,12,4,-8
dev_t,5,3,-2
tmp_gid,2,2,0
getxattr,2,1,-1
local_fopenat,1,2,1
lstat,4,3,-1
gid_t,9,2,-7
user.virtfs.mode,3,2,-1
uid_t,9,2,-7
dirfd,8,26,18
fp,20,10,-10
g_path_get_dirname,1,12,11
openat_file,1,6,5
modes,15,8,-7
attr_path,1,1,0
user.virtfs.rdev,3,2,-1
map_dirfd,1,5,4
user.virtfs.uid,3,2,-1
tmp_dev,2,1,-1
user.virtfs.gid,3,2,-1
local_mapped_file_attr,1,1,0
d/,9,9,0
xattr_len,3,2,-1
llistxattr,2,1,-1
orig_value,4,2,-2
pt_getxattr,2,1,-1
lgetxattr,2,1,-1
private,34,7,-27
'/,20,8,-12
relative,22,5,-17
copying,91,33,-58
local,35,15,-20
stream,20,18,-2
utilities,2,2,0
mountfd,3,1,-2
opendir,1,2,1
2017,20,16,-4
fs_ctx-,11,9,-2
visitor.free,1,1,0
v-,12,15,3
syntax,10,5,-5
strtod,3,3,0
qobject_input_visitor_new,1,3,2
qobject_input_check_struct,1,1,0
scalars,1,3,2
qemu_strtosz,6,2,-4
to_qiv,4,2,-2
qobjectinputvisitor,2,3,1
keyval_parse,1,4,3
qobject_incref,10,3,-7
qobject_input_check_list,1,1,0
qobject_input_next_list,1,1,0
'off,1,3,2
qobject_input_start_alternate,1,1,0
qobject_input_pop,1,1,0
full_name,1,4,3
refer,5,3,-2
endp,4,7,3
qobject_input_get_object,1,2,1
qerr_invalid_parameter_type,7,7,0
-erange,1,7,6
2012-2016,3,4,1
qiv,10,12,2
qstr,2,5,3
'on,2,2,0
qobject_input_start_list,1,1,0
visitor.type_uint64,1,1,0
visitor.check_list,1,1,0
qobject_input_visitor_new_keyval,1,2,1
qobj,10,12,2
qobject_input_start_struct,1,1,0
qemu/cutils.h,5,6,1
sysclk,2,1,-1
slotid,1,2,1
transfers,3,6,3
overflowing,4,4,0
shdr,1,1,0
rather,25,23,-2
symbol,6,2,-4
elf_sym,1,5,4
calculation,4,8,4
pread,8,3,-5
vms_varray_uint32,1,1,0
_version,4,1,-3
_size,1,1,0
vmstate_offset_value,3,1,-2
_state,22,4,-18
.num_offset,1,1,0
.field_exists,2,1,-1
_field_num,1,1,0
_test,2,1,-1
.info,5,3,-2
.size,23,12,-11
-eq,5,4,-1
imgfmt=raw,2,1,-1
gmail.com,7,4,-3
non-zero,24,12,-12
reading,46,30,-16
raw,40,19,-21
_unsupported_fmt,1,2,1
wrong,48,29,-19
parse_uint_full,3,5,2
qp-,1,3,2
pixman_image_get_height,2,2,0
pixman_image_get_width,3,3,0
guest.fb,2,2,0
lr,10,5,-5
vga.vram_ptr,2,3,1
cirrusvgastate,4,4,0
blit_is_unsafe,1,4,3
~7,8,8,0
crypto_cfg,1,1,0
virtio_crypto_config,1,1,0
02x.,14,2,-12
addr-,13,4,-9
domain,21,7,-14
ff,1,2,1
ffff,1,1,0
representing,5,1,-4
02x,33,19,-14
xxxx,1,1,0
vfio-pci,5,1,-4
04x,22,9,-13
releasing,4,2,-2
pfd.revents,4,1,-3
held,26,10,-16
node-,15,8,-7
cleaned,5,6,1
mark,42,18,-24
walking_handlers,7,3,-4
nodes,20,13,-7
g_source_remove_poll,1,2,1
lsi,3,2,-1
icsstate,4,3,-1
monitor/monitor.h,6,10,4
xics-,1,1,0
xicsstate,1,4,3
pending_priority,1,3,2
ics-,3,3,0
icpstate,5,2,-3
.interfaces,6,2,-4
icsirqstate,1,2,1
mfrr,2,2,0
irq-,1,2,1
xirr,2,2,0
xics_common,1,1,0
interfaceinfo,6,2,-4
02x\n,12,5,-7
ic,2,3,1
4x,2,1,-1
vcpu_id,2,4,2
recursively,3,4,1
foreign,1,1,0
coroutines,5,8,3
entered,7,2,-5
filled,12,6,-6
shortly,2,1,-1
co,23,15,-8
notice,35,17,-18
runs,11,11,0
laiocb-,2,4,2
qemu_coroutine_self,15,10,-5
eventually,4,3,-1
dr_lmb_enabled,1,1,0
capabilities,21,14,-7
cpu_update,1,1,0
spapr_h_cas_compose_response,1,1,0
spapr_ovec_clone,1,1,0
spapr_ovec_cleanup,2,2,0
ov5_cas_old,1,2,1
spaprmachineclass,3,5,2
smc-,4,6,2
spapr_ovec_diff,1,2,1
smc,8,5,-3
spapr_ovec_new,2,2,0
spapr_ovec_test,2,3,1
iothread-,4,6,2
wait_for_rings_started,3,1,-2
qtest_end,13,9,-4
connect,20,16,-4
g_thread_new,3,2,-1
test_server_free,5,2,-3
testserver,9,3,-6
connect_thread,2,1,-1
test_server_new,5,1,-4
qemu_chr_disconnect,2,1,-1
get_qemu_cmde,3,1,-2
wait_for_fds,3,1,-2
qtest_start,25,13,-12
g_test_trap_subprocess,5,2,-3
test_fail,2,3,1
init_virtio_dev,4,1,-3
g_test_trap_assert_passed,4,2,-2
deal,36,22,-14
delayed,4,7,3
overhead,5,4,-1
books,2,2,0
ppc_booke,4,3,-1
handles,15,11,-4
vfio_add_kvm_msi_virq,1,1,0
signed,20,11,-9
-fno-strict-aliasing,1,1,0
qemu_cflags=,11,5,-6
agree,2,1,-1
qemu_cflags,21,8,-13
style,10,2,-8
tell,25,8,-17
-fno-common,1,1,0
semantics,14,6,-8
gcc,36,14,-22
well,30,17,-13
segfault,2,1,-1
c1,2,2,0
arg_type,8,2,-6
visit_free,6,6,0
gen_call,1,1,0
qmp_dispatch,1,3,2
resp,13,12,-1
c_name=arg_type.c_name,1,1,0
ret_type,5,2,-3
qint_from_int,16,3,-13
qdict_put,29,6,-23
push_indent,2,3,1
mcgen,13,5,-8
s_members,2,1,-1
qdict_new,25,3,-22
visit_type_,8,6,-2
qstring_from_str,24,6,-18
produced,5,2,-3
'goto,2,2,0
qdict_put_obj,16,2,-14
arg_type.is_empty,2,1,-1
qobject_decref,24,24,0
66,4,3,-1
pop_indent,2,3,1
iovcnt,4,10,6
.driver,29,12,-17
exp_cap,1,2,1
changes,39,20,-19
cmask,1,3,2
capability,26,18,-8
generally,17,1,-16
let,52,31,-21
bother,9,7,-2
.property,26,12,-14
exp.exp_cap,1,1,0
changing,15,7,-8
endpoint,8,9,1
migrations,2,3,1
type_pci_device,4,3,-1
across,17,10,-7
pci_set_word,16,8,-8
pci_word_test_and_set_mask,1,3,2
nfds,14,5,-9
fds,25,11,-14
usb_state_default,1,1,0
qemuiovector,30,26,-4
msi_used,1,1,0
error_append_hint,8,8,0
msi_nonbroken,1,1,0
on_off_auto_auto,3,3,0
msi=auto,1,2,1
inconsistent,8,8,0
-enotsup,33,23,-10
pci_msi_flags_maskbit,1,1,0
programming,10,6,-4
shpc,2,1,-1
pci_device,3,13,10
0x60,13,2,-11
silently,9,11,2
0xd0,2,1,-1
0x50,8,5,-3
on_off_auto_on,3,4,1
satisfy,2,3,1
intx,7,2,-5
on_off_auto_off,2,3,1
mac,25,11,-14
error_setg_errno,38,31,-7
enoent,8,14,6
qio_channel,4,3,-1
u.q_unix.data-,2,1,-1
unlink,14,12,-2
socketaddress,8,5,-3
ioc-,2,5,3
socket_address_kind_unix,7,2,-5
'-t,1,1,0
-t,22,11,-11
qemu-img.texi,1,1,0
qemu_add_opts,3,2,-1
qemu/log.h,11,9,-2
qemu-img-cmds.texi,1,1,0
required_argument,5,3,-2
getopt_long,4,5,1
long_options,2,3,1
findex,12,5,-7
qemu-img.1,2,1,-1
qemu_cond_wait,4,5,1
compression,8,7,-1
param-,1,1,0
qemu_mutex_init,29,13,-16
pagesize,5,3,-2
qemu_mutex_unlock,43,23,-20
qemu_cond_signal,2,4,2
compbuf,1,1,0
des,4,1,-3
quit_decomp_thread,1,1,0
decomp_param,2,1,-1
qemu_mutex_lock,46,24,-22
qemumutex,33,12,-21
qemucond,6,6,0
.done,4,2,-2
.start,4,2,-2
qemu_cond_init,7,3,-4
especially,3,2,-1
tv_sec,3,1,-2
__put_user,10,8,-2
__get_user,12,3,-9
tswapal,2,5,3
aio_bh_new,8,5,-3
bh,40,24,-16
coroutineiocompletion,1,1,0
bdrv_co_io_em_complete,2,1,-1
qemu_bh_delete,14,17,3
qemubh,26,15,-11
co.ret,1,1,0
si_kernel,1,1,0
target_sigill,4,1,-3
target_sigsegv,4,3,-1
avoids,8,6,-2
rt_sigqueueinfo,1,1,0
knows,6,1,-5
strip,4,3,-1
extract32,38,13,-25
direct,22,7,-15
record,14,10,-4
writing,34,32,-2
best,11,4,-7
everything,23,17,-6
deposit32,7,5,-2
qemu/bitops.h,8,1,-7
figure,5,2,-3
marker,3,2,-1
sigqueue,1,1,0
giving,3,4,1
si_code,3,2,-1
made,15,13,-2
awkward,2,2,0
guess,5,5,0
target_sigbus,1,1,0
qemu_si_fault,1,3,2
target_sigchld,1,3,2
target_sigfpe,2,4,2
carefully,6,1,-5
easy,8,6,-2
sextract32,6,3,-3
unlikely,73,34,-39
pr,10,15,5
plen,10,3,-7
in_len,5,2,-3
4096,53,26,-27
cnt,10,7,-3
pvscsi_ring_init_data,1,1,0
pvscsi_setup_rings_max_num_pages,1,1,0
ri-,8,4,-4
rings,6,4,-2
cmpringnumpages,1,1,0
pvscsi_setup_msg_ring_max_num_pages,1,1,0
numpages,1,2,1
reqringnumpages,1,1,0
rx_buffer,1,1,0
migration_blockers-,2,1,-1
qemu_savevm_state_blocked,2,2,0
error_copy,4,2,-2
migration_status_active,5,2,-3
vm_start,8,9,1
asprintf,4,3,-1
d_name,3,5,2
e-,13,14,1
start_struct,2,2,0
start_alternate,1,1,0
promote_int,2,1,-1
notifiers,6,4,-2
qemu_get_aio_context,18,8,-10
enough,50,35,-15
bdrv_drained_end,2,4,2
ugly,11,4,-7
backends,8,8,0
iterates,2,1,-1
filesystem,1,8,7
qemu_fd_getpagesize,1,2,1
iterate,5,4,-1
gcrypt.h,1,1,0
qcrypto_hash_alg_sha1,4,2,-2
gcry_md_sha256,1,1,0
qcrypto_hash_alg_md5,2,2,0
config_nettle,5,1,-4
stub-obj-y,6,3,-3
gcry_md_md5,1,1,0
gcry_md_sha1,1,1,0
g_n_elements,5,6,1
library,27,20,-7
qcrypto_hash_alg__max,2,1,-1
2015-2016,3,2,-1
hash,39,21,-18
algorithm,10,7,-3
kdf,1,1,0
pbkdf,3,1,-2
pbkdf2_hmac_sha256,1,1,0
config_gcrypt_kdf,2,2,0
g_gnuc_unused,9,4,-5
crypto-obj-,3,1,-2
lesser,22,16,-6
libgcrypt,1,1,0
salt,2,2,0
pbkdf-nettle.o,1,1,0
nettle/pbkdf2.h,1,1,0
iterations,12,6,-6
gcry_md_none,1,1,0
gcrypt_libs,1,1,0
qcrypto_hash_alg_sha256,5,2,-3
crypto,16,4,-12
nsalt,1,1,0
enosys,9,5,-4
pbkdf-gcrypt.o,1,1,0
gcry_strerror,1,1,0
crypto-obj-y,3,3,0
hypercall,3,4,1
first_cpu-,7,5,-2
hcall-instructions,1,1,0
kvmppc_get_hypercall,2,1,-1
bdrvqedstate,5,5,0
bdrv_drain,3,2,-1
ongoing,5,4,-1
fired,2,2,0
taking,9,6,-3
qed_plug_allocating_write_reqs,1,2,1
meant,1,2,1
arm_feature_v8,16,6,-10
banks,9,2,-7
arm_feature,65,17,-48
uncached_cpsr,5,7,2
caught,4,1,-3
cpsr_m,3,9,6
restoring,6,3,-3
cpsr,8,3,-5
spsr,1,4,3
've,23,14,-9
sort,17,6,-11
msr,21,18,-3
arm_cpu_mode_hyp,2,3,1
hyp,1,2,1
cpuarmstate,79,11,-68
cps,3,4,1
cpsrwritebyinstr,1,3,2
tricore_feature_131,1,1,0
branch,33,12,-21
tricore_feature,1,1,0
built,12,17,5
expr_info,15,5,-10
qapiexprerror,17,7,-10
'any',1,1,0
'any,1,2,1
comma,4,3,-1
\s+,3,2,-1
tighten,1,2,1
expose,15,9,-6
difficult,1,1,0
correcting,1,2,1
fdrive,1,1,0
last_sect,2,2,0
match,65,27,-38
drv-,58,22,-36
geometry,10,2,-8
around,31,24,-7
fdc,4,2,-2
bounds,3,11,8
medium,13,8,-5
drives,12,7,-5
inserted,12,13,1
bugs,9,9,0
max_track,3,2,-1
established,1,3,2
seek,5,4,-1
nasty,1,3,2
r'^,1,1,0
^\,1,1,0
dict,27,9,-18
counters,8,1,-7
self.values,2,1,-1
provider.fields,1,1,0
newval,1,1,0
wanted,6,3,-3
re.match,1,1,0
provider,1,4,3
stats,6,5,-1
self.fields_filter,1,1,0
provider_fields,1,1,0
updating,6,8,2
attrs,16,9,-7
kvm_eventfds_enabled,1,2,1
ioeventfds,1,2,1
sysemu/kvm.h,13,7,-6
memtx_ok,3,7,4
memtxattrs,16,8,-8
binding,3,3,0
eventfd,10,9,-1
signalled,1,1,0
.data,9,6,-3
int128_make64,6,4,-2
addrrange_make,1,2,1
event_notifier_set,8,3,-5
variants.tag_member.type.name,2,2,0
simple,32,22,-10
enum_const=c_enum_const,1,1,0
camel_to_upper,2,1,-1
visit_get_next_type,1,1,0
variants.variants,4,3,-1
self._fwdefn,1,1,0
var.type.alternate_qtype,2,1,-1
enumerate,3,3,0
visit,10,7,-3
s_qtypes,2,1,-1
gen_alternate_qtypes,1,1,0
c_name=c_name,10,4,-6
qapi/qmp/qerror.h,3,6,3
self.decl,3,2,-1
name=name,2,3,1
'name,12,5,-7
enum_const,1,1,0
variants,16,6,-10
gen_alternate_qtypes_decl,1,1,0
var.name,2,2,0
qtype_float,1,1,0
visitors,7,8,1
qtypes,1,1,0
cast,9,3,-6
qobject_type,42,21,-21
case=var.type.alternate_qtype,1,1,0
c_key,2,2,0
session-,1,1,0
x509,6,5,-1
dpl,7,5,-2
lhs-,5,3,-2
desc_b_shift,1,1,0
desc_l_shift,1,1,0
desc_p_mask,5,1,-4
desc_g_mask,4,2,-2
desc_dpl_shift,5,5,0
desc_type_shift,6,1,-5
db,2,3,1
avl,1,1,0
rhs-,1,2,1
desc_s_mask,4,1,-3
desc_avl_mask,1,1,0
intptr_t,10,6,-4
test-block-obj-y,1,2,1
block_job_defer_to_main_loop,8,2,-6
coroutine_fn,30,19,-11
g_test_run,27,8,-19
delay,19,14,-5
-ecanceled,1,6,5
block/blockjob.h,1,1,0
test_block_job_driver,1,2,1
aio_poll,25,12,-13
block_job_enter,4,3,-1
completing,5,4,-1
simulates,1,1,0
block_job_sleep_ns,1,2,1
entering,6,4,-2
block_job_yield,1,2,1
blockjobdriver,1,2,1
g_test_init,25,8,-17
block_job_completed,4,7,3
bdrv_unref,13,14,1
common.co,1,3,2
txn,2,2,0
block_job_txn_unref,1,1,0
qemu_coroutine_create,7,4,-3
qemu_coroutine_enter,20,10,-10
kick,11,5,-6
kicks,3,1,-2
qemu_clock_realtime,10,8,-2
2015,35,16,-19
cancellation,3,3,0
qemu/main-loop.h,8,6,-2
glib.h,38,10,-28
completes,9,7,-2
block_job_is_cancelled,5,6,1
qemu_init_main_loop,11,4,-7
bdrv_new,7,6,-1
vfiomsivector,1,1,0
nr_vectors,2,2,0
quirk-,4,3,-1
vfioregion,1,1,0
regions,35,12,-23
peer,23,13,-10
d64,1,1,0
cpu_to_be64w,2,1,-1
cpu_to_be32w,4,1,-3
hw/virtio/vhost.h,1,3,2
vhost,9,5,-4
rrr_t,2,4,2
gen_window_check2,1,2,1
rrr_s,2,2,0
shm_fd,1,2,1
incoming_fd,1,3,2
ring-,2,3,1
flow,8,4,-4
group-,4,4,0
container,28,12,-16
gracefully,1,6,5
vfio,21,8,-13
initfn,1,3,2
throw,10,3,-7
bitmap_size,2,6,4
block_mig_state.bmds_list,1,1,0
bdrv_sector_bits,44,22,-22
qsimpleq_foreach,2,2,0
bmds,2,2,0
dirty_bitmap,6,4,-2
init_blk_migration,2,1,-1
bmds-,2,3,1
__line__,7,3,-4
err-,3,1,-2
error_setg_file_open,2,1,-1
__file__,7,3,-4
va_list,22,13,-9
/^\+\s,1,3,2
=~,25,9,-16
\s,11,5,-6
/^.\s,2,2,0
/\,7,3,-4
type\s,1,2,1
seen++,2,2,0
/^\s,2,3,1
hyperv_crash,2,1,-1
hv_x64_msr_crash_p0,1,1,0
vmstate_uint64_array,1,1,0
hyperv_relaxed_timing,1,1,0
indices,5,4,-1
.needed,18,7,-11
.fields,37,14,-23
hv_x64_msr_crash_ctl,1,1,0
edx,37,7,-30
vmstate_end_of_list,33,15,-18
kvm_msr_list-,3,1,-2
vmstatefield,39,16,-23
msrs,9,5,-4
vmstatedescription,40,15,-25
has_msr_hv_crash,1,1,0
define_prop_bool,27,6,-21
standard-headers/asm-x86/hyperv.h,1,1,0
.index,7,3,-4
hv_x64_guest_crash_msr_available,1,2,1
kvm_msr_entry_set,5,3,-2
check_strtox_error,2,1,-1
endptr,16,6,-10
prefer,5,3,-2
bsd,8,5,-3
out-of-range,3,1,-2
erange,6,4,-2
nptr,4,2,-2
einval,16,16,0
conversion,9,6,-3
ip_p,1,1,0
ip_header_version_4,1,1,0
hlen,8,5,-3
ip_len,2,3,1
eth_hlen,3,3,0
packet\n,2,1,-1
ip_header_version,1,1,0
proto,5,2,-3
ip_header,2,4,2
be16_to_cpu,8,8,0
cannot_instantiate_with_device_add_yet,3,4,1
dispatching,2,1,-1
phase,5,6,1
-o2,2,2,0
bh-,9,5,-4
blocking,16,12,-4
was_dispatching,2,1,-1
hits,1,2,1
skipped,11,5,-6
atomic,12,7,-5
interaction,3,1,-2
aio_ctx_prepare,2,1,-1
have_select_revents,1,3,2
event_notifier_set\n,1,1,0
spin,5,7,2
wastes,1,1,0
something,37,25,-12
foo++,1,1,0
describes,5,6,1
smp_mb,5,7,2
aio_set_dispatching,1,1,0
pairs,4,8,4
final,20,11,-9
pan.c,1,1,0
computing,4,5,1
nested,9,5,-4
simulating,3,1,-2
fast,8,6,-2
optimization,9,2,-7
./a.out,1,1,0
sets++,1,1,0
nudge,1,1,0
od,3,2,-1
poll,19,6,-13
atomic_add,2,1,-1
~1,8,6,-2
sets,24,15,-9
docs/aio_notify.promela,1,1,0
machinestate,24,17,-7
irqchip,5,3,-2
kvmstate,29,12,-17
kvm_vm_enable_cap,3,3,0
machine_kernel_irqchip_allowed,1,2,1
poll_mode,1,1,0
hwvoicein,1,2,1
hw,9,10,1
qemu_set_fd_handler,15,8,-7
hwvoiceout,1,2,1
bits_per_long,3,4,1
bit_word,1,2,1
account,11,6,-5
~0ul,1,2,1
assignments,1,1,0
qemu/atomic.h,3,1,-2
avoided,5,3,-2
area,48,15,-33
counting,8,4,-4
atomically,2,3,1
qemu_irq_split,1,1,0
qemu_allocate_irqs,6,9,3
qemu_allocate_irq,1,3,2
smi_irq,2,2,0
i8259,7,4,-3
qemu_irq,43,18,-25
gsi,11,6,-5
qemu_iovec_init_external,4,7,3
mark_request_serialising,1,1,0
tracked_request_end,2,2,0
bdrv_req_zero_write,1,1,0
.iov_len,26,26,0
request_alignment,14,2,-12
bdrv_aligned_preadv,1,1,0
unaligned,34,12,-22
middle,11,6,-5
align,46,23,-23
.iov_base,24,27,3
bdrvtrackedrequest,5,6,1
bdrvrequestflags,6,2,-4
bdrv_aligned_pwritev,1,1,0
blkdbg_event,1,3,2
~bdrv_req_zero_write,1,1,0
wait_serialising_requests,1,2,1
local_qiov,3,5,2
virtio_queue_max,5,2,-3
maydell,5,2,-3
together,5,6,1
memory_region_read_accessor,2,1,-1
linaro,11,3,-8
necessary,48,19,-29
confusion,3,1,-2
constant,18,4,-14
distinguish,6,2,-4
1u,21,25,4
associated,68,21,-47
memory_region_write_accessor,2,1,-1
master,12,12,0
peter.maydell,2,2,0
subsystem,15,4,-11
old_mmio.read,1,2,1
memtx_error,2,1,-1
qemu_flush_coalesced_mmio_buffer,1,2,1
memtxattrs_unspecified,8,8,0
memtxresult,4,7,3
linaro.org,6,3,-3
peter,10,4,-6
attributes,12,3,-9
topmost,5,2,-3
transaction,16,8,-8
new-style,1,2,1
limited,55,21,-34
attribute,22,8,-14
ctz32,9,5,-4
accessors,3,2,-1
.args_type,22,13,-9
hold-time,1,1,0
elem.in_sg,8,5,-3
resp_size,3,1,-2
elem.out_num,6,8,2
req_size,3,1,-2
elem.out_sg,8,7,-1
elem.in_num,7,5,-2
drop_sync,2,1,-1
65536,29,16,-13
read_sync,6,4,-2
csock,13,9,-4
dropped,7,5,-2
save_cpu_state,2,4,2
surface-,4,5,1
pf,3,3,0
linesize,5,3,-2
rtas_out_param_error,7,2,-5
memory_region_set_size,3,1,-2
memory_region_transaction_begin,9,4,-5
memory_region_transaction_commit,10,4,-6
pcie_mmcfg_size_max,2,1,-1
g_assert_cmphex,15,12,-3
le16_to_cpu,2,7,5
0x200,18,11,-7
buff,1,3,2
machines,16,10,-6
g_slist_free,7,4,-3
bl.max_transfer_length,6,2,-4
uint32_max,17,16,-1
bl.max_discard,6,2,-4
.bdrv_refresh_limits,6,1,-5
target_vec,2,1,-1
unlock_user,5,10,5
ahci_px_cmd,1,2,1
ahci_px_cmd_st,1,2,1
ahci_cap,1,3,2
ahci_pi,1,2,1
fb,3,8,5
usleep,7,2,-5
possibly,10,16,6
free_ahci_device,1,1,0
ahci_px_ssts,1,2,1
logical,23,11,-12
ahci_px_is,4,2,-2
ahci_px_wreg,2,1,-1
ctzl,1,2,1
bitset,3,2,-1
ahciqstate,3,6,3
0x01,52,27,-25
ich9,3,1,-2
ahci_px_tfd_sts_drq,1,2,1
reg,95,50,-45
find,95,54,-41
libqos-pc-obj-y,10,4,-6
ahci_alloc,2,1,-1
0-5,1,1,0
ahci_px_ie_reserved,1,2,1
sanity-check,3,1,-2
libqos,3,1,-2
locate,5,7,2
presence,5,5,0
get_ahci_device,1,1,0
qpci_config_writeb,2,2,0
ahci_px_serr_diag_x,1,2,1
hba,4,4,0
0x92,1,2,1
ahci_px_tfd,4,3,-1
ahci_px_cmd_cr,1,2,1
qpci_init_pc,9,5,-4
ahci_cap2,1,2,1
interest,1,2,1
qpci_free_pc,4,9,5
bring,3,2,-1
assert_bit_clear,6,4,-2
acts,1,1,0
ahci_ghc_ae,1,2,1
ahci_is,1,2,1
ahci_px_cmd_fr,1,2,1
ahci_px_ie,1,2,1
ahci_px_tfd_sts_bsy,3,2,-1
500000,1,2,1
08,9,4,-5
ahci_px_serr,2,2,0
ahci_px_fb,1,3,2
cap,12,11,-1
ahci_px_cmd_fre,1,2,1
g_test_message,6,6,0
engine,1,3,2
ports,11,11,0
ahci_px_clb,1,3,2
pci_vendor_id,9,4,-5
fis,2,4,2
areas,9,6,-3
pxclb,1,2,1
qpci_config_readb,2,2,0
ahci_cap_ncs,1,2,1
ahci_px_rreg,4,3,-1
assert_bit_set,4,3,-1
receive,20,13,-7
implemented,62,21,-41
0x20,39,18,-21
ahci_ghc,1,2,1
sys.platform,1,1,0
supported_oses,1,1,0
look,28,12,-16
dmg,2,1,-1
-length,2,2,0
search,16,7,-9
rounded,6,8,2
0x1d8,1,1,0
511,10,4,-6
0x28,10,11,1
info_begin,2,3,1
blocks,34,14,-20
pthread_mutex_unlock,3,3,0
ev-,3,2,-1
pthread_mutex_lock,3,3,0
tend,1,2,1
ppc2_tm,1,4,3
fscr_ic_tm,2,3,1
0x19,12,3,-9
powerpc_excp_fu,1,4,3
tcg_gen_movi_i32,12,11,-1
0x15,7,3,-4
gen_handler2_e,3,3,0
0x18,18,16,-2
0x1b,9,6,-3
tsr,3,4,1
0x1a,7,6,-1
gen_,5,4,-1
tm_enabled,1,3,2
cr,28,16,-12
instructions,48,11,-37
0x17,9,5,-4
0x1c,8,7,-1
0b00,1,3,2
ppc_none,13,9,-4
qemu_acl_entry,1,2,1
deny,1,3,2
find_typename_by_alias,1,2,1
object_class_by_name,21,8,-13
locked,14,15,1
ebusy,1,1,0
guest_phys_blocks_free,1,1,0
resume,13,8,-5
bmap_size,2,1,-1
sector_size,7,7,0
bmap,7,4,-3
check_errors++,7,7,0
-enomem,14,28,14
header.blocks_in_image,1,2,1
_feature_field,1,1,0
virtio_f_any_layout,8,1,-7
any_layout,3,1,-2
virtio_blk_rw_complete,3,2,-1
bdrv_acct_start,1,3,2
qiov.size,4,6,2
virtio_blk_s_ioerr,1,1,0
bdrv_acct_read,2,2,0
bdrv_acct_write,1,2,1
common-obj-,21,7,-14
config_linux,14,7,-7
sys/socket.h,5,5,0
l2tpv3,1,1,0
va_end,16,10,-6
qobject_to_json,4,3,-1
going,23,13,-10
'path,7,5,-2
g_strdup_vprintf,4,7,3
qobject_from_jsonv,3,3,0
unnecessary,11,3,-8
socket_send,1,1,0
va_copy,1,1,0
'property,1,3,2
'qom-get,2,2,0
qapi/qmp/json-streamer.h,1,2,1
escape,5,4,-1
define_prop_end_of_list,23,10,-13
device_class,30,12,-18
props,36,14,-22
virtioblkconf,1,1,0
deviceclass,40,12,-28
buschild,3,2,-1
bc-,4,1,-3
realization,3,1,-2
children,20,13,-7
kid,4,2,-2
kid-,4,4,0
hint,12,4,-8
ram_slots,5,2,-3
dimms,2,2,0
set_bit,22,7,-15
busy,25,12,-13
pcdimmdevice,5,3,-2
pc_dimm_slot_prop,3,1,-2
pc_dimm,3,2,-1
find_first_zero_bit,1,1,0
type_pc_dimm,5,3,-2
object_property_get_int,12,5,-7
hotplug_dev,7,7,0
occupied,2,2,0
guest_primary.surface.height,3,1,-2
guest_primary.surface.width,3,1,-2
0x08,46,22,-24
lowcore,5,4,-1
excp_halted,2,6,4
pixels,5,3,-2
cur,5,10,5
ctpop64,4,1,-3
ctpop32,2,1,-1
type_user_creatable,3,2,-1
object-add,2,1,-1
abstract,4,3,-1
objectclass,59,22,-37
255,41,12,-29
pagetable,1,4,3
vhd_max_sectors,1,2,1
65535ll,2,1,-1
p-,36,29,-7
qemu_irq_raise,13,5,-8
scon-,4,3,-1
chr_read,5,6,1
trigger,28,19,-9
sclp,4,4,0
ptimer_set_count,4,1,-3
timer-,3,5,2
ptimer,2,2,0
counter,19,15,-4
trace_grlib_gptimer_enable,1,1,0
dump,7,9,2
0x5a,4,2,-2
produce,9,7,-2
sclpevent,2,1,-1
waitpid,1,5,4
sigact,1,2,1
signo,1,2,1
sigemptyset,4,8,4
kill_qemu,1,1,0
restored,8,2,-6
qteststate,11,4,-7
sigabrt,1,1,0
sigaction,7,7,0
global_qtest,11,6,-5
xfer_limit,7,2,-5
bytes_xfer,5,2,-3
address_space_destroy,2,1,-1
bus_master_as,2,1,-1
pci_config_free,1,2,1
bus_master_enable_region,1,2,1
translate,22,4,-18
cp_access_trap,1,1,0
succeed,2,12,10
specifically,5,4,-1
tcg_const_ptr,1,1,0
emit,15,9,-6
gen_a64_set_pc_im,10,1,-9
making,11,5,-6
cpaccessfn,1,1,0
cpaccessresult,4,1,-3
cp_access_ok,4,1,-3
gen_set_pc_im,6,3,-3
0xc,11,4,-7
raise_exception,11,12,1
failing,3,4,1
tmpptr,1,2,1
tcg_temp_free_ptr,4,2,-2
syndrome,4,4,0
cause,44,25,-19
coprocessor,11,4,-7
ri,18,5,-13
category,1,1,0
rip,3,2,-1
addition,13,11,-2
registers,97,34,-63
due,40,23,-17
0x5,7,3,-4
tcgv_ptr,6,3,-3
configurable,12,2,-10
excp_udef,10,3,-7
0x6,11,3,-8
armcpreginfo,17,2,-15
catch-all,1,1,0
virtio_blk_device_exit,1,1,0
virtio_blk,4,3,-1
virtio-blk,10,2,-8
mirror_sync_mode_none,2,3,1
sync,38,24,-14
qov,13,3,-10
qapideallocvisitor,3,1,-2
to_qov,3,1,-2
qcow2_ol_default,3,2,-1
snapshots_size,3,4,1
~qcow2_ol_active_l2,2,1,-1
~qcow2_ol_active_l1,1,1,0
qcow2_pre_write_overlap_check,2,7,5
qcow2_ol_active_l2,1,2,1
bitmask,5,3,-2
qcow2_ol_refcount_block,1,2,1
sections,11,4,-7
cluster_size,48,45,-3
qcow2_ol_active_l1,1,2,1
new_l1_table_offset,1,3,2
qcow2_ol_refcount_table,1,3,2
i.e.,3,2,-1
new_l1_size2,1,4,3
~qcow2_ol_refcount_block,1,1,0
~ign,1,1,0
qcow2_ol_inactive_l2,1,2,1
qcow2metadataoverlap,1,2,1
chk,3,7,4
usb_packet_cleanup,1,2,1
.packet,1,1,0
epctx-,3,3,0
new_block-,11,6,-5
qemu_madvise,3,3,0
qemu_madv_dontfork,2,2,0
asap,5,3,-2
xhciepcontext,1,1,0
transfer,33,24,-9
retry,17,9,-8
epctx,2,3,1
xhcitransfer,1,1,0
xfer-,3,4,1
xfer,4,3,-1
xhci,2,8,6
running_retry,2,1,-1
timed_xfer,1,1,0
kb,4,4,0
-b,26,15,-11
qcow2_free_clusters,3,7,4
131072/131072,2,6,4
size=1073741824,2,4,2
capacity,10,4,-6
le64_to_cpu,7,8,1
desc_size,1,3,2
qemu_savevm_state_complete,2,3,1
vm_stop_force_state,1,3,2
qemu_file_set_rate_limit,4,2,-2
migrate_finish_set_state,1,2,1
mig_state_error,2,4,2
kvmclock_pre_save,1,1,0
stopped,24,12,-12
data.flags,2,2,0
clock_valid,1,1,0
kvm_vm_ioctl,20,8,-12
data.clock,1,1,0
kvm_state,52,19,-33
kvmclockstate,1,1,0
runstate_is_running,7,4,-3
clock,28,10,-18
kvm_clock_data,2,1,-1
.post_load,10,9,-1
continued,1,1,0
kvm_get_clock,1,1,0
.pre_save,5,7,2
int64_max,14,16,2
ticks,3,6,3
triggers,11,4,-7
tb_env-,4,1,-3
tb_freq,1,1,0
express,34,14,-20
biggest,2,2,0
fclose,14,9,-5
recv_fifo,1,4,3
fifo8_is_full,1,1,0
fifo8_is_empty,3,3,0
alloc,18,10,-8
cocoa_debug,3,3,0
config_len,1,2,1
k-,48,25,-23
s390_del_running_cpu,2,3,1
pause,10,10,0
vm_stop,8,11,3
monitor_protocol_event,5,9,4
'action,1,6,5
migrate_use_xbzrle,3,5,2
ram_bulk_stage,1,2,1
apic_state,10,3,-7
apic_mapped,1,1,0
x86_cpu_apic_init,1,1,0
data_dir,4,2,-2
os_find_datadir,1,2,1
data_dir_idx++,1,2,1
data_dir_idx,1,1,0
location,27,11,-16
r_ok,3,2,-1
config_qemu_datadir,1,1,0
subdir,2,2,0
sysbus,5,4,-1
sbc-,1,1,0
sbc,4,2,-2
sys_bus_device_class,3,1,-2
gic_maxirq,2,1,-1
gic,18,7,-11
sbd,9,4,-5
num_irq,8,4,-4
instance,26,13,-13
arm_gic_common,2,1,-1
sysbusdevice,30,14,-16
gicstate,10,3,-7
sdc-,1,1,0
arm_gic,2,2,0
sdc,1,1,0
from_sysbus,6,2,-4
num_cpu,6,2,-4
cpuiomem,1,1,0
sysbusdeviceclass,4,1,-3
sysbus_init_mmio,15,6,-9
nc-,13,11,-2
ncpu,2,1,-1
exceeds,16,13,-3
sys_bus_device,26,10,-16
0x20000000,7,4,-3
msi_win_addr,1,1,0
io_win_addr,4,1,-3
lsi_table,2,1,-1
dma_liobn,2,1,-1
0x80000000ull,3,1,-2
sphb-,13,4,-9
phbs,4,2,-2
unique,14,11,-3
pci_host_bridge,3,1,-2
qdev_prop_set_string,3,2,-1
index\,2,4,2
find_phb,1,3,2
phb\n,1,1,0
spapr_pci_io_win_size,2,5,3
pcihoststate,4,2,-2
spapr_pci_mmio_win_off,1,1,0
spapr_pci_msi_win_off,1,1,0
mem_win_size,3,2,-1
qdev_prop_set_uint32,18,5,-13
0x90000000,1,1,0
0xa0000000,3,2,-1
0x80000000,34,15,-19
spaprphbstate,11,7,-4
irq_num,7,2,-5
io_win_size,2,1,-1
phb,12,9,-3
0x1000000000ull,1,2,1
spapr_create_phb,1,1,0
spapr_pci_mmio_win_size,1,3,2
dtbusname,7,1,-6
define_prop_hex64,2,2,0
spapr_pci_window_base,1,1,0
papr,10,11,1
spapr_pci_window_spacing,1,1,0
.irq,4,2,-2
windows_base,1,1,0
pci_find_domain,1,1,0
buid,7,5,-2
tce,7,5,-2
spapr_pci_mem_win_bus_offset,3,1,-2
mem_win_addr,3,1,-2
pci_register_bus,3,3,0
busname,1,1,0
define_prop_hex32,2,3,1
liobn,8,5,-3
qdev_prop_set_uint64,6,2,-4
nentries,2,3,1
acl-,1,3,2
forever,4,4,0
local_progress,1,1,0
num_sectors,3,2,-1
nb_sectors,80,63,-17
io_buf_size,4,5,1
update.top,3,1,-2
update.right,3,1,-2
qxl_set_guest_bug,2,6,4
qxl_io_update_area,2,1,-1
update.left,3,1,-2
update.bottom,3,1,-2
'\0,64,36,-28
ov,13,16,3
pr-,2,4,2
ad-,1,8,7
object_get_typename,20,6,-14
config_have_get_memory_mapping,1,1,0
paging,1,4,3
cpu_paging_enabled,1,1,0
memorymappinglist,2,2,0
get_tmp_filename,1,3,2
tmp_filename,2,4,2
tmpdir,3,4,1
max_path,2,3,1
greater,16,11,-5
qmp_input_push,2,1,-1
cpudef_init,1,1,0
list_cpus,1,1,0
text_console_init,1,1,0
qemu_chr_open_pty,1,1,0
o_nonblock,10,14,4
qemu_chr_open_fd,1,1,0
arg2,28,21,-7
is_error,1,1,0
chmod,5,4,-1
07777,2,2,0
fchownat,1,4,3
fc_mode,8,6,-2
fc_gid,7,6,-1
credp-,10,8,-2
at_empty_path,2,2,0
fc_uid,7,6,-1
fchmod,1,4,3
max_sz,4,1,-3
~0xfff,7,2,-5
/^,10,1,-9
print,49,15,-34
alphabetically,2,1,-1
ordered,6,3,-3
'^,3,2,-1
order,57,20,-37
qerror.h,2,2,0
errmsg,1,2,1
/bin/sh,8,3,-5
qerror,7,2,-5
qerror_table,1,1,0
definitions,20,6,-14
rtype,1,1,0
sd-,10,7,-3
sd_illegal,1,2,1
illegal_command,1,2,1
card_status,2,6,4
s'\n,28,22,-6
qdev_init_nofail,23,15,-8
num_regs,1,2,1
xml,4,2,-2
laiocb,1,2,1
out_free_aiocb,1,1,0
tcg_global_mem_new,3,3,0
spr_write_generic,8,10,2
target_ppc64,27,16,-11
spr_noaccess,7,8,1
powerpc_flag_cfar,1,1,0
spr_register,6,5,-1
0x00040000,2,3,1
gprn,3,9,6
tcg_gen_mov_tl,7,13,6
target_fmt_lx,30,16,-14
sprn,4,9,5
powerpc_flag_bus_clk,3,1,-2
spr_read_generic,9,11,2
cpu_gpr,8,10,2
tcg_areg0,9,3,-6
nip,11,10,-1
cpu_fprintf,17,9,-8
meta-data,1,1,0
invalidate,35,9,-26
bdrv_invalidate_cache,2,4,2
bdrv_states,2,5,3
formats,8,7,-1
cluster_data,1,3,2
curle_ok,1,1,0
data.result,1,1,0
common.cb,8,12,4
common.opaque,8,11,3
msg-,3,2,-1
curl,7,6,-1
acbs,1,1,0
curl_easy_setopt,2,4,2
curlaiocb,2,1,-1
curl_num_acb,2,2,0
curl_read_cb,1,1,0
sect,3,1,-2
tcg_cond_eq,12,11,-1
tb-,54,10,-44
tbd,3,6,3
option_enabled,2,2,0
tcg_gen_brcondi_i32,9,5,-4
tb_invalidate_phys_page_range,9,4,-5
label,22,8,-14
next_pc,3,2,-1
tcg_cond_ne,8,8,0
lcount,1,2,1
rri8_imm8,1,1,0
has_option,4,4,0
xtensa_tbflag_excm,1,2,1
tcg_const_i32,34,18,-16
lend,4,2,-2
gen_wsr_lend,1,1,0
gen_jumpi_check_loop_end,2,2,0
xtensa_option_loop,1,2,1
sr,23,18,-5
gen_jumpi,1,1,0
gen_helper_wsr_lend,1,1,0
lbeg,1,2,1
env1,11,8,-3
cpu_single_env,14,9,-5
is_exec,4,1,-3
do_unassigned_access,4,1,-3
qemu_noreturn,4,5,1
cpu_unassigned_access,3,1,-2
current_dev,1,1,0
current_req,1,1,0
l2_table_cache,6,6,0
next_in_flight,3,2,-1
qcow2_cache_put,2,6,4
nv,3,1,-2
asc,12,5,-7
ide_atapi_cmd_error,2,4,2
cd,16,7,-9
ide_atapi_cmd,2,2,0
asc_medium_may_have_changed,1,1,0
that's,3,1,-2
asc_medium_not_present,1,2,1
sense_unit_attention,1,1,0
sense_not_ready,1,3,2
sense_key,1,2,1
lan9118,2,1,-1
smc91c111,1,1,0
done_smc,1,1,0
tcg_temp_free_i32,25,19,-6
0x24,6,8,2
stop,67,33,-34
remapped,2,1,-1
0x64,7,1,-6
0x05,16,8,-8
modified,20,12,-8
io_buffer,8,4,-4
0x14,14,7,-7
hflags,26,12,-14
0x06,20,6,-14
0x03,28,10,-18
190,1,1,0
cycle,6,4,-2
0x45,2,2,0
sectors,53,23,-30
0x46,5,2,-3
if_mtu,1,1,0
slirp_msize,1,1,0
mbuf,3,1,-2
mce,10,3,-7
bank,16,5,-11
kvm_x86_mce,3,1,-2
mcg_cap,8,2,-6
kvm_irqchip_in_kernel,16,7,-9
excp12_mchk,2,1,-1
mce.addr,1,1,0
mce.mcg_status,1,1,0
kvm_mp_state_runnable,4,1,-3
mce.misc,1,1,0
kvm_x86_set_mce,2,1,-1
~cpu_interrupt_mce,1,1,0
exception_injected,1,3,2
halted,19,15,-4
mp_state,6,2,-4
mce.status,1,1,0
mcg_status,6,4,-2
kvm_cpu_synchronize_state,2,2,0
has_error_code,2,3,1
cpu_interrupt_mce,2,1,-1
kvm_cap_mce,1,1,0
mce_banks,3,1,-2
bank_num,2,1,-1
kvm_has_vcpu_events,1,2,1
triple,4,2,-2
interrupt_request,24,9,-15
mci_status_val,5,1,-4
qemu_system_reset_request,6,4,-2
fault,31,10,-21
vhost_net,5,3,-2
constructor,6,3,-3
get_name,2,2,0
collect,2,5,3
libs=,10,1,-9
libs,29,10,-19
namespace,21,2,-19
-h,5,5,0
mutex_unlock,2,1,-1
mutex_lock,2,1,-1
wmb,1,3,2
__attribute__,32,20,-12
fmt=,1,2,1
headers,21,14,-7
rounding,7,5,-2
secs_per_cyl,1,1,0
calculate_geometry,1,1,0
total_size,13,11,-2
cyls,11,3,-8
behaviour,19,10,-9
-efbig,8,16,8
cyls_times_heads,1,1,0
increase,8,13,5
pcap_vc-,1,1,0
.cleanup,3,2,-1
qemu_new_vlan_client,1,3,2
nc,25,10,-15
qemu_new_net_client,1,1,0
hdr.snaplen,1,1,0
net_dump_cleanup,1,1,0
pcap_caplen,1,1,0
qemu_malloc,36,22,-14
info_str,2,2,0
dump_receive,1,1,0
pcap_vc,1,1,0
vlan,15,8,-7
vlanclientstate,10,7,-3
hdr,22,12,-10
0644,5,3,-2
host_state.bus,2,2,0
pci_create_simple,4,3,-1
_d,3,2,-1
qdev_prop_uint32,1,2,1
.offset,20,7,-13
_f,13,6,-7
define_prop_default,3,1,-2
typeof_field,4,1,-3
define_prop_taddr,1,1,0
qdev_prop_taddr,1,1,0
_defval,1,1,0
define_prop_uint64,13,4,-9
type_check,1,1,0
qdev_prop_ptr,3,1,-2
.defval,1,1,0
qdev_prop_pci_devfn,1,1,0
define_prop_uint32,36,5,-31
_n,7,2,-5
_name,3,2,-1
define_prop,2,2,0
_type,10,1,-9
_field,16,1,-15
interface,83,22,-61
pci_class_device,3,2,-1
pci_header_type,8,2,-6
pci_status,2,4,2
writeable,1,2,1
qemu_get_buffer,7,12,5
pci_capability_list,2,2,0
wmask,10,1,-9
pci_class_prog,1,1,0
pci_revision_id,12,1,-11
pci_device_id,6,2,-4
handshake,4,5,1
.bdrv,2,1,-1
drives_table,2,1,-1
if_ide,8,3,-5
nb_nics,8,2,-6
kvm_cap_destroy_memory_region_works,2,2,0
awk,4,2,-2
-x,10,3,-7
kvmerr,1,1,0
kvm_api_version,1,1,0
kvmerr=,1,1,0
os_cflags,3,3,0
kvm_cap_set_tss_addr,1,2,1
kvm=,2,1,-1
tmpe,13,9,-4
kvm_cap_user_memory,2,2,0
arch_cflags,12,7,-5
kvm_cflags,2,1,-1
immediately,26,19,-7
stat_pio_mask,1,1,0
defer,4,5,1
implemented\n,5,6,1
complete,64,43,-21
esp_rstat,1,2,1
unhandled,6,3,-3
rregs,1,2,1
ti_bufsz,2,3,1
0x07,17,6,-11
ti_size,1,1,0
esp,10,5,-5
2.2x,1,1,0
u-boot,3,1,-2
images\n,1,1,0
hdr-,13,4,-9
implement,57,17,-40
-lz,1,2,1
cflags,45,16,-29
ldflags,8,5,-3
tcg_gen_movi_i64,14,2,-12
cpu_ir,4,3,-1
ra,31,16,-15
ohcistate,1,3,2
ohci,5,6,1
ohci-,3,6,3
qemu_register_reset,17,10,-7
ohci_reset,1,2,1
t0,56,38,-18
ifm,2,2,0
m_free,1,2,1
movl,2,1,-1
1\n,3,1,-2
0\n,8,4,-4
asm,14,8,-6
a=,1,1,0
0x12345678,3,2,-1
-10s,3,2,-1
0x9b,1,1,0
next_byte,1,1,0
prefix_fwait,1,1,0
prefixes,7,2,-5
aware,2,4,2
.max_threads,1,1,0
disappear,1,2,1
confusing,1,2,1
1.4.0,3,1,-2
1.5.0,1,1,0
iov_to_buf,6,6,0
data.data,1,2,1
niov,15,18,3
task,9,13,4
iov-,2,4,2
qemu_iovec_to_buf,2,1,-1
libiscsi,2,7,5
data.size,1,2,1
libiscsi_feature_iovector,2,2,0
itask.task,3,1,-2
clone,1,6,5
worst,1,1,0
triggered,18,7,-11
throttling,18,8,-10
incremental,3,5,2
disconnecting,2,2,0
growing,2,3,1
vnc_disconnect_start,1,4,3
reach,9,1,-8
x2,4,2,-2
exceeded,3,3,0
hard,12,6,-6
incorrectly,8,3,-5
malicious,1,1,0
vncstate,9,12,3
factor,1,2,1
framebuffer,10,4,-6
hopefully,2,2,0
stops,10,3,-7
x3,1,2,1
bound,13,5,-8
conservative,2,1,-1
issuing,7,4,-3
cc_op_dynamic,4,3,-1
cancel_cmd,1,1,0
handle_request,1,2,1
get_tpm_version,1,1,0
cpu_interrupt_exittb,3,3,0
qemu_mutex_iothread_locked,2,4,2
cpu_interrupt,15,4,-11
getpc,16,13,-3
s390_env_get_cpu,16,2,-14
qemu_coroutine_yield,15,9,-6
block_job_resume,2,2,0
aio_co_wake,3,4,1
//p,5,2,-3
iops_wr,10,4,-6
couple,4,2,-2
drive=,2,1,-1
iops_rd,10,4,-6
.......,2,3,1
null-aio,1,2,1
dummy,24,8,-16
bps,12,4,-8
query-block,3,2,-1
........,1,3,2
device_add,6,6,0
block_set_io_throttle,1,2,1
conv_keys=false,1,2,1
50,13,7,-6
virtio-scsi-pci,2,2,0
driver=,3,3,0
id=,14,4,-10
iops,14,4,-10
eject,1,3,2
virtio-scsi-ccw,1,1,0
insert,6,5,-1
bps_wr,10,4,-6
device_del,4,3,-1
attach,7,2,-5
dev0,2,2,0
bps_rd,10,3,-7
throttletimers,1,1,0
tt,7,4,-3
tgm-,1,2,1
throttle_state,8,2,-6
\x00\x00\x00\x10\x00\x00\x00\x00,1,1,0
covered,9,6,-3
refcount_block_cache,5,11,6
offset_into_cluster,7,3,-4
rt_offset+8,1,1,0
-',3,1,-2
shrink,2,4,2
qcow2_signal_corruption,6,6,0
corruption,6,18,12
hide,3,2,-1
refblock,5,4,-1
discarding,2,4,2
marking,9,10,1
critical,10,7,-3
1048576,3,7,4
qcow2cache,3,2,-1
imgopts='refcount_bits=1,1,1,0
refblocks,3,1,-2
32m,4,4,0
reftable,3,4,1
pci_irq_nrs,1,1,0
sysbus_connect_irq,16,3,-13
irqn,1,1,0
42,35,8,-27
qdev_get_gpio_in,8,3,-5
mpic,3,2,-1
ppce500params,1,2,1
fatal,9,15,6
maybe,8,6,-2
fw_max_size,1,4,3
exit_failure,22,13,-9
slof,4,4,0
provided,61,25,-36
cs_base,22,6,-16
cota,1,1,0
tb_gen_code,5,3,-2
g.,1,1,0
emulation,62,22,-40
translationblock,25,8,-17
chance,11,8,-3
taken,26,12,-14
tb_jmp_cache,2,2,0
desired,7,6,-1
tb_htable_lookup,1,1,0
exec/poison.h,1,1,0
need_cpu_h,11,1,-10
exec/exec-all.h,4,4,0
locks,10,6,-4
threaded,2,1,-1
tb_lookup__cpu_state,1,1,0
longjmp,4,5,1
cpu_get_tb_cpu_state,4,2,-2
nops,1,3,2
mmap_lock,5,5,0
translated,16,5,-11
emilio,1,1,0
tb_jmp_cache_hash_func,1,1,0
inside,24,14,-10
braap.org,1,1,0
mmap_unlock,6,6,0
tmp=,2,1,-1
test_dir,4,8,4
settings,17,7,-10
-g,6,4,-2
screwed,1,1,0
tty,3,1,-2
aborting,1,6,5
things,19,13,-6
-d,19,9,-10
default_alias_machine=,1,1,0
secret,14,3,-11
image-opts,4,4,0
id=keysec0,3,1,-2
mkdir,11,5,-6
-machine,14,9,-5
default_machine=,1,1,0
source_iotests/sample_images,1,1,0
test_dir=,2,2,0
sample_img_dir=,1,2,1
qemu_prog,12,6,-6
imgoptssyntax,3,2,-1
imgkeysecret,3,1,-2
-z,19,22,3
common.config,2,3,1
qemu_img_extra_args=,1,1,0
qemu_img_extra_args,1,2,1
export,35,15,-20
data=,3,3,0
/scratch,1,1,0
sch-,13,4,-9
cstat,1,2,1
scsw_stctl_status_pend,1,1,0
cpa,2,1,-1
channel_prog,2,1,-1
channel,28,11,-17
hard_vcpus_limit,1,1,0
kvm_vm_check_extension,6,3,-3
kvm_recommended_vcpus,1,1,0
nc++,1,1,0
warn_report,1,4,3
soft_vcpus_limit,2,1,-1
kvm_max_vcpus,2,2,0
kvm_cap_nr_vcpus,2,1,-1
object_property_iter_next,1,1,0
object_property_iter_init,1,1,0
object_get_root,3,2,-1
/dr-connector,1,1,0
strstart,20,7,-13
iter,13,7,-6
container_get,4,2,-2
object_property_get_link,4,2,-2
objectproperty,7,1,-6
objectpropertyiterator,1,1,0
end-of-file,2,1,-1
non-blocking,2,3,1
yielding,1,2,1
storing,13,6,-7
populated,8,2,-6
content,13,9,-4
partial,16,10,-6
qiochannel,4,5,1
reported,11,16,5
referenced,6,5,-1
buflen,10,10,0
behaves,2,3,1
configuring,5,6,1
unisolate,3,1,-2
fragment,6,4,-2
spapr_drc_state_physical_configured,1,1,0
repeatedly,1,2,1
fdt_start_offset,3,1,-2
ccs_depth,1,1,0
spapr_drc_state_physical_unisolate,1,1,0
ccs_offset,1,1,0
spapr_drc_state_logical_configured,1,1,0
fdt_offset_next,1,1,0
configure-connector,1,1,0
-u,11,7,-4
-ne,3,6,3
memory_region_init_rom_nomigrate,1,1,0
memory_region_init_rom,3,1,-2
clz64,4,3,-1
undefined,16,12,-4
target_bs,3,2,-1
bdrv_o_no_backing,6,5,-1
bdrv_o_snapshot,2,3,1
arg-,4,2,-2
bdrv_o_copy_on_read,1,2,1
array_get,3,1,-2
direntry,3,1,-2
subdirectory,1,1,0
vtd_switch_address_space_all,1,1,0
dynamically,5,3,-2
iommu,37,10,-27
turned,1,4,3
on/off,5,1,-4
dirty_memory_block_size,1,1,0
openpicstate,2,2,0
vmstate_uint8_equal,1,1,0
vmstate_int32_equal,2,3,1
vmstate_uint16_equal,1,2,1
fdctrl,8,4,-4
inputs,7,2,-5
queue_size,3,1,-2
vmstate_uint32_equal,2,1,-1
nb_cpus,3,4,1
virtiogpu,1,2,1
nirq,3,1,-2
vmsvga_state_s,1,5,4
conf.max_outputs,2,3,1
qint,13,5,-8
qbool,4,3,-1
hook,10,3,-7
management,14,6,-8
sufficiently,2,5,3
spr_pvr,3,5,2
powerpccpuclass,12,6,-6
vhyp,3,3,0
operating,10,5,-5
pvr,9,6,-3
exact,6,6,0
powerpc_cpu_get_class,7,6,-1
determined,8,3,-5
type_powerpc_cpu,6,1,-5
vmstate_uint32,31,5,-26
pvr_match,2,2,0
spr_cb,1,4,3
similar,22,5,-17
transition,8,1,-7
pcc-,18,7,-11
pcc,13,6,-7
architected,1,1,0
134217728/134217728,1,2,1
test_img=,18,10,-8
128k,5,7,2
2016-2017,3,4,1
33554432,2,1,-1
alignment,36,18,-18
29,22,11,-11
64k,21,27,6
v3,1,3,2
0.10,3,2,-1
test_img.base,15,7,-8
geometries,1,1,0
67108864,6,6,0
max-transfer,1,1,0
backing_file=test_dir/t.imgfmt.base,4,4,0
discarded,7,3,-4
quick,19,10,-9
owner=eblake,1,2,1
size=128m,6,5,-1
zeroes,15,8,-7
constrained,1,1,0
alignments,1,2,1
size=134217728,10,5,-5
'test_dir/t.imgfmt.base,10,6,-4
corner,2,3,1
herecurr,13,5,-8
qr,8,1,-7
realfile,7,2,-5
/\b,7,2,-5
spt-,2,1,-1
python=/path/to/python,1,3,2
2.6,3,4,1
compiled,7,6,-1
python=,2,1,-1
shell,11,5,-6
sys.exit,8,8,0
evaluates,1,2,1
conditional,19,5,-14
sys,8,6,-2
blockdriverinfo,3,2,-1
bdrv_req_may_unmap,7,3,-4
bdrv_get_info,4,3,-1
nr_sectors,1,5,4
bdi,3,3,0
buffer_is_zero,4,2,-2
bdi.cluster_size,1,2,1
blk_pwrite,2,3,1
device_get_hotplugged,1,1,0
device_set_hotplugged,1,1,0
hotplugged,8,10,2
cid,2,3,1
socket_address_kind_vsock,2,1,-1
arm_tbflag_handler,1,1,0
v7m.exception,7,6,-1
v7m_handler_mode,3,1,-2
21,22,15,-7
0x01ff,1,1,0
itr,3,2,-1
header.size,1,4,3
retval,17,13,-4
dd,2,4,2
backing_options,1,2,1
qtype_qdict,25,12,-13
arg_obj,1,2,1
qerr_qmp_bad_input_object_member,2,3,1
arg_name,1,4,3
addi,4,4,0
tcg_gen_addi_tl,4,3,-1
int16_t,12,12,0
gen_goto_tb,8,1,-7
better,28,12,-16
solution,6,2,-4
optimizing,2,2,0
volatile,19,13,-6
no-op,5,5,0
block/aio.h,6,2,-4
timer_free,8,5,-3
policy,4,2,-2
g_memdup,7,6,-1
ptimer_state,2,1,-1
at_removedir,1,4,3
local_post_create_passthrough,3,3,0
v9fs_string_sprintf,2,8,6
sm_local_dir_mode_bits,3,1,-2
fullname,8,6,-2
v9fsstring,11,10,-1
v9fs_string_free,3,8,5
v9fs_sm_none,5,4,-1
credp,9,7,-2
v9fs_sm_passthrough,4,4,0
dir_path-,1,4,3
mkdirat,2,4,2
fullname.data,7,5,-2
v9fs_string_init,2,7,5
err_end,4,5,1
local_set_xattr,8,6,-2
v9fs_sm_mapped,4,4,0
local_set_mapped_file_attr,1,6,5
fc_mode|s_ifdir,1,1,0
verify_read,10,5,-5
lock_user,4,4,0
lock_user_string,1,5,4
efault,7,6,-1
target_sigset_t,2,4,2
frame-,11,7,-4
loops,10,5,-5
go,47,24,-23
faulting,1,1,0
psw_mask_pstate,3,3,0
psw_addr,2,3,1
heuristic,3,1,-2
dat,1,1,0
exceptions,24,11,-13
psw_mask_asc,5,2,-3
psw_mask,2,1,-1
endless,2,2,0
env.psa,1,3,2
psw_mask_dat,2,1,-1
ldq_phys,6,2,-4
psw,4,3,-1
enter_pgmcheck,3,4,1
pgm_operation,2,2,0
instr,1,2,1
postfix,2,2,0
error_free_or_abort,3,13,10
g_assert_cmpuint,5,8,3
strtoull,8,5,-3
qemu_opt_get_number,13,8,-5
object_check,30,13,-17
-softmmu,4,2,-2
mips,19,3,-16
libfdt.h,5,5,0
hw/boards.h,9,7,-2
1000000,11,5,-6
parent_obj,20,14,-6
uart,1,5,4
charbackend,6,3,-3
hw/char/serial.h,1,2,1
hw/ide/pci.h,1,2,1
qemu-common.h,63,19,-44
chr_event_opened,2,3,1
mipscpsstate,3,2,-1
exec/address-spaces.h,10,6,-4
hw/mips/cps.h,1,2,1
hw/hw.h,15,10,-5
0x48,6,4,-2
ub,3,4,1
0xf,56,23,-33
aarch64,22,9,-13
development,1,4,3
hw/loader.h,4,5,1
48,23,9,-14
40,30,11,-19
obj-,48,17,-31
sysemu/char.h,2,2,0
serialstate,4,3,-1
qemu_log_mask,43,27,-16
0x44,4,4,0
boston,4,4,0
imagination,3,3,0
g_byte,1,4,3
hwaddr_prix,20,11,-9
sysemu/qtest.h,10,4,-6
log_unimp,9,10,1
0x2c,9,7,-2
platform,17,4,-13
rcu_register_thread,1,1,0
qemu_wait_io_event_common,2,1,-1
tcg_cpu_exec,3,1,-2
tcg_halt_cond,2,1,-1
qemu_cpu_cond,1,1,0
handle_icount_deadline,1,1,0
tcg_kick_vcpu_timer,1,1,0
cpu_can_run,3,1,-2
excp_debug,15,3,-12
halt_cond,2,1,-1
parallel_cpus,9,1,-8
qemu_thread_create,11,3,-8
qemu_thread_get_self,3,2,-1
cpu_next,3,1,-2
start-up,1,1,0
qemuthread,15,5,-10
safe,38,29,-9
rr,3,1,-2
qemu_tcg_mttcg_enabled,1,1,0
cpu_exec,9,3,-6
cpu_thread_is_idle,2,1,-1
tcg_cpu_thread,2,1,-1
can_do_io,3,1,-2
thread_name,2,1,-1
multi-threaded,3,2,-1
thread_kicked,1,2,1
qemu_get_thread_id,4,1,-3
qemu_thread_joinable,7,3,-4
deep,1,2,1
kicked,1,1,0
qemu_tcg_cpu_thread_fn,1,1,0
qemu_tcg_wait_io_event,2,1,-1
def_helper_flags_2,7,3,-4
cy,1,3,2
tcg_gen_shri_tl,6,7,1
srca,1,2,1
tcg_gen_deposit_tl,2,3,1
exception_index,39,22,-17
uintptr_t,73,30,-43
supervisor,3,3,0
tcg_gen_or_tl,4,9,5
tcg_gen_xor_tl,1,7,6
tcg_call_no_wg,5,4,-1
tcg_cond_ltu,1,2,1
target_long_bits,8,9,1
tcg_gen_andi_tl,9,8,-1
openrisccpu,2,3,1
target_long,11,3,-8
tcg_gen_and_tl,2,9,7
tcg_gen_setcond_tl,1,4,3
carry,6,4,-2
cpu_loop_exit_restore,4,3,-1
tcg_gen_andc_tl,1,5,4
mutex-,1,4,3
pthread_mutex_t,4,2,-2
holding,3,8,5
qemu_get_current_aio_context,2,4,2
comutex,6,2,-4
qemu/processor.h,1,1,0
artificially,3,1,-2
wakeup,4,6,2
cpu_relax,1,1,0
co-,4,5,1
smp_read_barrier_depends,3,1,-2
shorter,2,2,0
atomic_fetch_inc,1,1,0
mutex,26,14,-12
happens,29,22,-7
introduce,1,2,1
faster,5,2,-3
qemu_build_bug_on,20,12,-8
glue,23,5,-18
qemu_build_bug_on_struct,1,1,0
fw_cfg_add_i32,6,3,-3
kernel_size,6,12,6
fw_cfg_init_mem,1,2,1
0x2e,6,3,-3
isadevice,7,7,0
rtc,7,4,-3
i8042,3,1,-2
7.8125,1,1,0
cmos,3,1,-2
isa_create,3,3,0
load_image_targphys,4,10,6
checksums,2,1,-1
isabus,3,7,4
fw_cfg_cmdline_size,1,1,0
kvm_ppc.h,8,4,-4
601,4,3,-1
fw_cfg,30,16,-14
0xfc,7,3,-4
fw_cfg_ram_size,2,1,-1
cpu_ppc_init,3,1,-2
qdev_create,20,8,-12
kernel_load_addr,3,4,1
fw_cfg_kernel_cmdline,1,1,0
hervé,1,1,0
0x2f,7,5,-2
bios_filename,2,5,3
openbios,6,3,-3
isa_bus,7,5,-2
initrd_base,6,4,-2
cmdline,15,14,-1
fw_cfg_initrd_addr,1,1,0
fw_cfg_cmdline_data,1,1,0
fw_cfg_boot_device,1,2,1
initrd_size,6,8,2
frequency,10,3,-7
fw_cfg_add_i16,1,3,2
audio_init,2,1,-1
powerpc_flag_rtc_clk,1,1,0
kernel_base,4,2,-2
cpu_ppc_tb_init,2,1,-1
fw_cfg_initrd_size,2,1,-1
qdev_get_child_bus,2,1,-1
poussineau,2,3,1
ram-size,1,1,0
bios_name,7,7,0
100ul,2,1,-1
qbus_walk_children,1,1,0
initrd_load_addr,1,3,2
fw_cfg_kernel_size,1,1,0
kernel_filename,9,8,-1
cs4231a,1,1,0
checksum,27,9,-18
fw_cfg_boot_set,1,1,0
fw_cfg_max_cpus,2,1,-1
rtc_set_memory,2,2,0
0xc0,15,7,-8
iobase,3,3,0
powerpc,31,16,-15
mc146818rtc,1,1,0
object_property_add_child,24,4,-20
1000ul,2,1,-1
fw_cfg_kernel_addr,1,1,0
initrd,1,7,6
pci_devfn,9,2,-7
pci_vga_init,5,1,-4
time-base,1,1,0
initrd_filename,4,5,1
kernel_cmdline,7,5,-2
qdev_connect_gpio_out,4,2,-2
boot_order,3,2,-1
6xx,1,1,0
7812500ul,1,1,0
ppc6xx_input_int,1,1,0
nvram,5,4,-1
boot_device,5,5,0
max_cpus,37,9,-28
src_len,1,4,3
max_len,7,6,-1
fn,16,14,-2
eventnotifier,12,7,-5
polling,8,7,-1
monitoring,2,1,-1
ppoll,2,1,-1
aiohandler,8,2,-6
event_notifier_get_fd,7,3,-4
walking_handlers++,5,1,-4
freeing,8,7,-1
eventnotifierhandler,1,3,2
iohandler,10,1,-9
aio_set_event_notifier,7,3,-4
registered,24,8,-16
aio_handlers,8,2,-6
attempted,5,2,-3
callbacks,31,13,-18
aio_notify,13,7,-6
aio_set_fd_handler,8,1,-7
scsi_disk_dma_reqops,1,2,1
concerned,3,1,-2
backup_start,2,2,0
job_id,2,2,0
blockdev_on_error_report,1,3,2
.commit,1,3,2
driver-,6,2,-4
backupblockjob,4,3,-1
belong,2,3,1
.clean,1,1,0
callback,55,29,-26
invoked,9,8,-1
pixman_format_bpp,1,2,1
g-,9,8,-1
hostmem,6,4,-2
define_prop_size,1,1,0
conditionally,3,2,-1
bcl,2,1,-1
ide,16,8,-8
0.,3,5,2
byte_count_limit,1,1,0
ide_abort_command,2,1,-1
check_ready,2,3,1
0xf8,7,3,-4
signalling,3,1,-2
proper,17,8,-9
identify,8,4,-4
implies,9,6,-3
core.c,1,1,0
validity,7,2,-5
permit,33,17,-16
0xbe,1,3,2
nondata,1,2,1
exempt,3,1,-2
atapi_dma,1,1,0
125,5,2,-3
atapi,4,1,-3
transferring,1,1,0
addressspacedispatch,4,1,-3
atomic_rcu_set,6,4,-2
asidx,1,3,2
cpu_ases,1,3,2
runstate,5,4,-1
incoming,11,10,-1
old_state,1,3,2
recover,4,4,0
migration_incoming_get_current,4,2,-2
migrate_set_state,2,4,2
migration_status_completed,3,3,0
migration_incoming_co,1,1,0
migrationincomingstate,4,5,1
migration_status_colo,3,2,-1
failover,1,2,1
incorrect,23,13,-10
mis,4,4,0
autostart,3,5,2
spapr_memory_block_size,1,2,1
ov5_hp_evt,1,2,1
csum,12,2,-10
wb,4,4,0
special,44,23,-21
un.sun_path,2,2,0
calling,35,17,-18
qemu_socket,4,4,0
getsockname,3,5,2
sock_stream,9,5,-4
qio_channel_socket_new,3,1,-2
bind,12,9,-3
qiochannelsocket,5,2,-3
sockaddr_un,4,1,-3
af_unix,4,1,-3
localaddr,1,3,2
un,2,1,-1
sockaddr,11,6,-5
listen,17,9,-8
un.sun_family,1,1,0
pf_unix,3,3,0
divider,2,4,2
phb_placement,1,1,0
type_spapr_pci_host_bridge,4,2,-2
naturally,2,1,-1
qemu_align_up,4,8,4
stacked,1,2,1
64kib,1,1,0
mmio_offset,1,1,0
max_index,3,2,-1
outbound,2,1,-1
contiguous,11,2,-9
stringify,17,8,-9
splitting,4,3,-1
mmio32,2,1,-1
kernels,10,9,-1
phb_base,1,1,0
relying,2,2,0
placement,1,1,0
mmio64,1,1,0
gib,4,3,-1
spapr_pci_mem32_win_size,1,3,2
phb's,1,1,0
manual,7,7,0
mem64_win_size,2,1,-1
2gib,1,3,2
name.data,2,4,2
always_inline,3,5,2
num_sg,3,3,0
abi_long,15,11,-4
corresponds,7,2,-5
v9,1,2,1
follow,9,8,-1
page-aligned,1,3,2
hwcaps,1,1,0
cpusparcstate,5,3,-2
raddr,23,13,-10
arg6,1,3,2
arg5,4,7,3
cpush4state,3,4,1
0x40000,8,4,-4
arg4,10,7,-3
libc,4,4,0
architectures,3,2,-1
sparc,10,2,-8
dump_write,1,1,0
qom/,1,1,0
mname,3,4,1
g_main_loop_unref,3,3,0
main_loop,3,2,-1
json_message_parser_destroy,1,4,3
groups,11,3,-8
is_static,2,1,-1
xcc,4,2,-2
definition,32,5,-27
emulates,8,2,-6
lowest,4,6,2
s390cpudef,2,1,-1
s390cpuclass,4,1,-3
s390_cpu_get_class,4,1,-3
xcc-,4,2,-2
cpu_def,2,1,-1
cl_size,1,1,0
fd_num,2,5,3
vhost_user_write,3,3,0
qio_channel_has_feature,1,2,1
connected,20,14,-6
numa,18,8,-10
backed,6,3,-3
long_max,3,7,4
numa_info,9,5,-4
-mem-path,5,3,-2
nb_numa_nodes,16,8,-8
core_id,12,3,-9
spapr_machine,8,5,-3
cores,19,4,-15
core-id,6,2,-4
spapr_max_cores,1,1,0
smt,4,3,-1
compat_props,3,1,-2
.sps,1,1,0
0xff000,1,3,2
defsps,1,1,0
pte_offset,6,6,0
ptem,7,5,-2
ppc_hash64_pteg_search,3,4,1
~hash,3,5,2
16m,1,4,3
ppc_segment_page_sizes,1,2,1
0x00080000,4,2,-2
pte1,8,7,-1
0xf000,2,3,1
mmu_model,18,5,-13
0x110,1,2,1
deals,2,2,0
effective,4,6,2
sysemu/numa.h,2,2,0
n/a,2,1,-1
warned,1,2,1
detected,11,15,4
paused,7,3,-4
activity,5,2,-3
sleeping,8,2,-6
lots,2,1,-1
block_job_pause,2,1,-1
transitions,3,2,-1
quiescent,3,4,1
asynchronous,10,2,-8
restarted,5,3,-2
yielded,1,3,2
ptel,1,1,0
oses,1,3,2
vte.terminal,1,2,1
padding,6,9,3
blk_read,1,4,3
blankbuf,1,1,0
dp,3,2,-1
blk_pread,3,3,0
tmpbuf,1,1,0
so-,11,8,-3
so_snd.sb_cc,1,1,0
tp-,5,4,-1
resulted,1,1,0
bdrv_flags,7,3,-4
bdrv_o_protocol,6,1,-5
slb_nr,4,2,-2
encodings,3,3,0
rpn,1,1,0
slb,7,10,3
mmu-hash64.h,2,1,-1
recompute,4,3,-1
target_page_bits_16m,1,1,0
deposit64,8,4,-4
ppc_slb_t,4,4,0
recent,4,13,9
.esid,1,2,1
eaddr,15,5,-10
~mask,18,4,-14
lookup,16,5,-11
ppc_hash64_pte_raddr,1,1,0
encoded,10,3,-7
epn,2,1,-1
prealloc,6,2,-4
value-,14,6,-8
host_nodes,2,1,-1
object_get_objects_root,5,3,-2
identical,1,6,5
=0,4,2,-2
xbzrle,2,7,5
last_sent_block,1,2,1
decided,2,2,0
vhost-user,4,8,4
bigger,9,6,-3
dataplane_started,3,4,1
first_entry,1,1,0
count_contiguous_free_clusters,1,1,0
qcow2_cluster_normal,3,1,-2
qcow2_get_cluster_type,7,1,-6
qcow_oflag_zero,2,2,0
wanted_type,2,1,-1
qcow2_cluster_zero,5,2,-3
qcow2_cluster_unallocated,4,2,-2
count_contiguous_clusters_by_type,1,1,0
count_contiguous_clusters,4,2,-2
qcow2_cluster_compressed,3,2,-1
lba,11,13,2
block_acct_invalid,1,8,7
block_acct_read,3,9,6
blk_get_stats,1,9,8
booting,2,1,-1
maxmem,2,2,0
htab,9,3,-6
max_packet_length,2,1,-1
put_packet,1,2,1
mem_buf,6,4,-2
memtohex,1,1,0
doubles,1,1,0
hextomem,1,1,0
qmp_input_visitor_new_strict,3,1,-2
qmp_input_visitor_new,6,2,-4
qobject_from_json,7,5,-2
json_string,2,2,0
testinputvisitordata,4,4,0
test_init,1,1,0
kept,9,5,-4
qmp_input_get_visitor,3,2,-1
color_black,1,2,1
color,6,1,-5
color_white,1,2,1
qemu_opt_get_bool,10,10,0
qemu_get_machine_opts,4,6,2
backend-,10,2,-8
tokens,8,6,-2
qdict_get_obj,2,5,3
in_sg,4,3,-1
virtqueue_map_iovec,2,1,-1
network,18,9,-9
asserting,3,2,-1
teach,1,1,0
out_addr,1,2,1
in_addr,6,6,0
virtqueueelement,2,5,3
virtqueue_map,1,1,0
out_sg,4,3,-1
max_size,9,2,-7
elem-,6,6,0
elem,11,13,2
ndebug,4,3,-1
zd,9,8,-1
building,7,7,0
attempt,28,27,-1
deprecated,14,10,-4
virtqueue_map_sg,3,2,-1
split,16,5,-11
hdev,1,9,8
type_tape,2,1,-1
blk_is_read_only,2,1,-1
conf.blk,10,8,-2
0x8,21,8,-13
patch,18,5,-13
type_disk,6,3,-3
data.address_match,2,1,-1
quirk,3,1,-2
0x80000000u,3,2,-1
pdev.cap_present,3,1,-2
msi-x,6,7,1
memory_region_dispatch_write,2,2,0
qemu_pci_cap_msix,3,1,-2
0x7fff0000,1,2,1
.region,1,1,0
bars,7,5,-2
data.bar,1,1,0
memory_region_name,2,2,0
vbasedev.name,7,2,-5
0x70,7,5,-2
activate,8,1,-7
data.address_mask,1,1,0
all_ok,1,1,0
cmd_nop,1,2,1
win_checkpowermode1,1,1,0
hd_cfa_ok,1,2,1
cmd_check_power_mode,1,1,0
set_dsc,1,2,1
win_checkpowermode2,1,1,0
addrhi,2,2,0
tcgmemop,5,1,-4
preserve,9,2,-7
mo_align,4,1,-3
32-bits,1,1,0
s_bits,3,3,0
mo_amask,2,1,-1
mo_size,2,2,0
trick,3,1,-2
byte,62,39,-23
masking,6,2,-4
addrlo,2,2,0
tcgreg,1,3,2
comparison,5,2,-3
tcg_out32,5,5,0
tcgcontext,15,6,-9
cross,15,4,-11
tcg_reg_r0,3,2,-1
memory_region_init_ram,10,3,-7
memory_region_set_readonly,1,3,2
memory_region_init_rom_device,3,2,-1
bdrv_close,7,7,0
runstate_set,4,7,3
run_state_max,1,2,1
post_load,3,4,1
saved,15,10,-5
vmstate_register,8,1,-7
runstate_lookup,1,1,0
wire,12,4,-8
finished,9,16,7
vmstate_buffer,1,1,0
independently,3,2,-1
readahead,1,2,1
nfs,7,2,-5
exprs,4,2,-2
branch_struct,2,1,-1
'testenum,6,1,-5
expr,23,9,-14
check_union,3,2,-1
'testtypeb,1,1,0
'value1,7,3,-4
sys.argv,6,7,1
'enum1,6,2,-4
traceback,2,4,2
'integer,4,4,0
'discriminator,14,6,-8
parse_schema,2,2,0
flat,16,8,-8
'value2,5,2,-3
schema.exprs,2,2,0
check_exprs,2,1,-1
'testunion,8,2,-6
conf.log_to_monitor,1,1,0
.descr,4,1,-3
monitor_is_default,1,1,0
.tag,6,3,-3
aud_opt_bool,3,1,-2
.valp,3,1,-2
logging,14,5,-9
.log_to_monitor,1,1,0
log_to_monitor,2,1,-1
monitor_vprintf,3,1,-2
vfprintf,2,3,1
primary,15,13,-2
key-,8,1,-7
gtk2,1,1,0
accel,3,3,0
console,12,5,-7
gtk_check_version,5,1,-4
data_size,7,5,-2
tcg_gen_neg_tl,2,1,-1
tcg_gen_shli_tl,5,5,0
tcg_cond_lt,4,3,-1
machine_iommu,1,1,0
current_machine,3,3,0
r_ss,12,7,-5
cpu_x86_load_seg_cache,5,3,-2
inode,4,3,-1
1.1,11,9,-2
trbs,2,2,0
gather,3,2,-1
shall,33,18,-15
scatter,1,1,0
cpu_ldub_data,3,3,0
stl_raw,1,2,1
stq_raw,2,2,0
u.ll.upper,1,1,0
ldq_raw,2,3,1
cpu_stb_data,3,3,0
cpu_ldl_data,1,4,3
cpu_stq_data,3,2,-1
ldl_raw,2,3,1
cpu_stw_data,1,2,1
stw_raw,2,2,0
cpu_lduw_data,2,2,0
u.ll.lower,1,1,0
cpu_ldq_data,2,2,0
cpu_stl_data,1,4,3
region.size,1,1,0
bar-,2,2,0
_max,1,1,0
uint,4,3,-1
tcg_gen_add_tl,4,2,-2
tcg_gen_sub_tl,1,3,2
av,3,2,-1
tcg_gen_setcondi_tl,1,5,4
sextract64,6,3,-3
con,8,8,0
cputricorestate,1,3,2
sv,3,3,0
1000000000ll,4,1,-3
ts.tv_sec,3,1,-2
seconds,23,17,-6
turn,12,6,-6
-kernel,5,5,0
aio_context,32,12,-20
done_generating,5,1,-4
reply_queue_head,1,1,0
bitmap_zero,8,1,-7
frames,7,5,-2
pcid,1,2,1
frame,25,24,-1
declare_bitmap,10,5,-5
frame_size,4,4,0
absolutely,2,3,1
megasascmd,1,1,0
megasasstate,1,2,1
ever,8,7,-1
pa,6,4,-2
find_next_zero_bit,3,1,-2
pa_size,4,2,-2
pci_dma_unmap,1,1,0
megasas_max_frames,1,1,0
megasas_qf_new,1,1,0
lazy,3,4,1
test_dir/t.qcow2,8,11,3
refcounts,5,9,4
slirp-,10,2,-8
udb,1,1,0
so_lport,2,1,-1
delay_ns,4,4,0
vring_push,1,1,0
unmapped,1,2,1
virtioblockreq,2,1,-1
virtio_blk_id_bytes,1,1,0
g_slice_new,3,2,-1
multireqbuffer,1,1,0
g_slice_free,2,3,1
qemu_put_buffer,7,9,2
elem.out_addr,5,1,-4
elem.in_addr,5,1,-4
virtqueue_push,2,3,1
in_iov,3,1,-2
vblk,1,1,0
mrb,1,1,0
dcl,2,8,6
bitmap_set,12,10,-2
force_update,1,3,2
visible,12,8,-4
surface_width,3,6,3
bitmap_clear,2,3,1
y++,3,4,1
displaychangelistener,2,7,5
vd,9,3,-6
vnc_dirty_pixels_per_bit,1,2,1
client_width,4,2,-2
displaysurface,6,8,2
round_up,10,12,2
surface_height,5,6,1
client_height,3,2,-1
vncdisplay,9,5,-4
vnc_dpy_update,1,1,0
block_op_type_resize,2,1,-1
bdrv_op_is_blocked,11,3,-8
qerr_device_in_use,6,4,-2
2.1,20,9,-11
qapi-event.h,1,3,2
panic,4,9,5
1.5,3,2,-1
pci_word_test_and_clear_mask,2,2,0
sec_bus,2,1,-1
pci_for_each_device,1,1,0
pci_bridge,2,2,0
sltsta,1,1,0
pci_exp_sltsta,1,1,0
detach,7,3,-4
pcie_cap_slot_event,1,1,0
indicator,6,1,-5
target_set.sig,1,1,0
oldmask,1,2,1
_unused,1,1,0
frame_addr,5,5,0
sigsegv,6,3,-3
unlock_user_struct,6,6,0
badframe,1,5,4
rtas_type_msix,2,1,-1
rtas_type_msi,2,3,1
max_irqs,3,2,-1
msi_nr_vectors_allocated,1,2,1
req_num,2,2,0
ndev,4,2,-2
msix_entries_nr,2,3,1
pdev,36,17,-19
ret_intr_type,2,3,1
fscr_ic_tar,1,1,0
facility_sprn,1,1,0
spr_fscr,2,1,-1
kvm_reg_ppc_fscr,1,1,0
fscr_tar,1,1,0
gen_update_current_nip,2,1,-1
aiocb_write_udata,1,1,0
inode.vdi_id,1,1,0
aio_req,1,2,1
aiocb_type,3,1,-2
add_aio_request,1,1,0
alloc_aio_req,1,1,0
set-,1,3,2
give_sigsegv,2,3,1
adlib,3,1,-2
portio,1,2,1
isa-,2,3,1
prep,5,2,-3
leak,6,18,12
isabus-,1,2,1
pci_address_space_io,6,1,-5
leaking,3,4,1
defaults,22,7,-15
opc2,8,4,-4
kinds,3,3,0
0x22,7,3,-4
0x12,18,9,-9
0x21,6,8,2
trapping,3,1,-2
passes,9,2,-7
crm,4,2,-2
0x16,12,6,-6
op1,9,10,1
slightly,5,2,-3
op2,4,9,5
rt,17,13,-4
op0,3,2,-1
syn_uncategorized,2,1,-1
ec_dataabort,1,1,0
arm_el_ec_shift,2,1,-1
whereas,5,5,0
opc1,4,3,-1
isread,4,1,-3
0x13,13,6,-7
0x25,6,3,-3
ec,1,1,0
il,3,1,-2
arm_el_il,2,1,-1
trapped,3,1,-2
crn,3,1,-2
ec_advsimdfpaccesstrap,1,1,0
cv,1,1,0
rt2,4,1,-3
hsr,1,1,0
aarch32,8,3,-5
is_thumb,1,1,0
powers,1,1,0
logical_sector_size,2,1,-1
sectors_per_block,1,1,0
overwrite,11,11,0
flight,9,4,-5
suspended,9,2,-7
1k,4,4,0
cow_read,1,1,0
wait_break,1,1,0
resuming,3,2,-1
512m,2,2,0
1g,3,3,0
requiring,2,2,0
soon,16,15,-1
finally,9,5,-4
0k,1,2,1
leading,5,4,-1
compat=0.10,1,3,2
65536/65536,9,9,0
enforces,3,1,-2
cow,12,11,-1
'discard,1,2,1
idr_ep_shift,1,1,0
ivpr_activity_mask,1,1,0
idr_ep_mask,1,1,0
qcow2_discard_other,1,2,1
refcount_block,3,3,0
impossible,8,3,-5
qcow2_discard_always,1,2,1
act.sa_flags,3,3,0
epid,1,1,0
.len,14,9,-5
.from,3,1,-2
nbd_cmd_write,3,3,0
request.type,2,3,1
request.from,2,5,3
nbd_cmd_disc,2,3,1
nbd_request,2,3,1
nbd_cmd_read,3,1,-2
request.len,3,5,2
kvm_put_full_state,3,2,-1
tsc,4,1,-3
tsc_adjust,3,1,-2
msr_ia32_tsc,2,1,-1
vfio_pci_load_rom,1,1,0
address_space_memory,19,9,-10
memory_listener_unregister,3,3,0
type1,3,1,-2
.parent,39,12,-27
log_guest_error,23,15,-8
switches,4,2,-2
u\n,10,4,-6
.instance_init,33,6,-27
integrator,1,1,0
sysbus_create_simple,1,3,2
boards,4,2,-2
sd,11,3,-8
typeinfo,41,13,-28
type_init,28,5,-23
stub,4,6,2
alex,2,1,-1
type_sys_bus_device,7,4,-3
alpha,8,2,-6
unassigned_mem_read,1,2,1
bennée,1,1,0
type_register_static,37,8,-29
hw/sysbus.h,12,5,-7
timer_del,19,6,-13
maintain,6,6,0
buggy,7,5,-2
timer_mod_anticipate,1,1,0
deadline,5,3,-2
vm_clock_warp_start,4,2,-2
ahead,10,6,-4
icount_warp_timer,2,1,-1
timer_mod,19,3,-16
prior,16,10,-6
nanoseconds,6,6,0
qtailq_head,14,3,-11
mount,5,4,-1
parse_cmdline,1,1,0
parsed,12,2,-10
nb_args,2,3,1
nb_args++,1,1,0
approximate,1,1,0
pnb_args,1,1,0
max_args,2,2,0
qapi_out,1,1,0
.bdrv_has_zero_init,2,3,1
hdev_has_zero_init,1,1,0
seek_stat,5,2,-3
ide_set_irq,6,1,-5
lba48,1,2,1
ready_stat,5,3,-2
set_guest_notifiers,2,4,2
has_vhostfd,2,1,-1
tap-,2,4,2
has_vhostfds,2,2,0
has_vnet_hdr,5,2,-3
queues=,1,2,1
runstate_check,6,12,6
run_state_debug,2,4,2
umask,2,1,-1
eexist,2,5,3
o_noctty,1,2,1
stdio.h,21,6,-15
forms,1,1,0
fh,12,6,-6
o_append,1,1,0
ab,2,3,1
succeeds,3,7,4
o_excl,1,3,2
sys/stat.h,2,4,2
exclusive,7,5,-2
w+,1,1,0
wants,11,7,-4
qemu_set_cloexec,3,3,0
practice,7,7,0
associate,5,1,-4
stdio,10,10,0
rb,15,14,-1
cpu_cc_dst,2,3,1
i-cache-line-size,1,1,0
i-cache-size,1,1,0
icache-block-size,1,1,0
cpu\n,2,2,0
icache_line_size,6,1,-5
dcache,5,1,-4
dcache-block-size,1,1,0
0x8000,16,11,-5
dcache_line_size,6,2,-4
i-cache-block-size,1,1,0
kvmppc_read_int_cpu_dt,2,1,-1
l1_icache_size,3,1,-2
icache,7,1,-6
d-cache-block-size,1,1,0
d-cache-line-size,1,1,0
d-cache-size,1,1,0
fdt_property_cell,7,2,-5
l1_dcache_size,3,1,-2
bdrv_pwrite_sync,3,13,10
addend,8,6,-2
l1_size2,4,6,2
l1_table,6,18,12
format=,6,5,-1
blockdriver,22,9,-13
sopt,3,2,-1
bdrv_find_format,9,7,-2
srcpath,1,1,0
errx,1,3,2
filter_features_for_kvm,3,1,-2
config_kvm,21,8,-13
dinfo-,19,10,-9
serial,30,8,-22
loading,17,3,-14
gerr,3,2,-1
glib/gstdio.h,1,2,1
qemu-ga,5,7,2
scenario,2,2,0
restarting,1,1,0
persistent,8,8,0
okay,12,4,-8
accessing,12,6,-6
managed,8,6,-2
g_error_free,2,2,0
g_critical,1,2,1
slog,1,3,2
gerror,2,2,0
ga_state,3,1,-2
keyfile,1,1,0
gerr-,2,2,0
pstate,7,6,-1
fsfreeze,2,2,0
g_key_file_load_from_file,1,1,0
ga_is_frozen,2,1,-1
agent,6,3,-3
blacklist,2,3,1
gastate,2,1,-1
guest-file-open,1,2,1
qemu/bswap.h,2,2,0
fileno,2,3,1
st,14,9,-5
till,2,2,0
gsize,2,5,3
do_break,1,1,0
active_tc.pc,7,4,-3
0xfc000000,1,1,0
get_user_ual,1,3,2
'code,1,1,0
target_siginfo_t,4,3,-1
immediate,11,9,-2
trap_instr,1,1,0
assembly,2,2,0
versions,32,23,-9
codes,13,4,-9
iff_multi_queue,1,1,0
0x0002,8,4,-4
vnet_hdr,2,4,2
0x2000,12,7,-5
tungetfeatures,1,1,0
0x0100,8,5,-3
ifr.ifr_flags,1,1,0
~0x0ull,1,3,2
log_size,3,4,1
vhost_dev,6,8,2
vhost_log_page,1,2,1
page_addr,6,3,-3
memory_region_set_dirty,7,1,-6
range_get_last,3,3,0
vhost_log_chunk,1,2,1
visit_type_bool,6,3,-3
visit_type_enumone,1,2,1
visit_type_int,12,4,-8
visit_type_number,3,2,-1
strictly,11,2,-9
n_irq,8,1,-7
irq_get_next,2,1,-1
irq_src_t,1,1,0
max_irq,3,1,-2
opp-,10,3,-7
qemufile,35,25,-10
n_cpu,3,1,-2
raised,7,7,0
openpic_irq_raise,1,1,0
max_cpu,1,3,2
irqsource,1,1,0
irq_resetbit,1,1,0
irq_testbit,1,1,0
servicing,3,3,0
irq_setbit,1,1,0
opp,6,2,-4
irq_check,1,1,0
xtensa_option_debug,2,3,1
xtensa_option_interrupt,1,3,2
wsr,3,2,-1
opt,27,9,-18
xtensa_option_processor_id,1,3,2
sregnames,1,3,2
.access,23,3,-20
debugcause,2,2,0
rsr,3,4,1
acc,1,2,1
intclear,1,2,1
spice-server,2,1,-1
tracks,8,4,-4
ehciqueue,1,4,3
qh.token,3,2,-1
q-,24,15,-9
qtd_token_halt,1,3,2
top_bs,2,1,-1
bdrv_find_base,1,1,0
base_bs,5,2,-3
top-,2,2,0
qerr_base_not_found,2,1,-1
244,2,2,0
xtensa_option_misc_sr,1,1,0
xchal_option,2,4,2
misc,10,3,-7
async,19,17,-2
seem,6,7,1
82,4,1,-3
set_field,2,4,2
est_horizontalqh,1,1,0
ehci_fill_queue,1,1,0
usb_ret_procerr,2,2,0
ehci_set_state,2,4,2
4.10.3,1,1,0
qh.epcap,1,1,0
mult,1,4,3
tcg_opf_bb_end,1,1,0
nb_oargs,4,1,-3
nb_globals,3,2,-1
temps,10,2,-8
reset_temp,3,1,-2
nb_temps,4,2,-2
tcg_temp_info,1,1,0
host_mb,1,1,0
is_x86_64,1,1,0
check_define,7,1,-6
uname,13,4,-9
ask,11,3,-8
sunos,1,1,0
targetos='haiku',1,1,0
usual,1,5,4
detection,2,2,0
__haiku__,1,1,0
non-standard,1,3,2
cpu=,5,3,-2
__sun__,6,1,-5
sysctl,2,1,-1
box,1,2,1
esac,18,9,-9
targetos,2,2,0
targetos='mingw32',1,1,0
__linux__,29,8,-21
targetos='openbsd',1,1,0
-m,22,11,-11
cpu=x86_64,1,1,0
is_x86_64=,1,1,0
targetos=,2,1,-1
-k,4,3,-1
hw.optional.x86_64,1,1,0
says,8,8,0
__openbsd__,3,3,0
mirrors,1,1,0
kvm_ppc_smmu_info,1,1,0
assumptions,4,2,-2
kvm_get_smmu_info,1,1,0
ordinary,2,1,-1
hit,9,4,-5
fs.f_type,3,1,-2
kvm_ppc_one_seg_page_size,1,1,0
mem_path,6,3,-3
powerpc_mmu_1tseg,3,2,-1
implements,12,5,-7
powerpc_mmu_2_06,4,3,-1
fs.f_bsize,1,1,0
slb_vsid_l,1,2,1
getrampagesize,1,2,1
kvm_ppc_page_sizes_max_sz,1,1,0
2.06,3,5,2
kvm_ppc_1t_segments,1,1,0
hugetlbfs_magic,3,1,-2
degraded,1,3,2
0x958458f6,1,1,0
characteritics,1,1,0
fit,18,18,0
grows,1,3,2
1t,3,3,0
newer,13,4,-9
processor,23,4,-19
powerpc_mmu_2_06d,3,1,-2
powerpc_mmu_64,3,3,0
hpte,4,5,1
rampagesize,1,2,1
kvm_cap_ppc_get_pvinfo,5,1,-4
hugepage,1,1,0
smmu_info.flags,1,2,1
mean,13,4,-9
sys/vfs.h,3,1,-2
additionally,3,1,-2
restrictions,3,2,-1
0x00000003,3,5,2
error.h,2,2,0
qemu_init_vcpu,2,4,2
req.io_canceled,4,2,-2
scsi_req_ref,1,2,1
.active,2,4,2
guest_slots,1,4,3
ulong_max,3,4,1
999999,1,1,0
uint_max,5,7,2
rtl8139state,1,2,1
addr=0x,4,1,-3
val=0x,2,1,-1
reading\n,1,1,0
helpers,22,5,-17
-1ul,4,5,1
lit,2,1,-1
th,1,5,4
tcg_const_i64,14,4,-10
cpualphastate,6,6,0
tmp1,4,2,-2
addlv,1,2,1
gen_helper_,1,2,1
tmp2,9,8,-1
islit,4,1,-3
-1ull,11,7,-4
hc,4,4,0
put_dwords,1,2,1
ed-,1,1,0
pad,10,7,-3
hcd,2,2,0
pte_addr,5,1,-4
a20_mask,3,1,-2
pml4e,2,2,0
pde_addr,3,1,-2
pdpe,3,2,-1
pg_hi_user_mask,1,1,0
pg_nx_mask,6,3,-3
0x1ff,7,2,-5
pde,10,3,-7
0x800,12,3,-9
elf_machine,5,4,-1
s390,13,8,-5
wont,1,3,2
bios_size,7,3,-4
qemu_get_ram_ptr,8,6,-2
load_image,3,1,-2
image\n,4,5,1
rom_ptr,1,2,1
kern_parm_area,1,2,1
load_elf,2,4,2
loopback_addr,2,2,0
addr.sin_addr,1,1,0
so_reuseaddr,2,3,1
addrlen,9,5,-4
af_inet,5,3,-2
xxxxx,2,2,0
sol_socket,3,6,3
setsockopt,4,5,1
getuid,2,1,-1
libs_tools,3,2,-1
privileges,2,6,4
gid,8,6,-2
geteuid,3,2,-1
libs_tools=,3,2,-1
getgid,1,1,0
preserving,1,2,1
disable-cap-ng,1,2,1
suid,2,1,-1
uid,15,5,-10
stack,34,15,-19
qiv-,6,3,-3
qlist_entry_obj,7,2,-5
qtype_qlist,13,4,-9
.entry,3,1,-2
nb_stack,5,1,-4
owner,18,7,-11
.co,6,3,-3
deadlock,3,5,2
reentrant,1,1,0
iov.iov_base,8,9,1
iov.iov_len,8,9,1
bdrv_co_writev,5,3,-2
n_end,4,4,0
bdrv_co_readv,4,4,0
bdrv_write,9,11,2
n_start,4,5,1
tracking,8,4,-4
start_sect,3,2,-1
.bdrv_co_readv,3,1,-2
lead,3,2,-1
copy-on-read,8,3,-5
bdrv_read,11,4,-7
sval,1,3,2
strtosz,1,2,1
efd_nonblock,1,1,0
efd_cloexec,4,1,-3
qtailq_foreach_safe,9,9,0
dirname,3,3,0
ms-dos,1,1,0
strstr,8,4,-4
32mb,1,2,1
fat16,1,1,0
chs,4,1,-3
floppy,9,4,-5
secs,23,3,-20
qsimpleq_remove_head,2,4,2
qsimpleq_head,2,4,2
ptr++,3,1,-2
qemu-queue.h,1,1,0
comments,6,2,-4
config_qemu_confdir,1,1,0
win,5,1,-4
qsimpleq_first,2,5,3
iface,3,2,-1
qsimpleq_insert_tail,4,3,-1
fgets,1,2,1
qsimpleq_entry,2,4,2
file\n,4,3,-1
'\t,1,2,1
qsimpleq_init,2,2,0
tramp-,2,1,-1
spice_interface_qxl_minor,1,2,1
max_hcall_opcode,1,2,1
usb_generic_handle_packet,2,1,-1
setup_len,2,4,2
data_buf,1,4,3
usb_ret_stall,2,3,1
fail_unless,13,2,-11
ei_data,2,1,-1
e_ident,2,2,0
pg,4,2,-2
4m,2,2,0
c\n,5,1,-4
2m,2,1,-1
pg_pse_mask,2,1,-1
-1ll,1,4,3
hf_lma_mask,3,3,0
39,6,1,-5
cr4_pae_mask,2,2,0
47,7,2,-5
cr0_pg_mask,5,2,-3
'-,17,5,-12
disabled\n,7,1,-6
pae,2,1,-1
target_fmt_plx,18,12,-6
~0x1f,4,1,-3
pg_present_mask,3,1,-2
sp,15,5,-10
cpu_to_be16wu,2,2,0
cad,1,2,1
0x7fff,6,6,0
.wmask,1,2,1
vhost_virtqueue_init,1,1,0
bdrv_delete,8,10,2
occured,6,4,-2
occurred,21,10,-11
image.\n,2,2,0
bdrv_check,4,2,-2
result.check_errors,3,2,-1
it.\n,1,1,0
result.leaks,1,1,0
missed,4,2,-2
leaks,6,13,7
consistency,19,6,-13
data.\n,1,1,0
check_errors,4,1,-3
bdrvcheckresult,10,8,-2
result.corruptions,2,2,0
check.\n,2,1,-1
cmd++,3,1,-2
mon_cmds,2,1,-1
compare_cmd,6,1,-5
remember,11,4,-7
err_input,3,1,-2
alarm_timer-,3,1,-2
getrlimit,2,2,0
guest_stack_size,1,1,0
unlimited,4,2,-2
little,4,5,1
besides,5,2,-3
sys/resource.h,1,3,2
rlimit_stack,1,1,0
qemu_fseek,1,4,3
seek_cur,3,3,0
pci_bridge_get_limit,1,1,0
limit=,1,1,0
pci_base_address_space_memory,4,2,-2
pci_config_get_memory_base,2,1,-1
unplug,13,8,-5
.qdev.name,5,3,-2
isadeviceinfo,1,1,0
pci-hotplug.o,1,1,0
vm_clock,27,12,-15
qemu_device_opts,1,1,0
qemu_opt_set,11,5,-6
.init,21,7,-14
intel,24,6,-18
watchdog,5,6,1
qemu-option.h,4,1,-3
qemu_new_timer,11,6,-5
machine\n,2,1,-1
.config_write,1,1,0
pcideviceinfo,2,2,0
obj-i386-y,1,1,0
qemu-config.h,3,1,-2
device_init,3,4,1
.qdev.size,6,4,-2
isa_qdev_register,1,1,0
obj-y,15,4,-11
indirectly,1,5,4
desc-,15,1,-14
qemu-devel,3,2,-1
keycode,7,2,-5
keycodes,4,4,0
name\n,2,1,-1
xfree86,1,1,0
evdev,1,1,0
drive_add,2,3,1
drive_init,3,4,1
qemumachine,9,2,-7
vnc_write,2,5,3
row,2,7,5
ds_get_width,3,4,1
vnc_set_bits,1,1,0
x++,3,2,-1
last_fg,1,2,1
size_changed,1,2,1
ds_get_height,3,3,0
surface,16,21,5
pixel,3,1,-2
cpuid_ext2_rdtscp,1,3,2
cpuid_ext_sse3,3,3,0
cpuid_ext3_lahf_lm,2,2,0
cpuid_vme,3,3,0
.ext_features,3,1,-2
cpuid_ext3_extapic,1,1,0
cpuid_pse36,4,3,-1
cpuid_ext_popcnt,2,3,1
cpuid_mca,4,3,-1
cpuid_ext3_cr8leg,2,1,-1
.features,4,2,-2
.stepping,3,2,-1
0x8000001a,1,1,0
cpuid_mtrr,6,3,-3
cpuid_ext_monitor,3,2,-1
cpuid_vendor_amd_3,2,1,-1
.ext2_features,3,1,-2
cpuid_vendor_amd_1,2,1,-1
cpuid_clflush,4,3,-1
cpuid_ext_cx16,2,3,1
cpuid_ext2_lm,3,3,0
cpuid_ext2_3dnow,3,3,0
.family,5,2,-3
.xlevel,3,2,-1
tm,12,4,-8
cpuid_ext3_svm,2,1,-1
.level,4,3,-1
cpuid_ext2_syscall,2,3,1
cpuid_ht,2,2,0
cpuid_ext2_nx,3,3,0
cpuid_ext3_abm,2,2,0
.model_id,3,2,-1
cpuid_ext2_3dnowext,2,2,0
.ext3_features,2,1,-1
cpuid_ext3_cmp_leg,1,1,0
.model,9,4,-5
ppro_features,3,1,-2
cpuid_ext3_sse4a,1,1,0
cpuid_vendor_amd_2,2,1,-1
phenom,2,1,-1
amd,15,3,-12
0x0183f3ff,2,1,-1
qemu_get_clock,17,7,-10
qemu_mod_timer,22,11,-11
hz,2,1,-1
rt_clock,25,6,-19
qemutimer,32,11,-21
menelaus_rtc_hz,1,1,0
rtc.next,2,1,-1
rtc.hz_tm,1,1,0
prefix_repnz,2,1,-1
0x8000000000000000,3,2,-1
be64_to_cpu,12,9,-3
bs_none,2,2,0
ctx.bstate,2,1,-1
opc_max_size,2,2,0
spare,1,3,2
gen_opc_end,1,1,0
fd_sector_len,1,3,2
0x7fffffffffffffffull,2,3,1
assuming,7,6,-1
0x07ffffffffffffffull,1,2,1
fpu-,2,2,0
vram_ptr,2,5,3
cpu_list_lock,2,3,1
mhd-,2,1,-1
rzm,1,1,0
assign_info-,1,1,0
assign_addr,1,1,0
unassign_addr,1,1,0
feat_8000_0001_ecx,6,1,-5
cpuid_pse,2,2,0
cpuid_sse,2,4,2
cpuid_7_0_ebx_erms,1,1,0
.vendor,1,1,0
cpuid_ext_sse42,1,2,1
cpuid_ext_sse41,1,2,1
0x80000008,7,1,-6
cpuid_6_eax_arat,1,1,0
cpuid_sse2,1,3,2
feat_7_0_ebx,8,1,-7
cpuid_ext_x2apic,1,3,2
cpuid_tsc,1,2,1
cpuid_ext_xsave,1,2,1
0xd,12,4,-8
feat_1_edx,7,1,-6
feat_8000_0001_edx,6,1,-5
cpuid_mce,2,2,0
cpuid_cmov,1,3,2
cpuid_ext_movbe,1,2,1
feat_6_eax,1,1,0
nehalem,3,1,-2
cpuid_7_0_ebx_bmi2,1,1,0
cpuid_ext_tsc_deadline_timer,2,2,0
cpuid_7_0_ebx_smep,2,1,-1
cpuid_fp87,2,2,0
cpuid_apic,1,2,1
cpuid_7_0_ebx_invpcid,1,1,0
xeon,1,1,0
cpuid_cx8,1,2,1
cpuid_pat,1,2,1
westmere,1,1,0
cpuid_msr,1,2,1
cpuid_7_0_ebx_avx2,1,1,0
sandy,1,1,0
cpuid_pge,1,2,1
cpuid_de,2,2,0
9xx,1,1,0
e312xx,1,1,0
feat_1_ecx,5,2,-3
cpuid_fxsr,1,2,1
i7,3,1,-2
vmstate_uint64,13,2,-11
caps,7,8,1
spapr_caps,1,2,1
cap-,3,3,0
overridden,4,1,-3
.pre_load,4,3,-1
caps.mask,1,2,1
iscsi_co_init_iscsitask,3,1,-2
itask,4,2,-2
qemu_add_data_dir,1,1,0
dirs,2,4,2
v7m,14,3,-11
arm_feature_m,9,6,-3
.readfn,3,1,-2
arm_env_get_cpu,9,2,-7
id_pfr1,1,1,0
.resetvalue,14,2,-12
gicv3state,1,1,0
arm_cp_const,8,1,-7
arm_cp_no_raw,5,1,-4
fill,27,10,-17
gicv3,7,1,-6
armcpu,54,10,-44
plain,12,3,-9
.writefn,11,1,-10
pl1_r,5,1,-4
arm_cp_write_ignore,1,1,0
self.vm.pause_drive,1,2,1
compressed,12,9,-3
\x00\x00\x00\x00\x00\x00\x00\x00,3,6,3
bdrv_co_flush,1,1,0
rt_offset,2,4,2
===',5,2,-3
non-null,11,9,-2
node_name,12,4,-8
bdrv_make_empty,2,2,0
submitted,4,7,3
'===,5,2,-3
hidden,6,3,-3
-enomedium,5,7,2
500,5,4,-1
time_t,7,5,-2
va_start,17,9,-8
400,1,1,0
time.h,4,2,-2
buffer_append,1,3,2
buffer_reserve,1,4,3
\r\n,1,1,0
gmtime_r,1,1,0
strftime,2,1,-1
gen_io_start,5,3,-2
gen_tb_start,3,1,-2
singlestep,9,2,-7
bp,12,4,-8
opcodes,10,2,-8
init_disas_context,1,1,0
tcg_max_insns,2,1,-1
qemu_log_in_addr_range,2,1,-1
exiting,7,4,-3
tcg/tcg.h,1,1,0
tcg_debug_assert,7,5,-2
exec/log.h,1,1,0
temporaries,3,2,-1
disas_noreturn,10,1,-9
tcg_op_buf_full,4,1,-3
consumed,4,2,-2
is_jmp,25,7,-18
stepping,16,2,-14
decide,7,1,-6
disascontextbase,21,1,-20
num_insns,6,3,-3
tcg_gen_insn_start,4,1,-3
cpu_log_tb_in_asm,4,2,-2
max_insns,12,1,-11
translating,2,1,-1
target-specific,2,2,0
cpubreakpoint,5,1,-4
disas_next,11,2,-9
num_insns++,1,1,0
tcg_check_temp_count,2,5,3
exec/gen-icount.h,1,1,0
reporting,7,7,0
qemu_log_unlock,1,1,0
cf_last_io,6,1,-5
qemu_log_lock,1,1,0
bp-,9,3,-6
qemu_loglevel_mask,6,5,-1
indicated,6,2,-4
targets,20,13,-7
disas_too_many,14,1,-13
qtailq_empty,15,12,-3
tcg_clear_temp_count,2,5,3
portions,33,14,-19
-\n,7,1,-6
gen_io_end,5,3,-2
generating,17,2,-15
translatorops,1,1,0
processing,26,7,-19
breakpoints,8,4,-4
icount,20,4,-16
debug_disas,2,2,0
pc_next,2,1,-1
gen_tb_end,1,1,0
cf_count_mask,3,1,-2
'starting,1,1,0
1073741824,1,2,1
waiting,27,17,-10
'completed,2,1,-1
ending,4,2,-2
'status,4,2,-2
nbd,12,9,-3
mode='existing,2,2,0
iotests.log,1,1,0
u'return,1,1,0
microseconds,11,8,-3
qemu_handle,3,4,1
327680,2,2,0
197120,1,1,0
_cleanup_qemu,2,4,2
mirror,7,4,-3
_send_qemu_cmd,5,6,1
timestamp,8,9,1
tls_hostname,4,2,-2
params-,10,2,-8
migrationstate,14,6,-8
migrationparameters,4,1,-3
migration_obj,1,1,0
tls_creds,4,3,-1
watch,8,1,-7
g_source_remove,10,4,-6
-0,3,1,-2
wrapper,11,5,-6
'static,1,3,2
per-vcpu,1,2,1
parent_cid,1,1,0
vmdk_read_cid,1,1,0
cur_pcid,1,1,0
-ve,2,1,-1
p_name,1,3,2
sscanf,11,6,-5
p_bs,2,1,-1
maxframes,4,1,-3
fw_cfg_find,4,3,-1
type_fw_cfg,2,2,0
object_resolve_path,3,4,1
pci_conf,26,1,-25
pci_config_set_interrupt_pin,1,1,0
openfile,1,2,1
writethrough,6,5,-1
jumps,9,1,-8
0x000,3,2,-1
masked,9,7,-2
theory,5,2,-3
chdir,2,3,1
saving,7,2,-5
offset_in_ramblock,1,1,0
used_length,4,2,-2
qapi_free_altnumstr,1,1,0
ans,1,1,0
dobj-,1,1,0
qemu/option.h,3,2,-1
dummy_platypus,1,1,0
.head,21,5,-16
qemu_opts_parse,10,5,-5
dummy_object,2,1,-1
.implied_opt_name,6,1,-5
comment,12,5,-7
type_dummy,2,1,-1
id=dev0,1,1,0
hiss,2,1,-1
dobj,2,2,0
qemuoptslist,26,8,-18
qom-type,6,1,-5
qemu_object_opts,7,1,-6
bv,4,1,-3
qemu/config-file.h,8,3,-5
qom/object_interfaces.h,8,4,-4
qemu_object_opts.head,4,1,-3
dummyobject,2,1,-1
qtailq_head_initializer,28,6,-22
corresponding,23,9,-14
runtime_opts.head,1,2,1
maintained,9,4,-5
cb,35,25,-10
sys/param.h,1,1,0
uuid,15,5,-10
tlscredsid,2,2,0
aio_bh_schedule_oneshot,3,4,1
cb_opaque,2,1,-1
vxhs,1,1,0
uri_free,1,1,0
uri_parse,2,1,-1
qapi/qmp/qstring.h,8,4,-4
qapi/qmp/qdict.h,3,4,1
ipv4,12,7,-5
accessed,14,6,-8
guid,5,3,-2
block/block_int.h,13,3,-10
blockcompletionfunc,1,6,5
listening,6,4,-2
qemu_aio_unref,2,3,1
credentials,11,10,-1
block-obj-,5,3,-2
uri-,3,3,0
qemu_opt_number,12,7,-5
qemu/uri.h,1,1,0
common.bs,3,6,3
qemu/uuid.h,2,1,-1
uri,10,5,-5
notification,13,6,-7
blockaiocb,4,4,0
tls-creds,4,4,0
.port,2,1,-1
bat_size,2,2,0
pnum,18,9,-9
g_main_context_default,2,1,-1
gmaincontext,4,2,-2
rfd,2,3,1
wfd,2,3,1
dma_pagesize,1,1,0
0x7fffffff,12,8,-4
memory_region_init_iommu,6,1,-5
trying,26,14,-12
iommutlbentry,8,1,-7
memory_region_init,28,5,-23
memory_region_set_enabled,5,2,-3
allowed=,1,1,0
.perm,1,1,0
iommu_rw,3,1,-2
address_space_read,2,2,0
iommu_none,6,1,-5
ret.perm,1,1,0
dma_pagetable_entry,1,1,0
memory_region_set_alias_offset,1,1,0
ahcidevice,1,5,4
ide_exit,1,1,0
pipe,15,10,-5
'size,5,9,4
node-id=,3,1,-2
node_id,5,1,-4
numa_get_node_for_cpu,1,1,0
cpu-index,3,1,-2
numa_node,3,2,-1
node-id,5,1,-4
.virtfs_metadata,1,7,6
old_name,1,3,2
new_name,1,3,2
rename,1,3,2
0700,4,5,1
tsize,4,1,-3
readlink,3,5,2
bufsz,2,2,0
readlinkat,1,1,0
out_close,3,2,-1
cirrus_blt_srcpitch,1,6,5
backing-,4,4,0
path_max,10,9,-1
backing_file,24,14,-10
local_error,5,3,-2
bdrv_get_full_backing_filename,2,2,0
xhci-,2,9,7
dma_addr_t,6,8,2
xhci_addr64,1,2,1
intr,1,3,2
intr-,1,2,1
quiet-command,14,11,-3
mv,12,3,-9
cmp,3,5,2
.tmp,4,2,-2
qemu_thread_detached,3,4,1
thread-,2,3,1
pthread_attr_setdetachstate,1,4,3
pthread_create_detached,1,4,3
iov_size,10,7,-3
nb_vcs,1,2,1
reached,13,4,-9
gd_vc_find_current,1,1,0
view_menu,1,1,0
gd_vc_vte,1,2,1
gtk_widget_set_sensitive,1,1,0
contents,24,12,-12
.aiocb_size,2,3,1
offset=,6,5,-1
bdrv_co_preadv,7,2,-5
bdrv_aio_readv,10,4,-6
.bs,6,3,-3
.bytes,2,1,-1
qemu_iovec_init,7,12,5
test_file,1,3,2
bdrvchild,21,5,-16
.is_write,1,2,1
bdrv_co_pwritev,2,1,-1
bdrv_aio_writev,8,7,-1
.qiov,3,4,1
qemu_aio_get,7,5,-2
virtio_queue_get_avail_size,1,1,0
vq-,14,11,-3
ring_size,1,1,0
cpu_physical_memory_unmap,10,5,-5
avail,10,8,-2
cpu_physical_memory_map,12,4,-8
virtio_queue_get_desc_size,1,1,0
ranges_overlap,10,4,-6
qemu_chr_fe_init,3,2,-1
props-,5,3,-2
qemu_chr_has_feature,1,1,0
net_vhost_chardev_opts,1,2,1
props.is_socket,1,1,0
is_socket,1,1,0
reopen,5,4,-1
qemu/bitmap.h,7,2,-5
qemu_chr_set_feature,1,1,0
vhost_user_opts,2,2,0
inspect,2,2,0
colo-compare,3,2,-1
is_unix,6,2,-4
opts-,10,6,-4
props.is_unix,1,1,0
vhostuserchardevprops,1,1,0
net_vhost_parse_chardev,1,2,1
qemu_opt_foreach,4,3,-1
login,2,1,-1
tcg_exit_req,2,2,0
replay_has_interrupt,3,1,-2
msix_enabled,3,4,1
core-,4,5,1
tcg_enabled,35,6,-29
ssh,4,1,-3
hostname,12,8,-4
host_key_check,3,1,-2
qemu_chr_add_handlers,8,5,-3
chr_can_read,4,4,0
signals,8,9,1
virtioserialportclass,3,1,-2
reliable,5,3,-2
vcon-,3,1,-2
vcon,2,1,-1
chr_event,2,3,1
virtio_serial_port_get_class,3,1,-2
is_console,1,1,0
monitor_lock,1,1,0
monitor_data_destroy,1,1,0
qlist_foreach_safe,14,12,-2
mon_list,2,2,0
mon-,23,9,-14
qemu_uname_release,3,1,-2
buf-,3,1,-2
native,10,8,-2
g_strlcpy,1,1,0
whatever,8,3,-5
qvirtqueue_cleanup,3,2,-1
'cont,1,3,2
rsp,8,7,-1
cp0_entryhi,3,1,-2
cp0enhi_ehinv,2,1,-1
visit_type_userdeftwo,2,1,-1
qtype_none,5,1,-4
visitor_input_test_init,5,5,0
userdeftwo,2,2,0
out_obj,3,3,0
prix32,15,8,-7
bus_class,2,1,-1
.class_init,37,11,-26
aux_i2c_nack,1,1,0
type_bus,3,1,-2
aux_i2c_ack,1,1,0
email,1,2,1
print_dev,1,1,0
ltd,3,1,-2
i2c_start_transfer,1,1,0
classic,2,1,-1
qbus_create,3,4,1
i2c_bus,1,1,0
type_device,7,4,-3
i2c_send_recv,1,1,0
last_i2c_address,1,1,0
indent,6,2,-4
address_space_init,11,3,-8
bridge-,1,1,0
i2c,8,1,-7
last_transaction,1,1,0
aux,1,1,0
i2cbus,1,2,1
busclass,4,1,-3
qdev_get_parent_bus,10,4,-6
data++,1,1,0
past,8,4,-4
dev_offset,4,3,-1
unreachable,4,1,-3
disconnect,7,2,-5
-enospc,5,5,0
nbd_cmd_mask_command,1,2,1
payload,18,15,-3
decoding,5,6,1
alive,3,4,1
nbdrequest,1,4,3
-eagain,7,4,-3
nbd_co_send_reply,1,2,1
collection,2,2,0
freq,6,3,-3
l_pid,1,1,0
l_start,1,1,0
l_type,1,1,0
l_whence,1,1,0
l_len,1,1,0
-target_qemu_esigreturn,12,4,-8
-target_erestartsys,14,5,-9
do_syscall,9,1,-8
cmdbuf,1,3,2
volume,11,2,-9
strncmp,36,14,-22
directory.pointer,1,1,0
volume_label,1,1,0
direntry_t,3,2,-1
qemu_create_displaysurface_from,2,3,1
pixman_image_get_format,1,2,1
pixman_image_get_stride,1,2,1
surface=,1,1,0
pixman_image_ref,1,1,0
ai_addrconfig,1,3,2
ai,4,4,0
getaddrinfo,1,4,3
freebsd,2,2,0
saddr-,6,2,-4
0xffffffffffffffffull,3,3,0
default_value,1,2,1
sees,4,3,-1
amr,1,2,1
entry.alloc.zone,1,1,0
alloc_fseg,2,1,-1
bios_linker_loader_alloc_zone_fseg,1,1,0
bios_linker_loader_alloc_zone_high,1,1,0
multifunction,7,1,-6
removal,8,4,-4
busnr,3,4,1
exposed,12,1,-11
func_drck-,1,1,0
convention,6,2,-4
spaprdrentitysense,2,1,-1
entity_sense,1,1,0
spapr_dr_entity_sense_present,4,1,-3
func_drc,1,1,0
release_pending,1,1,0
self.vm.get_qmp_event,1,1,0
garcia,2,1,-1
iotests.qemu_img_pipe,3,2,-1
iotests.qemu_img,3,1,-2
imgs,1,1,0
berto,2,1,-1
igalia.com,2,1,-1
author,18,9,-9
inject-error,3,2,-1
self.vm.hmp_qemu_io,2,3,1
clock_step,4,5,1
'1m,1,2,1
self.vm.qtest,1,3,2
igalia,4,2,-2
1000000000,4,3,-1
alberto,2,1,-1
self.vm.add_drive,4,1,-3
s.l,4,2,-2
read_aio,1,1,0
'quorum,2,2,0
'.join,9,3,-6
drive0,7,7,0
self.is_implicit,1,1,0
'q_empty,2,1,-1
name.startswith,2,1,-1
v.type,2,2,0
worth,3,4,1
qapischemaobjecttype,8,3,-5
allocating,9,11,2
repeat,4,4,0
self.defn,1,1,0
entity.is_implicit,1,1,0
builtin,2,4,2
isinstance,22,4,-18
qemuclocktype,4,2,-2
qtest_enabled,11,3,-8
cpu_powerpc_power8e_v10,1,1,0
powerpc_def,3,1,-2
power8e_v2.1,2,1,-1
power8_v2.0,3,1,-2
power8e_v1.0,1,1,0
power8e,4,1,-3
cuda_send_packet_to_host,2,1,-1
obuf,6,1,-5
cuda_packet,2,1,-1
~0x1,1,2,1
arm_el_is_aa64,9,3,-6
arm_cpu_mode_fiq,1,2,1
arm_cpu_mode_abt,1,2,1
disallow,2,3,1
new_el,1,3,2
arm_cpu_mode_usr,1,3,2
arm_cpu_mode_mon,3,2,-1
arm_cpu_mode_svc,1,3,2
arm_cpu_mode_und,1,2,1
requesting,3,2,-1
cur_el,3,1,-2
arm_feature_el2,6,2,-4
el0,8,1,-7
arm_cpu_mode_sys,1,2,1
arm_cpu_mode_irq,1,2,1
cioc-,1,1,0
io_buffer_index,1,4,3
debug_ide_atapi,1,1,0
2048,12,9,-3
~busy_stat,1,1,0
disas_update,14,3,-11
disas_jump,8,3,-5
condjmp,3,1,-2
disas_exc,3,1,-2
mtspr,1,1,0
gen_handler,5,4,-1
0x00000001,14,5,-9
ppc_misc,1,1,0
qtype_qstring,16,4,-12
qmp_input_get_object,3,3,0
reg-,5,9,4
.userspace_addr,1,3,2
vhost_user_vring_nofd_mask,1,1,0
memory_size,5,7,2
vhost_user_vring_idx_mask,1,1,0
guest_phys_addr,4,3,-1
msg.memory.nregions,1,1,0
.guest_phys_addr,2,3,1
msg.size,6,4,-2
m.payload.u64,1,2,1
msg.memory.regions,1,1,0
.mmap_offset,1,3,2
m.u64,2,2,0
.state,17,2,-15
userspace_addr,3,4,1
msg.u64,3,2,-1
msg.payload.u64,3,2,-1
mac_addr,1,2,1
.memory_size,3,3,0
collide,1,3,2
c.,1,2,1
keywords,1,5,4
beginning,14,14,0
membername,1,2,1
becomes,16,8,-8
q_default,1,2,1
problematic,1,2,1
underscore,4,4,0
'has_,1,1,0
.startswith,2,2,0
separated,5,1,-4
reuse,10,5,-5
valid_name.match,1,1,0
all_caps,1,1,0
x86_64-softmmu,7,3,-4
mips-softmmu,4,1,-3
ppc-softmmu,5,2,-3
sh4-softmmu,4,2,-2
lm32-softmmu,3,1,-2
cris-softmmu,4,2,-2
mips64el-softmmu,4,3,-1
mipsel-softmmu,5,3,-2
sh4eb-softmmu,4,3,-1
microblazeel-softmmu,4,3,-1
microblaze-softmmu,4,2,-2
unicore32-softmmu,4,2,-2
xtensaeb-softmmu,3,3,0
ppc64-softmmu,5,3,-2
ppcemb-softmmu,4,3,-1
sparc-softmmu,5,2,-3
sparc64-softmmu,4,3,-1
targets=alpha-softmmu,4,3,-1
arm-softmmu,4,1,-3
m68k-softmmu,4,2,-2
moxie-softmmu,3,2,-1
aarch64-softmmu,4,2,-2
unicore32-linux-user,4,2,-2
i386-softmmu,4,1,-3
tricore-softmmu,3,2,-1
mips64-softmmu,4,3,-1
s390x-softmmu,3,1,-2
or32-softmmu,3,1,-2
xtensa-softmmu,3,2,-1
buf_len,2,8,6
55,7,4,-3
collides,4,1,-3
enum_name,3,2,-1
seen,26,9,-17
'enum_values,8,4,-4
clashes,6,3,-3
compilation,4,4,0
'type',1,2,1
tests/qapi-schema/flat-union-clash-type.json:11,1,1,0
self.check,2,1,-1
self.name,10,6,-4
__init__,9,9,0
discriminator,9,4,-5
clash,5,2,-3
'max,5,5,0
enum_define,3,3,0
qapischema,2,2,0
self.tag_member.type,4,1,-3
qapischemaobjecttypemember.check,3,1,-2
automatic,9,5,-4
'kind,12,2,-10
inherited,2,1,-1
tests/qapi-schema/union-clash-type.json:8,1,1,0
'testenum',2,1,-1
v.check,4,1,-3
vseen,4,1,-3
self.variants.check,2,1,-1
reboot,4,1,-3
moved,7,2,-5
starts,27,11,-16
accordingly,8,3,-5
belongs,3,3,0
thinks,1,3,2
.node_mem,3,1,-2
os.makedirs,1,2,1
output_dir,1,1,0
child_name,3,1,-2
current_index,1,1,0
particularly,2,2,0
rdma-,4,7,3
local_host_addr,1,1,0
current_addr,3,5,2
block_name,2,1,-1
rdma,5,5,0
cpu_exec_init,3,4,1
cpu_exec_exit,1,3,2
cpu_dt_id,2,2,0
qemu_find_file,7,6,-1
qemu_file_type_bios,7,6,-1
psw_asc_home,1,1,0
psw_asc_primary,2,1,-1
psw.mask,10,2,-8
psw_asc_secondary,2,1,-1
aml_name_decl,3,2,-1
_sta,2,2,0
functioning,1,2,1
0xb,10,5,-5
aml_int,17,2,-15
shown,1,2,1
aml_device,2,2,0
max_queue_num,2,2,0
reflected,1,2,1
is_a64,9,3,-6
modifications,4,1,-3
arm_current_el,14,5,-9
reg.addr,2,2,0
bank_number,3,1,-2
run_state_inmigrate,3,5,2
new_env,3,1,-2
new_cpu-,1,1,0
mac_reg,3,7,4
le16_to_cpup,1,1,0
vet,1,2,1
-wl,3,2,-1
makefile,2,4,2
-ffreestanding,1,2,1
virtio.o,2,1,-1
-fpie,4,3,-1
-pie,1,2,1
linked,11,8,-3
-fno-stack-protector,4,2,-2
adjust,16,13,-3
target_dir,5,2,-3
0x200000,2,1,-1
clever,1,1,0
-nostdlib,1,1,0
dstaddr,1,2,1
start.o,1,2,1
ipl-,1,3,2
'do,1,1,0
'unsigned,1,1,0
'default,1,1,0
args=args,1,1,0
'void,1,1,0
https,12,8,-4
'this,1,2,1
_',1,3,2
'if,1,1,0
'auto,1,1,0
args.append,1,1,0
'string,7,6,-1
scsidev-,1,2,1
covers,6,2,-4
scsi_hot_add,1,2,1
fabrice,16,3,-13
child_bus,4,5,1
granted,36,14,-22
sysemu/block-backend.h,6,1,-5
opts_str,1,1,0
arising,29,13,-16
preferred,14,5,-9
hw/i386/pc.h,2,3,1
holders,29,12,-17
bellard,14,3,-11
etexi,17,6,-11
substantial,29,13,-16
.mhandler.cmd,5,5,0
hw/virtio/virtio-blk.h,1,1,0
claim,31,12,-19
documentation,48,22,-26
scsi_bus_legacy_add_drive,4,3,-1
contract,32,13,-19
vlan=n,2,1,-1
qbus_is_hotpluggable,1,1,0
tries,11,7,-4
dinfo,17,11,-6
pci_addr,1,1,0
rights,43,14,-29
obtaining,29,14,-15
sublicense,29,13,-16
config_pci_hotplug_old=y,1,1,0
distribute,29,14,-15
hereby,29,14,-15
subject,34,13,-21
type_scsi_bus,2,2,0
printinfo,1,2,1
scsibus,5,4,-1
tort,29,12,-17
adapter-,2,3,1
stexi,17,6,-11
liability,29,12,-17
net,14,9,-5
pci_del,1,1,0
pci-hotplug-old.o,1,1,0
net_client_init,2,1,-1
copies,35,18,-17
pci_add,1,1,0
hw/scsi/scsi.h,1,1,0
scsidev,2,3,1
liable,30,12,-18
qerror_report_err,19,5,-14
scsi,18,9,-9
furnished,29,13,-16
scsibus-,1,2,1
reload,8,5,-3
hot-add,4,1,-3
optstr,2,2,0
qemu_find_opts,21,6,-15
charge,30,14,-16
hot,7,4,-3
sell,29,13,-16
person,29,14,-15
persons,29,14,-15
net/net.h,2,1,-1
scsidevice,13,3,-10
domains,1,1,0
driveinfo,14,7,-7
supported\n,7,2,-5
blk_by_legacy_dinfo,3,1,-2
limitation,34,15,-19
config_pci_hotplug_old,1,1,0
noninfringement,29,12,-17
warranties,29,12,-17
pci_read_devaddr,1,1,0
dealings,29,12,-17
hotplug\n,2,1,-1
calculated,5,4,-1
assign,16,9,-7
pci_drive_hot_add,1,1,0
ditch,1,2,1
qemu_pci_hot_add_nic,1,1,0
add_init_drive,1,1,0
damages,29,12,-17
.devaddr,1,1,0
2004,4,1,-3
ids,15,8,-7
cx,4,4,0
res1,4,2,-2
ahcicommandheader,1,2,1
cmd.prdbc,1,1,0
tx_count,5,1,-4
ahci_px_tfd_sts,1,1,0
applicable,7,3,-4
16-bit,13,3,-10
ahci_px_tfd_err,2,1,-1
res2,2,1,-1
memread,4,4,0
prd,2,2,0
pio-,1,1,0
res0,3,1,-2
fis_type,1,1,0
data_ptr,3,1,-2
0x5f,5,3,-2
qtailq_insert_tail,14,6,-8
connections_limit,2,1,-1
vnc_share_mode_connecting,1,1,0
num_connecting,1,1,0
qtailq_insert_head,2,1,-1
share_mode,1,1,0
amend,3,2,-1
pre-allocated,3,2,-1
expansion,6,2,-4
cope,8,3,-5
gen_inval_exception,2,7,5
0x1d,8,4,-4
read_only,13,4,-9
dmg_open,2,1,-1
bdrvdmgstate,4,2,-2
track,26,10,-16
read_uint32,1,2,1
n_chunks,1,2,1
info_end,1,3,2
fork,6,8,2
connecting,4,4,0
kvm_arm_vcpu_init,3,1,-2
write_kvmstate_to_list,3,1,-2
ext_index,4,1,-3
max_io_queue,1,1,0
max_ext_queue,2,1,-1
max_mchk_queue,1,1,0
mchk_index,2,1,-1
cpu_physical_memory_set_dirty_range_nocode,2,1,-1
ram_addr_max,2,2,0
table_size,3,7,4
build_state,3,2,-1
garray,24,2,-22
build_state-,2,2,0
tables.table_data-,1,1,0
blob,14,4,-10
acpibuildstate,1,1,0
rom_add_blob,3,2,-1
memory_region_get_ram_addr,2,2,0
table_ram,1,1,0
acpi_add_rom_blob,2,1,-1
cpuxtensastate,3,3,0
fw_cfg_data_mem_ops,1,1,0
sysbus_mmio_map,19,5,-14
fw_cfg_io,2,1,-1
comb_iomem,1,1,0
ctl_addr,1,1,0
fw_cfg_mem,2,1,-1
data_addr,1,1,0
ctl,2,1,-1
ctl_iomem,1,1,0
fwcfgmemstate,2,1,-1
fwcfg.data,1,1,0
type_fw_cfg_io,1,1,0
type_fw_cfg_mem,1,1,0
fwcfgstate,10,7,-3
data_iomem,2,1,-1
fwcfgiostate,1,1,0
bar,24,10,-14
daemon_pipe,1,1,0
refcount_table,14,10,-4
compare_refcounts,1,1,0
introduced,8,2,-6
references,5,7,2
accounted,2,2,0
structures,25,11,-14
calculate_refcounts,2,1,-1
highest_cluster,2,2,0
leaks_fixed,2,2,0
corruptions_fixed,2,1,-1
solely,2,1,-1
cluster++,1,2,1
allocates,4,5,1
in-memory,4,2,-2
new_refcount_table,2,1,-1
easily,7,4,-3
allocations,6,3,-3
grow,7,6,-1
append,4,7,3
pointed,6,3,-3
looking,12,6,-6
continuously,1,1,0
on-disk,2,2,0
qcow2_cache_empty,1,1,0
tells,8,5,-3
bdrvqcowstate,14,12,-2
apparently,2,1,-1
'drive,3,1,-2
id=drive0,9,4,-5
'usbdev0,1,1,0
device_deleted,5,1,-4
'usb-storage,1,1,0
'device_del,2,1,-1
'driver,6,2,-4
file=/dev/null,4,1,-3
'device_add,2,1,-1
non-fatal,1,3,2
bdrv_get_device_name,13,8,-5
qapi/qmp/types.h,2,4,2
respectively,4,2,-2
dev.backend_features,2,2,0
tcg_op_defs,1,1,0
monitor_fdset_dup_fd_remove,1,1,0
dup_fd,1,1,0
mon_fdset-,2,2,0
fstat,6,7,1
ivshmem,4,4,0
buf_size,18,5,-13
catalog_bitmap,2,7,5
orig_buf,1,2,1
curl_clean_state,2,2,0
schedule,4,6,2
ext,5,5,0
'header_length,1,3,2
value=,1,1,0
'autoclear_features,1,2,1
'version,1,3,2
packing,1,2,1
.fmt,1,3,2
96,4,9,5
'compatible_features,1,2,1
88,2,1,-1
refcount_order,4,3,-1
104,5,6,1
0xe2792aca,2,1,-1
'fmt,2,2,0
staticmethod,1,3,2
'refcount_order,1,1,0
image.,1,1,0
'magic,1,2,1
'value,9,5,-4
'offset,2,4,2
'incompatible_features,1,2,1
in-place,4,3,-1
img_size,6,10,4
identifier,11,7,-4
max-bytes,3,1,-2
handle_input,1,1,0
parsing,19,6,-13
2^63,2,2,0
non-negative,5,5,0
conf.max_bytes,2,1,-1
virtio-rng,3,2,-1
numbers,17,10,-7
vrng-,7,5,-2
virtio_init,1,1,0
qemu_ram_addr_from_host,1,2,1
virtio_scsi_parse_req,1,1,0
virtioscsievent,2,1,-1
in_size,4,1,-3
virtio_scsi_bad_req,2,2,0
127.0.0.1,5,3,-2
0.0.0.0,4,1,-3
nbd:127.0.0.1,1,1,0
^nbd.c,1,1,0
wait_for_tcp_port,1,1,0
g',2,1,-1
xbzrle.cache,2,7,5
tx_fifo,1,4,3
stellaris_enet,1,1,0
qemu_put_be32,12,6,-6
vmsd,11,6,-5
mctl,1,1,0
inbound,1,1,0
qemu_get_be32,15,8,-7
register_savevm,9,5,-4
differ,4,4,0
hence,11,5,-6
stellaris_enet_state,1,1,0
vmstate_uint8_array,5,3,-2
np,1,2,1
vmstate_struct_array,5,1,-4
im,2,1,-1
sslverify,1,1,0
qemu_opt_bool,11,7,-4
qapi/qmp/qbool.h,1,1,0
certificate,2,4,2
qemu_get_be32s,7,3,-4
qerr_property_value_out_of_range,2,2,0
vmstate_uint16,7,1,-6
new_l1_size,1,3,2
overflows,1,4,3
smart_selftest_count,2,1,-1
1073741823,1,1,0
test_dir/t.imgfmt,6,11,5
bii_offset,1,1,0
\x00\x00\x00\x40,1,2,1
1mb,6,3,-3
blocks_in_image,1,1,0
\x00\x00\xf0\xff\xff\xff\x03\x00,1,1,0
ds_offset,1,1,0
bs_offset,5,3,-2
vdi,8,6,-2
0x3fffffff00000,1,1,0
owner=jcody,2,4,2
64kb,3,2,-1
room,7,7,0
appropriate,19,7,-12
1024tb,1,1,0
0x3fffffff10000,1,1,0
\xff\xff\xff\x3f,1,1,0
\x00\x00\xf1\xff\xff\xff\x03\x00,1,1,0
header.header_length,1,1,0
min_cluster_bits,1,1,0
header_size,6,9,3
header.cluster_bits,1,2,1
initialise,1,1,0
max_cluster_bits,1,2,1
le32_to_cpu,24,14,-10
bochs,7,4,-3
subtype,5,1,-4
little-endian,5,4,-1
config_reg,1,2,1
tcp_chr_read_poll,1,2,1
tcpchardriver,1,5,4
fe_open,2,1,-1
remove_fd_in_watch,1,3,2
chr_update_read_handler,2,1,-1
io_add_watch_poll,1,1,0
fd_in_tag,2,2,0
0xa5,2,4,2
sample,2,5,3
-pp,1,4,3
replay,31,5,-26
18m,1,1,0
replays,2,1,-1
iotest-dirtylog-10g-4m.vhdx.bz2,1,1,0
18874368/18874368,1,1,0
fresh,1,2,1
_filter_qemu,4,5,1
get_float_exception_flags,9,5,-4
infinity,1,5,4
fpst,6,2,-4
old_exc_flags,6,4,-2
float_flag_input_denormal,1,3,2
set_float_exception_flags,11,4,-7
run_state_running,2,4,2
run_state_shutdown,1,2,1
on\\|off\\,1,1,0
\\+,2,1,-1
lazy_refcounts=\\,1,1,0
icp_kvm_reset,1,2,1
gibson,3,2,-1
unmasking,1,2,1
hw/ppc/spapr.h,2,2,0
david,4,2,-2
virtualized,1,1,0
config_pseries,3,2,-1
sys/ioctl.h,9,4,-5
partition,12,4,-8
kvm_get_device_attr,3,1,-2
kvm_get_one_reg,4,1,-3
.id,6,7,1
qemu_set_irq,22,4,-18
pre_save,2,2,0
icpc-,3,1,-2
ics/icp,1,1,0
kernel_xics_fd,1,1,0
'current,1,1,0
kvm_one_reg,3,2,-1
icp_get_kvm_state,1,1,0
type_icp,1,1,0
kvm_set_one_reg,4,2,-2
outputs,4,1,-3
icpc,2,1,-1
emulator,20,5,-15
consistent,10,6,-4
aka,9,2,-7
ics_get_kvm_state,1,1,0
attr.attr,2,2,0
retrieve,5,1,-4
edge-triggered,4,1,-3
icpstateclass,2,1,-1
ics_set_kvm_state,1,1,0
corporation,12,3,-9
cpuid,24,8,-16
x86_cpu_def-,17,1,-16
ecx,38,7,-31
eax,44,10,-34
cache_info_passthrough,2,1,-1
host_cpuid,6,1,-5
ebx,29,5,-24
leaves,2,3,1
socket_set_fast_reuse,2,1,-1
strange,3,4,1
enabling,7,2,-5
snapshot_id,2,1,-1
bdrv_snapshot_delete,1,1,0
find_snapshot_by_id_or_name,1,1,0
.id_str,2,1,-1
id_str,4,3,-1
snapshot_name,4,1,-3
snapshot_index,1,2,1
qocw2-specific,2,3,1
msb,1,4,3
redirect,1,2,1
0x20000,9,6,-3
\x00\x01,1,1,0
low-level,3,3,0
effectively,11,7,-4
compat=1.1,5,5,0
ensuring,1,2,1
onto,2,4,2
0x30000,4,2,-2
owner=mreitz,4,5,1
forcing,2,1,-1
\x80\x00\x00\x00\x00\x02\x00\x00,1,1,0
curlstate,3,2,-1
bdrvcurlstate,5,2,-3
softmmu,5,4,-1
routines,10,4,-6
qemu_ram_addr_from_host_nofail,1,2,1
bdrvsshstate,2,1,-1
has_zero_init,4,2,-2
misuse,1,2,1
inb,2,4,2
bsy,3,3,0
ide_base,1,3,2
reg_status,1,3,2
0x02000000,5,4,-1
sense_data,2,1,-1
time_spent,3,1,-2
qemu_get_clock_ms,11,2,-9
current_time,6,1,-5
initial_time,2,1,-1
s16,2,2,0
g_string_new,5,6,1
s64,4,3,-1
qlist_pop,6,3,-3
cvalue-,1,2,1
qlist_peek,3,2,-1
qfloat,3,3,0
arrays,1,3,2
qobject_to_qbool,4,3,-1
qobject_to_qfloat,1,2,1
qlist_copy,3,2,-1
uint16list,1,4,3
u16,3,3,0
qfloat_get_double,2,1,-1
'int32,1,1,0
gstring,5,6,1
u8,3,2,-1
qint_get_int,15,5,-10
qobject_to_qlist,8,2,-6
userdefnativelistunion,1,2,1
boolean,11,4,-7
'boolean,1,3,2
qbool_get_int,4,2,-2
qobject_to_qint,11,6,-5
fashion,1,1,0
s32,3,5,2
s8,2,2,0
g_string_free,4,6,2
'uint32,1,1,0
pci_add_capability,1,2,1
vfio_add_emulated_word,1,2,1
dropping,4,6,2
tg3,1,1,0
emulated_config_bits,6,2,-4
vfiodevice,10,1,-9
revist,1,1,0
as-is,4,2,-2
pci_set_long,6,4,-2
regular,5,6,1
assignment,6,3,-3
lnk2,1,1,0
ex,5,2,-3
endpoints,3,3,0
depend,10,4,-6
pci_exp_type_rc_end,1,1,0
integrated,3,1,-2
pdev.bus,1,1,0
seems,19,7,-12
lnk,1,1,0
clears,9,3,-6
pdev.config,4,1,-3
pci_get_long,12,3,-9
become,10,7,-3
pci_set_byte,6,2,-4
emulated,24,9,-15
pci_cap_flags,1,2,1
pci_exp_type_endpoint,1,1,0
pdev.wmask,2,1,-1
tcg_target_long,14,1,-13
tcg_gen_exit_tb,12,1,-11
tcg_gen_ld_i32,7,4,-3
tbs,5,4,-1
chained,2,2,0
next_tb,6,4,-2
asked,6,4,-2
executing,22,8,-14
meaning,8,3,-5
sig_atomic_t,1,2,1
tcg_temp_local_new_i32,1,1,0
cpu_unlink_tb,1,1,0
advance,16,5,-11
qtest_irq_intercept_in,3,2,-1
documented,5,4,-1
macros,16,1,-15
outb,2,3,1
get_irq,3,1,-2
operate,6,3,-3
resulting,7,10,3
raw_open_common,1,1,0
behave,6,3,-3
bdrvrawstate,13,2,-11
s_isblk,2,2,0
st.st_mode,3,3,0
bdrv_o_rdwr,19,8,-11
eperm,3,3,0
supposed,10,4,-6
-eacces,7,5,-2
raw_close,3,1,-2
overlay_bs,6,2,-4
bdrv_find_overlay,3,1,-2
bdrv_get_flags,3,1,-2
orig_overlay_flags,2,1,-1
kvm_features,5,1,-4
kvm_feature_pv_eoi,4,1,-3
est_executing,1,1,0
moves,3,1,-2
ehcipacket,1,2,1
reasonably,1,3,2
reg_b_set,1,1,0
cmos_data,5,3,-2
rtc_century,1,1,0
smm,1,2,1
pm-,7,2,-5
smi_en,1,1,0
kvm.h,8,4,-4
server_fd,2,1,-1
qemu_set_fd_handler2,24,7,-17
pfl-,5,3,-2
0x5c,5,1,-4
extended,26,10,-16
640,3,2,-1
above_4g_mem_size,6,2,-4
0x5b,4,1,-3
0x5d,2,1,-1
silence,2,2,0
-werror,11,6,-5
diagnostic,1,2,1
valgrind,7,3,-4
macro,10,4,-6
pragma,14,3,-11
dma_direction_to_device,2,5,3
async-,6,1,-5
dma_direction_from_device,4,4,0
isgl,2,3,1
usbpacket,2,5,3
sgl,4,5,1
ipacket,1,3,2
dma_memory_map,1,5,4
.base,12,9,-3
dmadirection,1,4,3
iov.iov,3,1,-2
usb_packet_unmap,1,5,4
usb_token_in,5,5,0
dma_memory_unmap,2,2,0
qemusglist,1,3,2
multiplied,1,1,0
enter,18,6,-12
think,4,5,1
target_abi_bits,8,1,-7
piix4pmstate,3,3,0
register_ioport_write,9,4,-5
0xae00,1,1,0
register_ioport_read,9,3,-6
logical_block_size,3,3,0
define_prop_blocksize,1,1,0
_conf.physical_block_size,1,1,0
physical_block_size,1,1,0
_conf.logical_block_size,2,1,-1
layers,2,2,0
removing,9,9,0
cpu_loop_exit,23,8,-15
cpu_resume_from_signal,6,1,-5
tlb_flush_page,13,4,-9
asids,1,1,0
asid,7,2,-5
ignores,1,3,2
entry_point,1,1,0
fdt_max_size,3,3,0
min_rma_slof,1,1,0
leaving,5,11,6
rtas_size,1,4,3
plus,9,3,-6
ldm,3,2,-1
08lx\n,1,1,0
term,3,2,-1
layout,16,4,-12
08lx,5,2,-3
fdt_addr,1,3,2
128ul,2,1,-1
~0xffff,6,3,-3
boot-kernel,1,1,0
advertising,3,1,-2
31m,1,1,0
0x02800000,1,1,0
fdt_property_string,3,5,2
fdt_totalsize,1,3,2
device-tree,1,2,1
rma_size,2,5,3
libcacard_cflags,1,2,1
smartcard_cflags=,1,1,0
libcacard_libs,2,2,0
src_path,25,11,-14
smartcard_cflags,1,2,1
nss,1,2,1
-i\,5,1,-4
/libcacard,2,1,-1
pci_num_regions,3,2,-1
0xfe,10,7,-3
msix_is_pending,1,1,0
msix_is_masked,2,1,-1
msix_handle_mask_update,1,1,0
msix_table_page,1,2,1
pci_msix_entry_vector_ctrl,2,1,-1
fmask,4,1,-3
msix_vector_masked,1,1,0
pci_msix_entry_size,4,1,-3
msix_function_masked,1,1,0
pci_msix_entry_ctrl_maskbit,1,1,0
stb_phys,1,4,3
dev_offs,1,1,0
econnrefused,1,1,0
nbd_client_thread,1,1,0
shut,4,4,0
warnings,7,4,-3
client_thread,1,1,0
pthread_create,2,4,2
zeros,13,6,-7
is_read,7,6,-1
nbytes,8,2,-6
qemu_aio_read,3,1,-2
vmdkextent,2,2,0
filtering,1,2,1
chunks,9,3,-6
i/f,1,1,0
0x800000,1,5,4
isa_mmio_init,1,2,1
pcibus_t,8,2,-6
pci_register_bar,7,1,-6
bar1,2,1,-1
isa_mmio_setup,1,2,1
fmt_pcibus,1,2,1
0xa0,4,3,-1
region_num,7,1,-6
pci_register_bar_region,1,1,0
back-to-back,1,1,0
pci_host_config_write_common,2,2,0
hosts,14,6,-8
cut,4,2,-2
pcie_mmcfg_confoffset,1,2,1
pci_host_config_read_common,2,2,0
config_write,1,2,1
config_read,1,2,1
config_size,10,1,-9
g2h,8,4,-4
brk_page,1,1,0
heap,1,1,0
highest,6,3,-3
debugf_brk,1,1,0
target_brk,1,1,0
almost,10,5,-5
do_brk,1,1,0
from_qbus,1,3,2
qbus.allow_hotplug,1,3,2
busstate,29,5,-24
qbus_create_inplace,2,3,1
qbus,13,6,-7
.put,7,4,-3
cpu_alpha_store_fpcr,2,1,-1
vmstate_load_state,5,3,-2
jumping,1,1,0
vms_single,1,1,0
expanded,1,2,1
vmstate_uint8,10,2,-8
.minimum_version_id_old,10,4,-6
fpcr,4,1,-3
vmstate_uinttl_array,1,1,0
vmstate_save_state,4,2,-2
i8259.o,1,1,0
obj-alpha-y,1,1,0
lock_value,1,2,1
qemu_put_be64,3,3,0
vmstate_cpu,1,1,0
vmstateinfo,8,4,-4
mc146818rtc.o,1,1,0
pal_mode,3,1,-2
fir,1,2,1
lock_addr,2,2,0
.get,15,5,-10
cpu_alpha_load_fpcr,1,1,0
config_ide_core=y,1,1,0
offset=0,1,1,0
host_bits,2,2,0
0x7ff,5,3,-2
-0x200,1,1,0
int32,4,4,0
status_param,3,2,-1
kvm_vcpu_dirty,1,3,2
95,2,2,0
programmable,1,2,1
ascii,3,5,2
00h,1,1,0
romfile,2,4,2
qemu_icount,1,1,0
use_icount,18,4,-14
config_iothread,5,5,0
here\n,2,1,-1
scripts,6,2,-4
lib,1,2,1
braces,3,2,-1
hanging,1,1,0
indented,1,1,0
typedefs,2,3,1
redundant,9,1,-8
if/,1,1,0
submitting,1,2,1
/\t/,1,1,0
sparse,7,4,-3
ident,1,1,0
statement,4,1,-3
vl.c,2,1,-1
preprocessor,3,1,-2
blocks\n,1,1,0
sindent,1,1,0
whitespace,5,1,-4
ipc,1,1,0
arms,1,1,0
\b/,3,1,-2
or\n,1,1,0
docs,6,5,-1
\t/,1,1,0
herevet,2,1,-1
patches,11,4,-7
labels,4,2,-2
/^\+/,1,2,1
warn,19,9,-10
tabs,1,1,0
statement\n,1,1,0
herectx,1,1,0
cat_vet,2,1,-1
/^\+,2,1,-1
rawline,7,3,-4
spaces,6,4,-2
bdrv_type_cdrom,5,1,-4
characteristics,3,1,-2
page_code,2,3,1
0xb0,4,2,-2
bdrv_get_type_hint,4,1,-3
buflen++,2,1,-1
outbuf,11,7,-4
evpd,2,4,2
qemu_realloc,5,2,-3
osdep.c,1,1,0
qemu_memalign,9,5,-4
valloc,1,1,0
depends,14,12,-2
effect,13,7,-6
safety,9,3,-6
0xfb,3,2,-1
qemu_iovec_concat,2,9,7
'd,23,13,-10
b-,5,8,3
bootsect,2,2,0
probed,2,2,0
deflateend,1,1,0
buffer_free,1,3,2
new_block,3,5,2
stats_vq_elem,1,2,1
stats_vq_offset,1,1,0
migrate_fd_monitor_suspend,1,1,0
block_mig_state.total_sector_sum,1,2,1
/=,11,10,-1
den,1,3,2
int_min,5,5,0
virtio_net_f_host_tso4,3,2,-1
virtio_net_f_csum,3,2,-1
net_client_type_tap,1,1,0
virtio_net_hdr,4,1,-3
virtio-net,5,6,1
support\n,1,2,1
tap_has_vnet_hdr,1,1,0
virtio_net_f_host_tso6,3,2,-1
peer-,7,5,-2
peer_has_vnet_hdr,3,1,-2
virtio_net_f_host_ecn,3,2,-1
tap_using_vnet_hdr,1,1,0
l1_bits,1,1,0
nb_needed,1,3,2
sig_block,4,5,1
sigprocmask,5,8,3
sigset_t,10,12,2
oldset,2,3,1
die,7,2,-5
sigfillset,4,5,1
eepro100state,5,2,-3
qemu_event_handle,4,2,-2
qemu_event_increment,2,2,0
getlasterror,11,7,-4
setevent,2,2,0
bdrv_check_request,2,2,0
vnc_auth_vencrypt_tlssasl,1,1,0
vnc_client_write,1,1,0
vnc\n,1,1,0
vnc_auth_vencrypt_x509sasl,2,1,-1
vnc_write_u32,4,2,-2
vnc_start_vencrypt_handshake,1,1,0
vnc_auth_vencrypt_x509plain,2,1,-1
switching,4,4,0
vnc_tls_handshake_io,1,1,0
none\n,6,1,-5
vnc_client_read,1,2,1
mode\n,6,6,0
liguori,14,5,-9
rejecting,1,1,0
vnc_read_when,2,1,-1
interrupted,1,6,5
accepting,2,2,0
vnc.h,2,1,-1
anthony,14,5,-9
read_u32,2,1,-1
tls.session,3,1,-2
config_vnc_sasl,1,2,1
vnc_auth_vencrypt_x509none,3,1,-2
vnc_tls_client_setup,1,1,0
vnc_auth_vencrypt_x509vnc,3,1,-2
process\n,1,1,0
d.,4,3,-1
start_auth_vnc,2,1,-1
gnutls_strerror,3,4,1
vnc_write_u8,3,3,0
start_client_init,1,1,0
2009,15,2,-13
vnc_auth_vencrypt_tlsvnc,2,1,-1
vnc_auth_vencrypt_tlsnone,2,1,-1
bug\n,3,1,-2
vnc_client_error,2,8,6
inc,12,6,-6
2006,4,2,-2
0.2,1,2,1
vnc_flush,3,4,1
dx,4,8,4
abs,9,7,-2
cirrus_blt_dstpitch,1,5,4
dy,2,6,4
tcg_type_tl,4,3,-1
tcg_cond_gtu,1,1,0
tcg_cond_geu,4,2,-2
tcg_gen_brcond_tl,4,1,-3
tcg_temp_local_new,6,6,0
indexes,2,3,1
video,6,4,-2
ts-,23,9,-14
dpy_resize,4,2,-2
audio_cap,1,2,1
opproto,9,2,-7
0x0080,4,1,-3
0x0040,6,5,-1
a1,13,4,-9
int8_t,11,8,-3
sa,3,4,1
r0,9,7,-2
0x66,4,2,-2
0x81,2,2,0
0xe7,4,2,-2
0x7f,16,6,-10
0xe3,2,1,-1
0x54,7,3,-4
0x65,3,1,-2
msg_controllen,2,2,0
target_cmsghdr,1,1,0
suddenly,1,1,0
capture,1,1,0
aud_fmt_s16,4,1,-3
calculating,1,2,1
backlog,1,2,1
sensible,1,1,0
resized,5,2,-3
48000,1,1,0
worse,1,2,1
vnc_write_u16,1,2,1
samples,2,2,0
iscsi_allocmap_set_invalid,1,1,0
lieven,2,2,0
kamp.de,2,2,0
pl,4,3,-1
start_routine,1,2,1
pthread_self,2,1,-1
cd47172a673762a05a0c7bd27df6e3cc8febe8d6,1,1,0
vm_running,14,4,-10
queue_status,1,2,1
'filename,7,2,-5
cont,2,2,0
saved_vm_running,1,3,2
2.11,3,2,-1
dcl-,3,8,5
snap,5,5,0
bwidth,4,4,0
page0,1,4,3
wraps,3,3,0
page1,1,4,3
vram,2,4,2
level=,1,1,0
logging.debug,1,1,0
debug=false,2,2,0
r_v7m_excret_spsel_mask,1,2,1
armv7m_nvic_set_pending,6,1,-5
v7m.ccr,2,2,0
arm_feature_m_security,15,2,-13
v7m.sfsr,1,1,0
excret,1,2,1
securefault,2,1,-1
return_to_sp_process,2,1,-1
ufault,1,1,0
recognize,2,2,0
certain,23,5,-18
rettobase,1,1,0
nonbasethrdena,1,1,0
v7m.secure,23,2,-21
unpredictable,12,10,-2
r_v7m_excret_es_mask,1,2,1
nvic,17,4,-13
usagefault,5,1,-4
r_v7m_excret_dcrs_mask,1,2,1
stackframe,2,1,-1
dcrs,1,2,1
es,8,2,-6
choose,20,15,-5
v7m_exception_taken,2,3,1
r_v7m_excret_s_mask,1,2,1
faultmask,5,1,-4
armv7m_excp_secure,3,1,-2
check\n,2,1,-1
r_v7m_ccr_nonbasethrdena_mask,2,1,-1
r_v7m_excret_mode_mask,1,2,1
v8m,16,2,-14
cpu_log_int,9,2,-7
return_to_handler,3,1,-2
setsid,3,1,-2
setgid,1,2,1
setfsuid,1,1,0
for\n,1,1,0
we're,8,1,-7
setfsgid,1,1,0
setregid,1,1,0
setreuid,1,1,0
setresuid,2,1,-1
setuid,2,2,0
sys/prctl.h,1,2,1
setresgid,2,1,-1
prctl,1,3,2
scmp_sys,2,2,0
burst_length,5,2,-3
explicit_options,1,3,2
retsaddr,1,1,0
retwsaddr,1,1,0
qapi_free_socketaddress,7,3,-4
wsaddr,1,1,0
prealloc_mode_off,4,2,-2
bdrv_has_zero_init,6,4,-2
blkdev-,4,8,4
resp.status,1,1,0
resp-,3,1,-2
nb_fds,2,2,0
shared,30,10,-20
qemu_co_mutex_init,8,2,-6
virtio_scsi,3,5,2
virtioscsi,6,8,2
qbus_set_hotplug_handler,1,2,1
plugs,1,1,0
ppce500,1,1,0
separately,5,1,-4
subclass,4,2,-2
whitelist,1,4,3
ppc2_isa300,7,3,-4
ppc_mem_tlbsync,7,1,-6
gen_handler_e,6,5,-1
ppc_mem_tlbie,5,2,-3
initializes,10,2,-8
cryptographic,2,1,-1
final_cfg.buckets,1,1,0
throttle_bps_total,3,4,1
buckets_count,3,3,0
15.3,1,1,0
cfg-,5,3,-2
throttle_bps_read,2,4,2
corrected,4,2,-2
leakybucket,2,3,1
.max,9,3,-6
buckets,4,4,0
bkt,3,4,1
orig_cfg.buckets,1,1,0
bdrv_ref,2,5,3
graph,3,4,1
qemu_co_queue_next,7,3,-4
pdu_free,1,2,1
socket_path,3,3,0
spurious,5,4,-1
failures,2,4,2
stale,4,4,0
bus_master_container_region,1,1,0
o_path,1,5,4
to_dst_file,3,3,0
__u64,6,2,-4
userfault,4,1,-3
reg_struct.ioctls,1,1,0
_uffdio_copy,1,1,0
ldr,5,3,-2
-fdt_err_notfound,1,1,0
comp,1,1,0
flattened,3,1,-2
m_byte,2,1,-1
k_byte,2,1,-1
load_device_tree,1,1,0
fdt_path_offset,1,2,1
rom_add_blob_fixed,6,2,-4
exec/memory.h,2,1,-1
pend,5,1,-4
load_addr,1,1,0
header_magic,3,2,-1
'not,1,2,1
excp_interrupt,13,3,-10
meaningful,6,1,-5
i.e,26,11,-15
serialization,1,1,0
endianness,9,3,-6
hold,18,5,-13
de-,2,1,-1
bitmaps,12,3,-9
ld,28,13,-15
requirement,1,5,4
refcount_table_size,9,8,-1
hole,6,4,-2
reft_offset_mask,1,2,1
num_busses,1,2,1
cs_lines,2,1,-1
spi,5,3,-2
num_cs,1,1,0
focus,6,5,-1
max_nodes,9,2,-7
.present,3,2,-1
kvm_irqchip_is_split,2,2,0
0x118,1,2,1
-target_efault,7,8,1
creds,6,5,-1
session,9,3,-6
libgfapi,1,1,0
glfs_set_logging,1,1,0
socket=,3,2,-1
debug_level,3,1,-2
gconf-,3,1,-2
qemu_opt_get_del,2,2,0
glfs,1,2,1
logfile,8,11,3
isa_register_portio_list,1,1,0
0xf00,2,1,-1
gus,1,2,1
piolist-,1,1,0
page_base,1,1,0
pageh_base,1,1,0
fdc_portio_list,1,1,0
isadev,1,3,2
inuse,3,3,0
msg.request,3,2,-1
virtio_has_feature,9,3,-6
consider,16,7,-9
vhostusermemoryregion,2,2,0
vhost_user_set_mem_table,2,2,0
nregions,2,3,1
vhostusermsg,3,2,-1
vhost_memory_max_nregions,1,4,3
gpa,4,2,-2
vhost_user_version,3,2,-1
-object,7,5,-2
reply_supported,1,2,1
remapping,4,3,-1
process_message_reply,1,2,1
memory-backend-file,1,2,1
vhost_user_protocol_f_reply_ack,1,2,1
fd_num++,1,2,1
msg.flags,5,2,-3
vhost_memory_region,1,2,1
vhost_user_get_features,3,2,-1
protocol_features,3,2,-1
vhost_user_need_reply_mask,1,2,1
r_max,2,2,0
rxbase,1,1,0
qemu_sglist_destroy,2,10,8
kernel's,1,1,0
offset_in_cluster,2,3,1
exceeding,1,3,2
definitely,10,2,-8
id_wellformed,2,1,-1
block_job_get,1,1,0
rid,7,4,-3
nbd_max_sectors,5,1,-4
reasonable,5,6,1
pte.pte0,2,2,0
entirely,5,5,0
ppc_hash64_htab_lookup,2,1,-1
pte0,7,6,-1
powerpc_excp_mcheck,1,4,3
error_code,12,7,-5
pending_interrupts,1,2,1
ppc_interrupt_hdecr,1,1,0
exception\n,1,2,1
hypervisor,9,7,-2
cpu_ppc_load_hdecr,1,1,0
delivery,6,2,-4
pm,10,3,-7
hdecr,2,1,-1
decrementer,5,2,-3
spr_register_hv,1,2,1
ppc_set_irq,3,1,-2
msr_ee,3,3,0
has_hv_mode,1,3,2
lpcr,2,4,2
cf_use_icount,7,2,-5
54,5,3,-2
52,7,5,-2
0x3ull,3,2,-1
dmalen,1,2,1
op-,5,4,-1
mirror_write_complete,1,1,0
qcow2_get_cluster_offset,1,1,0
20480,2,1,-1
24576,2,1,-1
28672,2,1,-1
32768,7,2,-5
bdrv_block_zero,11,5,-6
bdrv_get_block_status_above,7,1,-6
differently,3,1,-2
0x001f0001,1,1,0
bioc-,1,1,0
overrun,7,8,1
2k,1,1,0
handle_output,3,1,-2
handle_aio_output,1,1,0
event_notifier_test_and_clear,7,3,-4
vring.desc,6,1,-5
host_notifier,3,2,-1
virtio_queue_notify_vq,2,2,0
virtio_queue_host_notifier_read,1,1,0
trace_virtio_queue_notify,1,1,0
gluster,3,1,-2
fsync,2,3,1
enospc,4,1,-3
retries,3,1,-2
pair,10,9,-1
loss,3,2,-1
retain,4,1,-3
recoverable,2,1,-1
key/value,1,2,1
discover,1,1,0
arch_dump.o,1,3,2
query-gic-capabilities,1,2,1
config_softmmu,19,3,-16
describing,3,4,1
sqmp,6,4,-2
qerr_feature_disabled,1,1,0
'returns,16,3,-13
machine.o,5,1,-4
psci.o,1,1,0
monitor.o,4,1,-3
qmp-commands.h,3,1,-2
qemu/kvm,1,1,0
eqmp,6,4,-2
common.blocker,1,2,1
bdrv_op_block_all,4,2,-2
target-,3,2,-1
tdlen,1,1,0
rdlen,1,2,1
rdh,1,3,2
keyname_len,1,2,1
keyname_buf,1,2,1
index_from_key,2,1,-1
qkeycode_lookup,2,1,-1
connected\n,1,2,1
fclk,1,1,0
clk,1,2,1
virtio_ccw_queue_max,3,1,-2
indicators,2,1,-1
kvm_type,1,1,0
downstream,5,2,-3
valid_name,1,1,0
digits,1,2,1
_,23,12,-11
__rfqdn_,1,1,0
a-za-z0-9_.-,2,1,-1
letters,4,1,-3
letter,3,1,-2
re.compile,1,1,0
enum_member,1,1,0
a-za-z_,1,1,0
__,2,1,-1
gtester_options,1,3,2
-y,4,3,-1
gtester,3,3,0
sysemu_target_list,2,1,-1
check-qtest-generic-y,1,3,2
-rf,5,3,-2
check-qtest-,4,2,-2
-m=,1,2,1
foreach,7,3,-4
ch-,6,2,-4
nchan,1,1,0
channels,7,3,-4
.channel,1,1,0
block_acct_write,3,6,3
'port,4,1,-3
omitted,5,1,-4
blksize,1,1,0
index=,2,3,1
fail_vfio,1,1,0
vfio_irq_info_automasked,1,1,0
intp,1,2,1
pin,10,4,-6
vfiointp,1,2,1
unmask,4,2,-2
event_notifier_init,8,3,-5
resample/unmask,1,1,0
intp-,2,2,0
out_no_progress,1,1,0
maxcpus,8,2,-6
sockets,13,7,-6
vmw_pkprn,1,2,1
csum_offset,6,2,-4
vhdr-,1,2,1
lu,9,7,-2
pkt_len,1,2,1
csum_start,1,1,0
tcp_header,1,3,2
notify,32,11,-21
bhs,5,3,-2
scheduling,7,3,-4
forces,4,4,0
code_ptr,6,6,0
retranslation,1,1,0
tcg_out_insn,1,1,0
qemu_get_queue,11,5,-6
e1000_can_receive,1,3,2
tested,10,2,-8
qemu_flush_queued_packets,7,4,-3
num_child_bus,2,1,-1
qbus_is_full,1,1,0
do_log,2,3,1
characters\n,1,1,0
qemu_get_byte,9,9,0
terminated,7,6,-1
whose,14,2,-12
preallocated,7,4,-3
section_id,1,3,2
ethernet,8,5,-3
1st,7,3,-4
nic-,10,3,-7
multicast,3,4,1
nics,7,1,-6
revision,40,8,-32
rev_nvic,1,1,0
security_extn,8,1,-7
rev_11mpcore,1,1,0
vgic,3,1,-2
pci_command_memory,3,2,-1
pci_command_io,3,2,-1
~reg-,1,2,1
xenpcipassthroughstate,1,1,0
xen_pt_merge_value,1,1,0
cfg_entry-,1,1,0
emulate,24,4,-20
throughable_mask,1,1,0
emu_mask,1,2,1
~valid_emu_mask,1,1,0
xenptreginfo,1,1,0
ldl_phys,8,2,-6
wp-,5,1,-4
stw_phys,2,2,0
check_watchpoint,2,1,-1
address_space_lduw,1,1,0
address_space_stw,1,1,0
.read_with_attrs,3,1,-2
address_space_stl,1,2,1
.write_with_attrs,3,1,-2
address_space_ldl,1,3,2
lduw_phys,3,1,-2
ldub_phys,3,2,-1
address_space_ldub,1,1,0
stl_phys,7,3,-4
qemu_chr_delete,2,2,0
pgm_segment_trans,4,2,-2
trigger_page_fault,4,2,-2
exc,5,5,0
pchks,1,1,0
vaddr,36,11,-25
faults,3,4,1
buff_read_uint64,1,1,0
204,1,1,0
data_offset,4,5,1
last_in_offset,1,2,1
hw-,4,5,1
pcm_ops-,1,3,2
blocker,7,7,0
block_op_type_change,2,1,-1
blk_op_unblock,3,4,1
kvmslot,2,3,1
accelerator,2,6,4
addrinfo,2,4,2
freeaddrinfo,1,6,5
grant,1,1,0
g_slist_foreach,1,1,0
blkdev,1,3,2
g_slist_append,3,1,-2
xendev.gnttabdev,1,2,1
gslist,14,4,-10
xen_be_printf,8,7,-1
maps,5,3,-2
frontend,5,4,-1
gdestroynotify,2,2,0
xengnttab,1,1,0
mappings,11,2,-9
region-,4,2,-2
xendev,12,7,-5
pages\n,1,1,0
xc_gnttab_munmap,1,2,1
max_grants,1,1,0
unmarshall,2,4,2
task-,6,5,-1
writable,15,5,-10
read-write,7,2,-5
lun,26,11,-15
scsi_task,2,3,1
scsi_free_scsi_task,7,7,0
iscsi_get_error,2,7,5
iscsi,14,15,1
scsi_datain_unmarshall,3,3,0
scsi_status_good,5,2,-3
l1_start_index,1,2,1
newly,10,4,-6
regarding,1,2,1
prints,3,1,-2
qcow2_cache_get,1,1,0
_not_,3,1,-2
corruptions_fixed++,4,3,-1
qcow2_alloc_clusters,3,4,1
check_refblocks,2,1,-1
corruptions++,6,6,0
bdrvcheckmode,5,4,-1
decrement,1,2,1
old_nb_clusters,2,1,-1
inc_refcounts,8,2,-6
y1,2,3,1
x0,2,3,1
x1,3,5,2
y0,1,1,0
rtas_token_max,1,2,1
rtas_token_base,1,2,1
post_realize_fail,2,2,0
qdev_get_vmsd,3,2,-1
parent_bus,8,4,-4
vmstate_unregister,6,1,-5
parent_bus-,7,1,-6
dma_cmd,1,2,1
ide_sect_range_ok,1,2,1
ide_dma_write,1,1,0
aio_nbytes,2,2,0
aiocb-,3,5,2
bdrv_get_geometry,6,4,-2
ide_init2,1,1,0
md,2,2,0
has_reserved_memory,1,1,0
gigabyte_align,4,1,-3
smbios_legacy_mode,1,1,0
dlen,1,4,3
016lx,1,2,1
closehandle,1,6,5
address_space_filter,1,1,0
listener-,2,1,-1
smbios,5,2,-3
acpi_read_array,2,2,0
\0\0,1,2,1
formatted,2,1,-1
acpi_checksum,1,4,3
acpi_read_field,2,2,0
smbios_max_type,1,1,0
structs,8,4,-4
crt,2,1,-1
walk,14,4,-10
smbios_max_type+1,1,1,0
grab,13,4,-9
0xf0000,6,4,-2
distance,2,1,-1
col,2,1,-1
rx_fifo,1,2,1
wchar_t,2,3,1
positives,6,2,-4
frees,4,2,-2
explaining,1,2,1
paolo,6,3,-3
exec.c,2,1,-1
libraries,4,1,-3
pbonzini,6,3,-3
_bool,1,1,0
armbru,6,4,-2
understand,2,2,0
fact,11,6,-5
bonzini,6,3,-3
scan,7,2,-5
asking,5,2,-3
lot,9,3,-6
fewer,3,1,-2
armbruster,6,4,-2
markus,7,4,-3
field-,6,4,-2
vms_must_exist,1,1,0
vmsd-,6,8,2
mac_table_entries,1,1,0
refuse,4,5,1
simple-pattern.cloop.bz2,1,5,4
increasing,6,4,-2
build_append_int,4,1,-3
0x1u,1,1,0
acpi_gpe_proc_len,1,1,0
holds,7,4,-3
source-,2,2,0
common.bs-,2,2,0
qlist_head,17,7,-10
quorum_sha256_compare,1,1,0
vote_ret,2,3,1
tracked,4,3,-1
sharing,2,1,-1
a-,1,3,2
block-obj-y,12,3,-9
'reference,1,1,0
qlist_init,12,3,-9
success_count,1,3,2
simpler,2,5,3
votes.compare,1,2,1
quorumaiocb,2,4,2
device_name,17,5,-12
gnutls/gnutls.h,2,2,0
qlist_entry,13,6,-7
dest-,4,2,-2
item-,3,5,2
sacb-,1,1,0
qlist_insert_head,30,9,-21
bdrvquorumstate,3,3,0
votes.vote_list,1,2,1
'node-name,3,1,-2
sha-256,1,1,0
explain,4,1,-3
no_user,2,2,0
target_phys_addr_space_bits,7,4,-3
addr_space_bits,1,1,0
system_memory,11,3,-8
suspend,9,3,-6
rsdt,9,2,-7
reserved1,1,1,0
readw,3,2,-1
rsdp_table,5,1,-4
rsdp,7,2,-5
rsdt_table,1,1,0
acpi_read_table_header,1,1,0
compute,19,11,-8
fadt,4,1,-3
acpisdttable,1,2,1
acpitableheader,2,1,-1
dsdt,7,3,-4
rsdp_table.rsdt_physical_address,1,1,0
readl,5,1,-4
gpe0_blk,1,1,0
oem_table_id,7,2,-5
asl_compiler_id,1,2,1
boot_order_test,1,1,0
ssdt,6,3,-3
acpirsdpdescriptor,1,1,0
rsdt_physical_address,2,1,-1
pm1_evt_len,1,1,0
reserved4b,1,1,0
rsdp_table-,3,1,-2
reserved2,4,1,-3
reserved4a,1,1,0
rsd,1,1,0
expected_boot,1,1,0
qemu/compiler.h,2,1,-1
pm_tmr_len,1,1,0
dsdt_table,1,1,0
arr,2,3,1
century,2,1,-1
acpifadtdescriptorrev1,1,1,0
gpe0_blk_len,1,1,0
acpi_read_array_ptr,1,1,0
expected_reboot,1,1,0
oem_id,7,2,-5
reserved4,1,1,0
pm1_cnt_len,1,1,0
req.status,1,1,0
scsi_disk_emulate_reqops,1,1,0
req.buf,2,1,-1
illegal_request,3,9,6
invalid_field,4,4,0
cmd.buf,4,5,1
unlink_and_fail,2,1,-1
file=test_dir/t.qcow2,6,1,-5
drvname,2,2,0
run_qemu,10,4,-6
qed,6,10,4
backing_file='test_dir/t.imgfmt.base,2,4,2
deleting,2,2,0
cpuid_features,10,3,-7
test_dir/,1,1,0
idea,7,1,-6
qemu-iotests,4,1,-3
intended,7,5,-2
/sample_images,1,1,0
vhdx,8,7,-1
is_request_lun_aligned,2,1,-1
misaligned,1,3,2
fsconf.tag,3,1,-2
v9fs_path_free,1,2,1
section_index,1,1,0
phys_sections,3,1,-2
.ptr,3,1,-2
cpu_nb_regs32,2,1,-1
.compat_props,3,1,-2
globalproperty,4,2,-2
pc_compat_1_5,2,1,-1
type_x86_cpu,9,2,-7
ioba,2,2,0
out-of-bounds,2,4,2
03x,1,2,1
.bdrv_co_write_zeroes,1,1,0
extent-,1,6,5
qemu_co_mutex_lock,8,4,-4
vmdk_write,1,1,0
l2_cache_entry,1,1,0
incb,1,1,0
adcw,1,1,0
shlw,1,1,0
logicl,1,1,0
cc_op_name,1,2,1
decw,1,1,0
subw,1,1,0
sbbl,1,1,0
sbbw,1,1,0
sarl,3,2,-1
subl,2,1,-1
restartable,1,1,0
pop,5,4,-1
adcb,1,1,0
gen_op_addw_esp_im,1,1,0
addw,2,1,-1
logicw,1,1,0
incl,1,1,0
gen_op_set_cc_op,2,2,0
adcl,1,1,0
logicb,1,1,0
addb,1,1,0
sarb,1,1,0
r_cs,13,8,-5
cpl,8,4,-4
incw,1,1,0
cc_op,20,9,-11
subb,1,1,0
decb,1,1,0
sbbb,1,1,0
addl,1,2,1
gen_op_addl_esp_im,1,1,0
cc_op_eflags,2,3,1
sarw,1,1,0
decl,1,1,0
vm86,4,2,-2
shlb,1,1,0
shll,2,1,-1
cc_op_str,1,2,1
eflags,16,5,-11
cpu_x86_dump_state,2,1,-1
preserved,2,2,0
qemu_set_block,1,1,0
gtkdisplaystate,3,1,-2
vnc_display,4,3,-1
tcg_gen_brcondi_tl,6,5,-1
compute_ov,1,2,1
tcg_cond_ge,6,1,-5
arg0,4,5,1
cpu_ov,1,6,5
cpu_so,1,2,1
xer,2,3,1
g_poll_ret,3,1,-2
select_ret,4,1,-3
nodeid,1,3,2
nodenr,4,3,-1
phy_reg,5,2,-3
mii_cr_auto_neg_en,4,1,-3
mii_sr_autoneg_complete,2,2,0
phy_status,2,2,0
phy_ctrl,5,1,-4
link_down,3,4,1
e1000_link_up,1,1,0
e1000state,7,5,-2
netclientstate,20,5,-15
auto-negotiation,2,1,-1
autoneg_timer,3,1,-2
mii_cr_restart_auto_neg,3,1,-2
alternatively,1,3,2
infer,1,1,0
xlevel2,4,1,-3
kvm_cpuid_entry2,1,1,0
xlevel,11,1,-10
qtd,3,5,2
ehciqh,2,2,0
ehciqtd,1,3,2
qh,5,6,1
get_dwords,1,1,0
qtdaddr,3,4,1
qhaddr,1,2,1
nlptr_get,1,3,2
use_scsi,1,1,0
port-,22,9,-13
uhci_port_ccs,1,1,0
floppy_send,2,1,-1
cmd_read,1,2,1
qemu_init_cpu_loop,3,1,-2
is_temporary,2,1,-1
vram_bar,1,1,0
vram_start,1,1,0
fdt_strerror,1,2,1
fdt_add_subnode,3,3,0
node0_size,2,1,-1
fdt_end_node,3,1,-2
mem_reg_property,2,2,0
hash_shift,1,1,0
fdt_setprop_string,2,3,1
associativity,1,1,0
mem_start,4,2,-2
fdt_begin_node,4,1,-3
htab_size,2,4,2
spapr_fixup_cpu_dt,1,2,1
htab_shift,5,3,-2
fdt_setprop,5,5,0
node_mem,3,1,-2
qemu_iovec_add,5,3,-2
xlen,1,2,1
generate_exception,7,1,-6
excp_ri,7,2,-5
mips_hflag_bmask,3,2,-1
qbus.children,2,1,-1
find_dev,2,3,1
private_data,1,4,3
iscsiaiocb,2,5,3
mgmt,1,3,2
canceled,3,7,4
0xa8000,1,1,0
0xa0000,2,1,-1
vgastate,1,2,1
isa_mem_base,3,3,0
vram_offset,2,1,-1
cirrus_bank_base,1,1,0
req.cmd.lba,1,2,1
0xe0,14,1,-13
exported_dir,2,2,0
config_smbd_command,1,1,0
cpu_ptr0,1,1,0
sse_special,1,1,0
0xc6,1,1,0
0xf7,5,1,-4
modrm,6,2,-4
casts,1,2,1
rxbuf,1,2,1
nb_heads,1,1,0
drive\n,1,1,0
cur_drv-,2,2,0
floppy_dprintf,4,2,-2
fd_revalidate,2,1,-1
sheepdog,3,3,0
chardev=,1,1,0
fat,2,1,-1
-cdrom,1,1,0
-bt,1,1,0
-monitor,4,3,-1
-hda,1,3,2
-vnc,4,3,-1
:1,2,2,0
disk_image,1,1,0
-usbdevice,1,1,0
-nographic,5,6,1
path=,8,1,-7
qemu-system-i386,1,2,1
hci,3,1,-2
bt,2,2,0
localhost,2,1,-1
num_surfaces,1,1,0
posix_aio_read,2,2,0
posixaiostate,1,1,0
write_12,1,1,0
scsi_req_unref,2,4,2
req.cmd.mode,1,1,0
read_12,1,1,0
write_16,1,2,1
scsi_req_complete,7,2,-5
read_6,1,1,0
bdrv_acct_flush,1,2,1
scsidiskreq,4,4,0
scsicommand,1,1,0
read_10,1,2,1
req.dev,3,1,-2
scsi_xfer_to_dev,3,1,-2
write_10,1,1,0
scsidiskstate,7,3,-4
req.cmd,3,1,-2
write_verify_10,1,2,1
write_6,1,2,1
read_16,1,2,1
tcg_target_reg_bits,7,1,-6
0x0020,3,4,1
0x3800,2,1,-1
clock_realtime,3,1,-2
clock_gettime,2,2,0
config_virtfs,3,1,-2
kumar,1,3,2
integrity,2,2,0
closedir,1,3,2
2011,9,11,2
writeback,7,4,-3
timespec,7,3,-4
sockfd,2,6,4
sys/un.h,1,2,1
v9fspath,1,3,2
newpath,2,5,3
writev,5,2,-3
qemu_fdatasync,1,1,0
readv,5,2,-3
oldpath,1,5,4
pwritev,1,1,0
preadv,2,1,-1
fscred,8,3,-5
readdir_r,1,2,1
v9fs_immediate_writeout,1,1,0
off_t,13,3,-10
v9fsproxy,1,1,0
9pfs-nested-,1,1,0
dir_path,1,1,0
virtio-9p.h,2,1,-1
initiate,1,1,0
writeout=immediate,2,1,-1
fileoperations,1,1,0
v9fsfidopenstate,1,1,0
dirent,3,3,0
wait_for_overlapping_requests,2,1,-1
qemu_co_queue_restart_all,4,1,-3
coqueue,6,2,-4
wait_queue,1,2,1
copy_on_read,2,3,1
tracked_requests,6,3,-3
qemu_co_queue_wait,5,4,-1
qemu_co_queue_init,6,2,-4
rval,1,2,1
directory.next,2,2,0
dprint,3,4,1
next_entry,2,1,-1
pci-,2,6,4
subsections,1,4,3
vmstatesubsection,2,3,1
balloon_stat_fn,1,1,0
qemu_balloon,3,1,-2
balloon_opaque,1,1,0
balloon_event_fn,1,1,0
scsi_reason_data,1,1,0
req.bus-,1,1,0
allocating_write_reqs,2,1,-1
qed_f_need_check,2,3,1
header.features,2,2,0
~qed_f_need_check,1,2,1
clearing,11,3,-8
qemu_get_clock_ns,16,4,-12
allocating_write_reqs_plugged,1,1,0
periodic,4,3,-1
qed_aio_next_io,1,2,1
qemu_new_timer_ns,4,2,-2
qemu-timer.h,10,1,-9
fire,7,2,-5
qemu_free_timer,10,4,-6
alter,1,2,1
drained,3,1,-2
rtas_query_cpu_stopped_state,1,1,0
expecting,9,9,0
qemu_cpu_kick,6,4,-2
min_ram_slof,1,1,0
spapr-rtas.bin,1,2,1
submodule,4,8,4
slof.bin,1,1,0
rtas_start_cpu,2,1,-1
gpr,9,8,-1
msr_me,2,2,0
startup,11,3,-8
lpar,3,2,-1
ram\n,1,1,0
512ul,1,1,0
envs,2,1,-1
sources,6,4,-2
0x400000,2,1,-1
msr_sf,3,1,-2
//git.qemu.org/slof.git,1,1,0
fw_file_name,1,3,2
cpu_physical_memory_set_dirty,1,1,0
bdrv,24,10,-14
eeprom,4,3,-1
load_reg,9,3,-6
tmp64,3,2,-1
bios,25,9,-16
vring_avail_idx,4,2,-2
.vring.num,4,3,-1
qemu_isdigit,1,1,0
__x86_64__,7,3,-4
fidp-,12,6,-6
fs.fd,1,2,1
bdrv_flush,6,10,4
flushing,3,3,0
media,8,2,-6
pdu,12,7,-5
complete_pdu,3,3,0
.tv_sec,1,2,1
v9fs_do_chmod,1,1,0
fs_sm,11,2,-9
chown,2,2,0
ctime,1,1,0
mtime_nsec,1,1,0
sm_mapped,11,2,-9
lchown,4,3,-1
lookup_fid,3,2,-1
fidp,6,3,-3
sm_passthrough,8,2,-6
fid,11,5,-6
di,3,1,-2
va_arg,5,3,-2
v9fsfidstate,6,2,-4
pdu_unmarshal,3,3,0
atime_nsec,1,1,0
pci_class_bridge_host,8,1,-7
pci_class_bridge_pci,2,1,-1
pci_header_type_bridge,2,1,-1
~pci_header_type_multi_function,3,1,-2
notified,11,2,-9
reinjecting,1,1,0
sometimes,9,4,-5
infrastructure,1,2,1
hang,6,6,0
do_nothing,1,1,0
prio,16,3,-13
pci_num_pins,1,2,1
irq_count,5,1,-4
irq_state,9,2,-7
vmstate_int32_array_v,1,1,0
pv,11,4,-7
vmstate_buffer_unsafe_info,1,1,0
f-,12,10,-2
bus_num,11,2,-9
vendor_id,9,2,-7
devname,6,3,-3
filter,18,13,-5
product_id,1,1,0
hostaddr,1,3,2
vga_bios_offset,1,2,1
vga_bios_size,1,1,0
vmsvga_update_display,1,1,0
graphic_console_init,3,1,-2
vmsvga_text_update,1,1,0
vmsvga_invalidate_display,1,1,0
vmsvga_screen_dump,1,1,0
.qdev.no_user,1,1,0
seabios,2,2,0
dirs=,1,3,2
files=,2,2,0
crc,5,2,-3
ia,1,3,2
frames\n,2,1,-1
set_ru_state,1,1,0
cb_address,1,1,0
tcb,1,2,1
eepro100,1,2,1
logout,9,2,-7
ru_suspended,1,1,0
config_str,1,1,0
slirp_smb,1,2,1
tapstate,5,2,-3
smb_export,1,2,1
tap_set_sndbuf,3,1,-2
redir_str,1,2,1
sndbuf_str,2,1,-1
flexible,2,1,-1
04x\n,3,7,4
double_scan,1,2,1
shift_control,1,2,1
vlans,1,4,3
serious,1,3,2
oversized,1,2,1
packet_len,2,1,-1
cpu_reset,5,5,0
resets,9,1,-8
x86_dump_ccop,1,1,0
log_cpu_state,1,1,0
x86_dump_fpu,1,1,0
vnc_tls_libs,1,1,0
-lrt,1,2,1
cfl,1,1,0
format=raw,4,3,-1
get_param_value,11,1,-10
bdrv_open2,3,5,2
specifiy,1,2,1
interpreting,1,4,3
format\n,1,3,2
qemu_key_check,2,1,-1
tofix,1,1,0
saved_esp,1,1,0
et,2,1,-1
reg_edx,1,1,0
saved_edx,1,1,0
target_sparc,16,2,-14
declared,5,2,-3
reg_edi,1,1,0
target_i386,28,6,-22
saved_ebp,1,1,0
edi,8,1,-7
save/restore,2,1,-1
02111-1307,3,1,-2
esi,6,1,-5
__asm__,3,3,0
330,3,1,-2
saved_edi,1,1,0
saved_ebx,1,1,0
2007,3,2,-1
reg_esi,1,1,0
saved_t1,1,1,0
suite,13,3,-10
saved_t2,1,1,0
reg_ecx,1,1,0
=r,5,6,1
saved_t0,1,1,0
ebp,5,1,-4
reg_eax,1,1,0
saved_ecx,1,1,0
reg_ebx,1,1,0
al,3,1,-2
saved_env,1,2,1
saved_eax,1,1,0
__volatile__,4,2,-2
saved_esi,1,1,0
host_reg_t,1,1,0
temple,3,1,-2
reg_ebp,1,1,0
reg_esp,1,1,0
usa,4,2,-2
dyngen,1,1,0
scsi_command_complete,2,3,1
dword,17,6,-11
winapi,1,2,1
status_control_c_exit,1,1,0
gs,3,2,-1
.selector,3,3,0
r_fs,12,5,-7
segs,14,7,-7
seg_reg,7,1,-6
0xfffc,8,1,-7
nullify,1,1,0
r_gs,11,5,-6
current-,5,3,-2
act,8,4,-4
sectors_in_flight,1,1,0
start_exclusive,5,2,-3
qemu_init_cpu_list,1,1,0
end_exclusive,6,2,-4
tricky,2,3,1
production,2,1,-1
specs,2,2,0
dreg,1,3,2
affected,5,1,-4
disas_insn,2,2,0
cc_c,3,5,2
addr2,5,2,-3
insn_pc,3,1,-2
fallthru,3,3,0
info.si_errno,5,3,-2
def_helper_4,10,3,-7
cpum68kstate,3,3,0
tcg_gen_mov_i32,7,4,-3
info._sifields._sigfault._addr,5,3,-2
info.si_code,5,3,-2
0x0800,1,3,2
4000,1,3,2
info.si_signo,5,3,-2
cc_op_flags,1,2,1
gen_exception,17,3,-14
gen_load,1,2,1
cc_z,8,5,-3
chk_sv,1,2,1
section=,1,1,0
doc,10,2,-8
'qstring,5,1,-4
q_empty,3,1,-2
texinfo,2,1,-1
subsection,7,4,-3
'none,8,4,-4
'qdict,6,1,-5
symbol=enum,1,1,0
_one_,1,1,0
'qnull,5,1,-4
'qbool,5,1,-4
body=,1,1,0
arg=two,1,1,0
strong,5,1,-4
undocumented,4,1,-3
arg=one,1,1,0
'qlist,5,1,-4
qemu_vmalloc_align,1,1,0
__sparc__,6,1,-5
2014-2017,1,1,0
2014-2016,1,1,0
vty,1,2,1
inserts,1,2,1
'\r,5,2,-3
\0,2,1,-1
roll,1,2,1
powervm,1,1,0
net_checksum_finish,5,1,-4
cpu_to_be16,11,4,-7
net_raw_checksum,2,1,-1
stw_be_p,6,1,-5
sloc,1,1,0
net_checksum_add,5,1,-4
modules=,1,1,0
maybe_modules,1,1,0
modules,6,9,3
target_bytes,1,1,0
cluster_bytes,2,1,-1
io_bytes,2,1,-1
env.psw.addr,1,2,1
sysemu/hw_accel.h,2,1,-1
.git-submodule-status,2,1,-1
pc_existing_dimms_capacity,1,1,0
type_sclp_cpu_hotplug,2,1,-1
config_all,1,1,0
qcow2bitmap,1,1,0
restricts,1,1,0
qom/object.h,10,3,-7
sg_io,2,1,-1
qom,8,3,-5
reservation,6,4,-2
restricting,1,3,2
driver=raw,3,3,0
implementing,5,3,-2
scsi-generic,3,2,-1
cmdp,1,1,0
passthrough,9,2,-7
classes,3,4,1
qemu-system-x86_64,4,1,-3
virtio-scsi,6,5,-1
unprivileged,4,3,-1
forwards,1,1,0
programs,1,2,1
manager,1,1,0
usable,4,4,0
twice,8,7,-1
host_memory_backend_get_memory,5,4,-1
dimm,11,5,-6
dimm-,8,3,-5
pc_dimm_memdev_prop,1,2,1
get_memory_region,2,1,-1
memory_region_get_alignment,3,1,-2
ddc-,4,1,-3
nvdimm_get_memory_region,1,1,0
free_data_block_offset,1,2,1
learn,4,1,-3
new_file_size,1,1,0
subformat=monolithicsparse,1,1,0
test_dir/t.vmdk,3,1,-2
pentry,2,2,0
vaddr_base,1,1,0
pcr_mask,5,2,-3
pcr,2,2,0
spr_pcr,1,1,0
hex,5,4,-1
-+,6,2,-4
prefixed,3,1,-2
instead\n,3,1,-2
\/,1,2,1
ctx.pc,2,2,0
tn,2,3,1
tdf,1,1,0
wd,1,1,0
-enodev,10,4,-6
desc_c_mask,4,1,-3
e2,8,4,-4
qdev_prop_allow_set_link_before_realize,8,3,-5
ivshmem_check_memdev_is_busy,1,1,0
virtio_crypto_check_cryptodev_is_used,2,1,-1
pc_dimm_check_memdev_is_busy,2,1,-1
megabytes,1,3,2
equals,5,1,-4
dram,1,1,0
restrict,8,4,-4
args-,2,3,1
visibility,1,1,0
um,1,1,0
qtest_add_data_func,9,5,-4
selecting,2,1,-1
precisely,2,2,0
-global,6,2,-4
pcidev,1,3,2
writeb,2,2,0
guest-visible,3,3,0
blk_name,8,3,-5
to_src_file,1,1,0
ce,4,2,-2
vtd_context_entry_rsvd_lo,1,1,0
x86iommustate,2,3,1
re.val,1,1,0
re.rsvd,1,1,0
hi,6,8,2
x86_iommu,1,2,1
lo,9,7,-2
x86_iommu-,1,3,2
ce-,1,1,0
vtdcontextentry,3,1,-2
vtd_root_entry_rsvd,1,1,0
x86_iommu_device,1,1,0
dirfidp-,1,2,1
name-,1,2,1
v9fs_co_name_to_path,1,1,0
skp,1,1,0
meta,16,3,-13
pcms,17,3,-14
pcmachinestate,10,2,-8
machine_get_class,14,4,-10
intel-iommu,5,2,-3
machineclass,22,5,-17
machine-type,3,1,-2
type_pc_machine,1,1,0
amd-iommu,1,1,0
mc,27,7,-20
mc-,37,9,-28
pc_machine,9,2,-7
lpcr_gtse,1,2,1
pa_features,3,1,-2
radix,5,2,-3
pa-features,1,1,0
spapr_populate_pa_features,1,1,0
spapr_ovec_parse_vector,1,1,0
sioc,4,5,1
g_array_free,4,3,-1
sigchld,1,3,2
cpu_get_class,12,5,-7
2.9,5,3,-2
cpuclass,17,4,-13
cpu_to_le64,10,6,-4
card,14,14,0
ldl_p,6,5,-1
nb_cls_shrunk,1,1,0
allocmap_valid,1,1,0
allocmap,1,1,0
cl_num_shrunk,1,1,0
routes,3,2,-1
apic,16,5,-11
ioapic_update_kvm_routes,1,1,0
nb_blocs,1,1,0
sector_len,1,1,0
vnvdimm,1,1,0
corrupting,1,1,0
non-empty,3,1,-2
disabling,9,4,-5
stores,8,5,-3
shrinking,2,1,-1
seek_end,4,3,-1
versatilepb,1,1,0
256mb,1,3,2
delivered,4,3,-1
msr_pow,1,2,1
new_msr,1,3,2
nmi,4,6,2
msr_mask,8,1,-7
msr_hvb,3,2,-1
excp,5,2,-3
verify_write,7,4,-3
gemu_log,2,4,2
unread,1,1,0
chars,4,3,-1
optionally,4,4,0
iter-,5,5,0
iterator,3,1,-2
arbitrary,7,2,-5
target_list=,3,1,-2
-i,11,4,-7
rule,19,4,-15
image=,1,1,0
v=,3,3,0
/tests/docker/docker.py,1,1,0
docker,3,1,-2
test-quick,1,1,0
debian,2,1,-1
docker_src_copy,1,1,0
target_list,5,2,-3
idx++,6,2,-4
virtio_error,3,4,1
tcg_gen_st_i32,6,5,-1
propagate,2,3,1
mas2_epn_mask,1,1,0
tlb_need_local_flush,1,1,0
invalidations,2,1,-1
tlb_need_flush,1,2,1
broadcast,10,3,-7
tlb_need_global_flush,1,1,0
other_cs,2,1,-1
smp,13,4,-9
-user,5,1,-4
nr_cores,6,3,-3
qcrypto_cipher_mode_xts,2,1,-1
ciphertext,1,3,2
.mode,1,1,0
iov_free,1,1,0
siov,1,1,0
pseries-,1,1,0
cflags=,6,3,-3
subdir_makeflags,1,1,0
verbose=true,1,1,0
g_file_open_tmp,1,1,0
g_assert_no_error,1,1,0
relies,2,4,2
evict,1,3,2
cpu_tlb_size,9,1,-8
issues,6,6,0
efficient,9,2,-7
mmu_data_store,7,4,-3
direction,7,4,-3
victim_tlb_hit,2,1,-1
.addr_write,5,2,-3
tlb_fill,6,1,-5
self-modifying,4,1,-3
tlb_invalid_mask,5,2,-3
addr_write,4,2,-2
tlb_table,9,3,-6
dprintfn,2,1,-1
awaiting_release,6,3,-3
awaiting,4,1,-3
spapr_dr_allocation_state_usable,3,2,-1
awaiting_allocation,2,3,1
allocation_state,5,1,-4
spapr_dr_connector_type_pci,6,2,-4
ppc_64bx,3,2,-1
ppc_64h,2,1,-1
ppc_altivec,11,3,-8
powerpc_excp_inval_inval,2,6,4
svga_fifo_size,1,3,2
svga_fifo_max,1,1,0
cdb,3,5,2
prefix_lock,6,1,-5
bdrv_block_data,9,4,-5
int64,2,3,1
stringinputvisitor,2,1,-1
siv,2,3,1
do_fault_protect,5,1,-4
~page_write,5,1,-4
is_write1,5,1,-4
ivshmem_check_version,1,1,0
s2,5,3,-2
qemu_chr_fe_read_all,2,1,-1
ivshmem_dprintf,4,3,-1
g_get_monotonic_time,3,3,0
ivshmem_read,2,1,-1
synchronously,2,4,2
in_reg,2,1,-1
server_chr,1,2,1
end_time,4,2,-2
g_usleep,12,3,-9
s1,7,6,-1
s1-,3,3,0
asynchronously,4,1,-3
ivshmem_can_receive,1,1,0
int64_min,3,6,3
-eintr,2,4,2
qemu_chr_fe_get_msgfd,1,1,0
ivshmemstate,5,5,0
ivshmem_protocol_version,1,1,0
mem_base,5,2,-3
ivposition,3,1,-2
races,1,7,6
qtest_readb,1,1,0
operational,4,2,-2
replacing,6,1,-5
hugepages,2,2,0
hpagesize,2,3,1
s/qemu_back_mem.,1,1,0
mkstemp,7,4,-3
s.xxxxxx,1,1,0
ram_addr_fmt,8,2,-6
sanitized_name,1,1,0
c++,6,3,-3
s_isdir,1,4,3
os.path.exists,3,2,-1
statistics,4,3,-1
falling,2,3,1
.\n,3,3,0
sys.stderr.write,4,5,1
bytes_to_copy,1,1,0
qemu_io_prog,6,3,-3
'addr,1,1,0
./common.qemu,4,2,-2
'qmp_capabilities,2,5,3
non-existing,2,1,-1
done',3,2,-1
nbd+unix,1,2,1
_launch_qemu,4,3,-1
test_dir/nbd,1,1,0
offset_in_region,1,2,1
int128,6,5,-1
chunk_size,4,4,0
section_size,1,2,1
predecessor,1,2,1
memory_region,2,1,-1
tlscreds,5,1,-4
chr_write_lock,2,3,1
qemu_mutex_destroy,12,5,-7
iovs,1,1,0
sequential,4,1,-3
situations,3,2,-1
max_xfer_len,8,2,-6
iov_max,4,3,-1
base1,1,1,0
'base1,1,1,0
self.info,9,1,-8
self.members,5,1,-4
'branch,1,1,0
query-cpu,1,1,0
self.owner,2,1,-1
query-acpi-ospm-status,1,2,1
query-uuid,1,1,0
'uuidinfo,1,1,0
'arg,1,1,0
'no-way-this-will-get-whitelisted,2,1,-1
x-input-send-event,1,1,0
case_whitelist,1,1,0
'x86cpuregister32,2,1,-1
'cpuinfomips,1,1,0
tests/qapi-schema/enum-member-case.json:3,1,1,0
qom-get,1,1,0
whitelisted,1,2,1
'qapierrorclass,1,1,0
cname,2,1,-1
'cpuinfotricore,1,1,0
cname.lower,1,1,0
'acpislottype,1,1,0
nowaythiswillgetwhitelisted,1,1,0
self.describe,1,1,0
violate,2,1,-1
primarily,2,1,-1
convenience,3,2,-1
cannot_destroy_with_object_finalize_yet,1,2,1
updated,23,14,-9
saves,10,4,-6
object_new,28,2,-26
dies,1,1,0
alpha_cpu_initfn,1,2,1
survive,2,1,-1
serves,1,2,1
host_x86_cpu_initfn,1,1,0
hangs,3,2,-1
fdt_setprop_cell,4,5,1
qcrypto_cipher_setiv,1,2,1
qcrypto_cipher_decrypt,1,1,0
route,5,4,-1
gsi_count,4,1,-3
irq_routes-,1,1,0
kvm_flush_dynamic_msi_routes,1,1,0
ioapic,7,5,-2
direct_msi,1,1,0
fcode_filename,2,2,0
tcet-,9,4,-5
nb_table,2,2,0
window_size,3,2,-1
msix,7,5,-2
prii64,4,3,-1
qemu_chr_fe_write_all,6,2,-4
vsnprintf,3,2,-1
qtest_sendf,1,1,0
016,10,4,-6
g_strndup,6,4,-2
iterations_prev,1,1,0
xbzrle_cache_miss_prev,1,1,0
acct_info.iterations,1,1,0
inserted-,3,5,2
verbose,9,6,-3
coming,5,5,0
paired,3,2,-1
^=,16,3,-13
input-,1,1,0
fdset_id,2,1,-1
monitor_fdset_add_fd,1,1,0
fdinfo,1,1,0
addfdinfo,1,1,0
usercreatable,4,3,-1
ucc-,3,3,0
uc,8,5,-3
memory_backend,5,3,-2
pthread_mutex_init,2,1,-1
atomic_dec,1,4,3
qemu_fdt_setprop_string,4,1,-3
qemu_align_down,14,5,-9
0x3f000000,2,1,-1
interrupt-cells,2,1,-1
create_gic,2,1,-1
0x00010000,9,2,-7
1:1,1,1,0
vbi,4,2,-2
pcie_mmcfg_size_min,1,1,0
nodename,7,1,-6
ecam,1,1,0
qemu_fdt_setprop_cell,3,1,-2
0x40000000,16,3,-13
type_gpex_host,1,1,0
virtboardinfo,3,2,-1
memmap,6,2,-4
gpex_num_irqs,1,1,0
sysbus_mmio_get_region,11,2,-9
fdt_add_gic_node,1,1,0
address-cells,3,2,-1
hw/pci-host/gpex.h,1,1,0
irq_level,1,2,1
qemu_fdt_setprop_cells,3,2,-1
vbi-,7,3,-4
qemu_fdt_add_subnode,4,2,-2
qemu_fdt_setprop,5,3,-2
qemu_fdt_setprop_sized_cells,2,1,-1
endian,11,10,-1
size-cells,3,2,-1
irqmap,4,1,-3
gic_fdt_irq_flags_level_hi,1,2,1
gic_fdt_irq_type_spi,1,1,0
header.cluster_size,4,1,-3
incur,1,1,0
responsibility,5,1,-4
institute,8,2,-6
routine,6,6,0
2b,2,1,-1
retained,2,1,-1
softfloat,1,1,0
arithmetic,7,2,-5
2a,1,2,1
web,1,1,0
legal,4,2,-2
four,7,4,-3
furthermore,5,2,-3
john,2,1,-1
fixed-point,1,1,0
effort,1,1,0
a0,7,2,-5
floating-point,5,3,-2
paragraphs,2,1,-1
ui/console.h,1,1,0
hbitmap_set,3,1,-2
bdrv_set_dirty,2,4,2
cur_sector,1,2,1
hbitmap_reset,1,1,0
bdrv_set_dirty_bitmap,1,1,0
bdrv_reset_dirty_bitmap,1,1,0
79,2,1,-1
/g,1,1,0
tcg_gen_andi_i32,10,4,-6
gen_advance_ccount_cond,1,1,0
xtensa_option_enabled,5,1,-4
gen_helper_window_check,2,1,-1
tcg_gen_shr_i32,2,1,-1
noreturn,1,1,0
gen_advance_ccount,3,1,-2
tcg_gen_deposit_i32,1,1,0
ws,2,1,-1
xtensa_option_windowed_register,2,2,0
used_window,1,1,0
reset_used_window,1,1,0
block_op_type_internal_snapshot_delete,2,1,-1
out_aio_context,2,1,-1
colour,1,1,0
if_count,1,1,0
blockinterfacetype,3,1,-2
highest_bus,1,1,0
n.,3,3,0
drive_get_max_devs,1,1,0
num_real_buses,1,1,0
max_ide_devs,2,1,-1
overfilling,1,1,0
ide_drive_get,1,1,0
drive_get,7,1,-6
max_devs,3,1,-2
drive_get_max_bus,2,1,-1
prematurely,2,1,-1
n_buses,1,1,0
if_max_devs,2,1,-1
validate_test_init,3,1,-2
ordereddict,14,9,-5
variant,6,4,-2
'string2,2,1,-1
userdefflatunion,1,1,0
validate_test_add,1,1,0
'value3,1,1,0
testdata,4,3,-1
test_validate_fail_union_flat_no_discrim,1,1,0
'string1,2,1,-1
sighup,2,1,-1
sigaddset,3,9,6
.error,2,1,-1
res_fis,1,1,0
.status,5,2,-3
0x88,6,2,-4
shadow,1,3,2
drq,2,3,1
0x77,1,2,1
wait_object_0,4,1,-3
msix_present,3,2,-1
spapr_msi_setmsg,2,2,0
msi_present,3,2,-1
extent_file,2,1,-1
vbe_dispi_max_yres,1,1,0
vbe_dispi_max_xres,1,1,0
closest,1,1,0
~7u,1,1,0
vbe_index,1,1,0
sov,1,3,2
string_input_visitor_new,1,2,1
string_output_get_string,2,2,0
.obj,3,1,-2
iocb,4,2,-2
qemu_laiocb,2,1,-1
new_context,4,3,-1
max_events,1,1,0
qemu_laio_completion_cb,1,2,1
nevents,1,1,0
io_event,1,1,0
event_max,1,1,0
completions,3,4,1
fetches,5,1,-4
bsel,4,2,-2
bdrv_o_nocache,9,4,-5
open_flags,25,11,-14
o_direct,8,4,-4
qemu_aio_write,3,1,-2
aio_type,2,2,0
fprintf_function,11,6,-5
cmma,1,1,0
kvm_s390_check_clear_cmma,1,1,0
kvm_s390_vm_mem_enable_cmma,1,1,0
kvm_s390_vm_mem_ctrl,2,1,-1
kvm_s390_check_enable_cmma,1,1,0
kvm_has_device_attr,3,2,-1
kvm_s390_vm_mem_clr_cmma,1,1,0
target-s390x/kvm.c,1,1,0
kvm_s390_enable_cmma,2,1,-1
kvm_cap_vm_attributes,2,1,-1
get_cached_data,1,1,0
xbzrle.current_buf,1,3,2
cache_insert,1,3,2
save_xbzrle_page,1,1,0
prev_cached_page,1,1,0
current_data,1,2,1
bytes_sent,6,3,-3
math,2,2,0
eth_alen,1,3,2
collecting,2,1,-1
continuous,3,1,-2
underlying,6,4,-2
partially,7,4,-3
moving,5,1,-4
peek,6,2,-4
spin_unlock,4,1,-3
have_tb_lock,3,1,-2
trashed,1,1,0
tcg_ctx.tb_ctx.tb_lock,1,1,0
header.refcount_table_clusters,1,3,2
gb,10,5,-5
pb,4,4,0
unchecked,1,1,0
type_cpu,1,2,1
kvm_get_dirty_log,1,1,0
.tv_usec,1,1,0
timeval,10,3,-7
qemu_can_send_packet,6,3,-3
powerpc_excp_fp_vxcvi,1,1,0
fpscr,14,5,-9
farg.ll,3,1,-2
float64_is_infinity,2,1,-1
powerpc_excp_fp_vxsnan,7,1,-6
fp_status,11,4,-7
fload_invalid_op_excp,4,1,-3
farg.d,2,1,-1
inexact,1,2,1
fp_status.float_exception_flags,5,1,-4
ppc_float_ext,4,1,-3
float64_is_quiet_nan,4,1,-3
helper_float_check_status,2,1,-1
int32_min,3,6,3
stride,7,6,-1
self-,3,3,0
wakes,1,2,1
blkzeroout,2,1,-1
fl,7,1,-6
fl.l_whence,1,1,0
rawposixaiodata,2,1,-1
xfsctl,1,1,0
fl.l_len,1,1,0
paio_submit_co,1,1,0
aio_offset,2,1,-1
fl.l_start,1,1,0
qemu_aio_blkdev,1,1,0
aio_fildes,2,1,-1
-eopnotsupp,2,3,1
has_write_zeroes,1,1,0
config_xfs,3,1,-2
xfs_write_zeroes,1,1,0
is_xfs,3,1,-2
handle_aiocb_write_zeroes,1,1,0
imgfmt_generic=false,2,3,1
0xc3,2,2,0
bdrv_find_whitelisted_format,1,4,3
format_name,10,6,-4
bdrv_is_whitelisted,1,1,0
target_s390x,11,2,-9
target_m68k,7,2,-5
udev-,3,1,-2
dh,3,2,-1
setup_index,2,3,1
bps_max,3,2,-1
iops_wr_max=,1,1,0
bps_rd_max,2,1,-1
throttling.bps-total-max,1,1,0
throttling.iops-write-max,1,1,0
throttling.iops-total-max,1,1,0
cfg.buckets,3,4,1
throttle_ops_read,2,3,1
iops_max,3,2,-1
all_opts,3,1,-2
iops_wr_max,2,1,-1
iops_rd_max,2,1,-1
throttling.bps-read-max,1,1,0
throttle_ops_write,2,3,1
throttle_ops_total,2,3,1
throttling.bps-write-max,1,1,0
iops_wr=,1,1,0
qemu_opt_rename,2,1,-1
throttling.iops-read-max,1,1,0
bps_wr_max,2,1,-1
throttle_bps_write,1,3,2
__aarch64__,1,1,0
getpc_ldst,1,1,0
getra,3,1,-2
ldst,1,4,3
htonl,9,6,-3
wait_for_aio,1,1,0
cache=writeback,5,1,-4
reg_device,1,1,0
qtest_quit,9,2,-7
kwolf,2,3,1
ide-hd.ver=,1,1,0
cmdline_fmt,2,1,-1
cmd_identify,1,1,0
if=ide,3,1,-2
skipping,9,5,-4
reg_command,1,1,0
serial=,2,1,-1
testdisk,1,1,0
wolf,2,3,1
df,11,6,-5
ide_primary_irq,1,1,0
ide_test_quit,1,1,0
/tmp/qtest.xxxxxx,1,1,0
kevin,3,3,0
85,4,2,-2
tmp_path,7,4,-3
check-qtest-i386-y,12,3,-9
0x1f0,1,1,0
0xec,1,1,0
test_image_size,2,1,-1
drdy,2,1,-1
libqtest.h,11,5,-6
ide_test_start,1,1,0
new-,4,2,-2
kvmmsiroute,1,1,0
kroute,4,2,-2
new_entry,3,2,-1
kvm_irq_routing_entry,4,2,-2
physmap,2,1,-1
reg_entry,1,2,1
criscpu,3,1,-2
superhcpu,2,1,-1
moxiecpu,1,1,0
microblaze_cpu,1,1,0
moxie_cpu,1,1,0
microblazecpu,3,1,-2
superh_cpu,2,1,-1
lm32cpu,1,1,0
cris_cpu,3,1,-2
mips_cpu,4,1,-3
lm32_cpu,1,1,0
openrisc_cpu,2,1,-1
g_string_append,1,3,2
g_string_append_printf,4,4,0
g_debug,2,3,1
-l,6,6,0
service,17,4,-13
transferred,12,3,-9
opens,2,2,0
backing_filename,4,2,-2
dictionary,11,4,-7
qincref,7,2,-5
bdrv_file_open,3,4,1
value.string,1,1,0
fprintf_fn,2,1,-1
csr,2,3,1
memory_listener,1,3,2
yield_until_fd_readable,1,1,0
qemu_get_fd,2,1,-1
qemu_in_coroutine,5,4,-1
clobbers,2,2,0
data.fd,1,1,0
curlproto_ftp,1,1,0
curlproto_tftp,1,1,0
curlproto_ftps,1,1,0
read_data,2,3,1
fw_cfg_add_bytes,5,2,-3
callback_opaque,2,2,0
65535,12,6,-6
fw_cfg_add_file,7,6,-1
fw_cfg_file_slots,1,3,2
fw_cfg_write_channel,2,2,0
fw_cfg_max_entry,2,2,0
log_filepath,1,2,1
find_desc_by_name,1,1,0
desc+i,1,1,0
opt-,7,2,-5
cpu_physical_memory_rw,4,4,0
from/to,1,3,2
+1,6,4,-2
cpu_ioreq_pio,1,2,1
ioreq,2,4,2
0/1,2,1,-1
queue-,7,6,-1
qh.epchar,2,3,1
xtensa_option_extended_l32r,1,1,0
xtensa_option_mac16,1,1,0
ibreaka,2,1,-1
|\,3,2,-1
xtensa_option_high_priority_interrupt,1,1,0
xtensa_option_boolean,1,2,1
dbreakc0,1,1,0
ptevaddr,1,1,0
vecbase,2,1,-1
xtensa_option_coprocessor,1,1,0
dbreakc1,1,1,0
xtensa_option_timer_interrupt,1,1,0
ibreakenable,2,1,-1
xtensa_option_thread_pointer,1,1,0
dbreakc,1,1,0
ccompare1,1,1,0
xtensa_option_conditional_store,1,1,0
ibreaka0,2,1,-1
rasid,1,1,0
xtensa_option_bit,3,1,-2
cacheattr,1,1,0
mr1,2,1,-1
dbreaka,1,1,0
ibreaka1,1,1,0
dtlbcfg,1,1,0
dbreaka1,1,1,0
xtensa_option_exception,2,3,1
xtensa_option_all,1,2,1
xtensa_reg_bits,1,2,1
itlbcfg,1,1,0
ccount,1,2,1
ccompare2,1,1,0
xtensa_option_cacheattr,1,1,0
epc6,1,1,0
eps2,1,1,0
xtensa_option_mmu,3,1,-2
xtensa_option_relocatable_vector,1,1,0
ccompare0,1,1,0
intenable,1,1,0
dbreaka0,1,1,0
common-obj-y,25,7,-18
slice_time,4,2,-2
block-job-cancel,1,3,2
mirror_run,1,2,1
mirror_iteration,1,2,1
mirrorblockjob,4,3,-1
bdrv_get_dirty_count,1,3,2
mirror_populate,1,1,0
mirroring,1,2,1
qlist_empty,18,4,-14
ratelimit_set_speed,2,2,0
should_complete,3,2,-1
qemu_aio_flush,6,1,-5
trace_mirror_before_sleep,1,1,0
synced,2,2,0
.set_speed,1,3,2
bdrv_set_enable_write_cache,1,1,0
100000000ull,1,1,0
ratelimit_calculate_delay,4,3,-1
mirrorsyncmode,1,2,1
ns,36,8,-28
populating,1,1,0
bdrv_co_is_allocated_above,1,1,0
mirror_sync_mode_full,1,2,1
common.len,7,3,-4
common.speed,3,2,-1
block_int.h,4,3,-1
common.offset,2,2,0
disks,4,1,-3
bdrv_drain_all,9,4,-5
qemu/ratelimit.h,1,1,0
ratelimit,2,1,-1
common.cancelled,2,1,-1
new_view,1,1,0
fr,6,1,-5
set_system_memory_map,1,1,0
old_view,2,1,-1
spapr_hypercall,1,1,0
ep-,5,5,0
usb_endpoint_xfer_isoc,1,3,2
-vga,1,2,1
precise,2,2,0
qemu_sglist_init,6,1,-5
hba-,1,1,0
.mhandler.info,1,1,0
monitor_fprintf,1,2,1
sector_count,4,4,0
qcow2_check_refcounts,4,1,-3
dma_memory_read,1,1,0
_t,2,1,-1
uw,1,2,1
access_len,2,1,-1
_l,1,2,1
dma_memory_write,1,1,0
dmacontext,1,3,2
le,8,1,-7
_to_cpu,1,1,0
_end,2,1,-1
g_test_rand_int_range,1,3,2
floppy_base,1,1,0
stdin_fileno,1,3,2
stderr_fileno,1,2,1
reopen_fd_to_null,1,1,0
fail_if_exists,1,1,0
qerr_duplicate_id,1,1,0
qemu_global_opts,1,1,0
scsirequest,7,8,1
scsireqops,4,1,-3
check_condition,7,3,-4
report_luns,2,2,0
unit_attention.key,2,1,-1
triggering,1,2,1
cmd.xfer,6,7,1
.send_command,4,1,-3
scsi_req_build_sense,4,1,-3
attention,5,1,-4
unit_attention,5,2,-3
hba_private,5,2,-3
scsi_req_alloc,3,2,-1
nbd_receive_request,1,2,1
write_sync,4,1,-3
socket_set_nonblock,1,2,1
recv_coroutine,3,3,0
eagain,22,9,-13
nbd_wr_sync,1,1,0
synchronization,7,4,-3
parallel,11,5,-6
request/reply,1,1,0
transmission,5,1,-4
stick,3,1,-2
is_dirty,3,1,-2
no\n,1,1,0
ar-,3,3,0
ar,11,4,-7
acpiregs,3,1,-2
unit++,1,1,0
confs,1,1,0
bconfigurationvalue,1,2,1
unconfigured,3,1,-2
devicerequest,1,1,0
device-,1,2,1
bmattributes,1,1,0
powerpc_excp_program,1,4,3
gen_update_nip,1,3,2
helper_raise_exception_err,1,3,2
mas1_tsize_mask,1,1,0
mas1_valid,1,2,1
mas1_tsize_shift,1,2,1
tlbncfg,1,1,0
tlbncfg_avail,1,1,0
bdrv_aio_bh_cb,1,2,1
gic_target,2,1,-1
acknowledge,4,1,-3
gic_set_pending,3,1,-2
gic_test_trigger,2,1,-1
cm,11,3,-8
gic_test_level,2,1,-1
1023,7,5,-2
gic_test_enabled,4,1,-3
iov_len,3,9,6
errno.h,7,5,-2
read_request,1,1,0
fsdev/virtfs-proxy-helper\,1,1,0
no_argument,4,3,-1
limits.h,1,2,1
cap_list,3,1,-2
unistd.h,10,6,-4
cap_chown,1,1,0
progname,1,2,1
prog,1,2,1
virtfs-proxy-helper,1,1,0
tools,18,5,-13
specified\n,5,4,-1
cap_mknod,1,1,0
'n,13,1,-12
stdbool.h,12,4,-8
signal.h,3,5,2
do_cap_set,1,1,0
iov_base,1,8,7
in_iovec.iov_base,1,1,0
stdlib.h,15,4,-11
used\n,1,2,1
cap_dac_override,1,1,0
cap_fowner,1,1,0
cap_fsetid,1,1,0
getopt.h,1,1,0
tools=,8,2,-6
stdarg.h,6,5,-1
atoi,10,7,-3
loglevel,4,5,1
option_index,1,2,1
cmd.lba,2,2,0
request_mask,1,1,0
iounit,1,1,0
perm,20,4,-16
dfid,1,1,0
max_count,1,2,1
qemu_devtree_setprop,1,1,0
node_path,2,2,0
failed_shutdown,2,2,0
rados_shutdown,1,1,0
failed_open,2,1,-1
mapcache-,4,2,-2
infinity.\n,1,1,0
mcache_max_size,1,1,0
rlimit_as,1,1,0
rlimit_as.rlim_cur,1,1,0
rlimit_as.rlim_max,1,1,0
observed,5,1,-4
max_mcache_size,1,1,0
arg7,1,1,0
arg8,1,1,0
get_user,1,1,0
cpu_get_clock,5,3,-2
qemu_signal_init,2,1,-1
enable-io-thread,1,1,0
cpu_get_icount,3,1,-2
f_setfl,5,7,2
sigalrm,2,2,0
_env,4,1,-3
sigismember,2,4,2
qemu_event_init,5,1,-4
5000,3,1,-2
qemu_alarm_pending,1,1,0
lacks,6,3,-3
sig_ipi,4,3,-1
signalfd,3,6,3
kvm_init_vcpu,3,1,-2
o_async,2,1,-1
do_vm_stop,1,1,0
badly,1,2,1
fcntl,12,9,-3
resume_all_vcpus,3,3,0
pause_all_vcpus,2,2,0
io_thread,1,2,1
config_eventfd,5,3,-2
qemu_notify_event,21,4,-17
adaptive,1,2,1
qemu_cpu_is_self,4,1,-3
sigdelset,3,4,1
cpu_exit,7,2,-5
qemu_main_loop_start,1,1,0
smp_cores,8,1,-7
sigio,2,2,0
sigbus,3,5,2
bug_on,2,3,1
negotiate,6,1,-5
'qmp,2,1,-1
qmpconnecterror,1,1,0
listens,1,1,0
self.__json_read,1,1,0
methods,6,3,-3
scaler,1,1,0
timers,33,5,-28
unit-,1,1,0
grlib_apbuart_unknown_register,1,1,0
trace_grlib_irqmp_unknown_register,1,1,0
grlib_gptimer_readl,1,1,0
trace_grlib_apbuart_unknown_register,1,1,0
trace_grlib_gptimer_readl,1,1,0
.config,1,1,0
deflate,1,2,1
pointing,5,3,-2
drive_uninit,2,2,0
bdrv_detach,2,2,0
finding,3,2,-1
drive_get_by_blockdev,6,3,-3
prop_type_drive,1,2,1
prop++,2,3,1
qdev_get_prop_ptr,14,5,-9
qtailq_remove,20,11,-9
target_bits,2,1,-1
vfp.fp_status,3,1,-2
const_float32,1,1,0
const_float64,1,1,0
make_float64,5,1,-4
virtio_net_handle_tx_bh,1,1,0
defaulting,1,1,0
define_prop_string,8,1,-7
tx_vq,1,1,0
tx_timer,1,3,2
tx_waiting,4,2,-2
virtio_net_handle_tx_timer,1,1,0
tx_bh,3,2,-1
virtio_queue_set_notification,1,2,1
drive-,3,1,-2
werror,4,4,0
rerror,3,3,0
qemu-error.h,2,4,2
qcow2_alloc_cluster_link_l2,3,1,-2
preallocate,3,1,-2
blockdriveraiocb,16,8,-8
bdrv_o_no_flush,2,4,2
0x0200,4,2,-2
bdrv_o_cache_wb,7,5,-2
qemu_version,8,2,-6
buf_new,1,3,2
buf_old,1,3,2
pciidestate,2,1,-1
bmdma,1,1,0
came,3,1,-2
recursion,3,1,-2
refcount_shift,2,2,0
fail_block,1,1,0
somewhere,7,2,-5
arrive,6,1,-5
loads,7,4,-3
cluster_index,2,4,2
prid32,5,5,0
qemu_warn_unused_result,1,1,0
recurse,1,3,2
accurate,5,4,-1
refcount_block_offset,3,1,-2
gen_set_cpsr,1,1,0
dead_tmp,6,3,-3
tmp5,1,2,1
tmp3,2,1,-1
tmp4,2,2,0
asi,2,3,1
target_sparc64,11,6,-5
trap_state,1,1,0
cpu_tsptr,2,1,-1
intno,8,5,-3
tcg_gen_addi_ptr,3,1,-2
tsptr,1,1,0
tcg_gen_ext_i32_tl,1,1,0
maxtl_mask,1,1,0
ps_priv,1,3,2
npc,6,3,-3
tpc,1,2,1
maxtl,2,1,-1
ldub_code,3,1,-2
active_tc.gpr,1,2,1
ka-,2,2,0
target_siginfo,2,1,-1
target_rt_sigframe,1,2,1
debug_signal,2,1,-1
uc_mcontext,1,1,0
sigframe,1,1,0
syscall,19,11,-8
setup_sigcontext,1,1,0
copy_siginfo_to_user,1,1,0
target_sigaltstack_used.ss_size,1,1,0
target_sigcontext,6,2,-4
get_sigframe,1,1,0
trampoline,1,1,0
sas_ss_flags,2,1,-1
target_qemu_esigreturn,1,1,0
force_sig,1,2,1
ucontext,2,3,1
restore_sigcontext,3,2,-1
get_sp_from_cpustate,1,1,0
siginfo,1,4,3
target_sigaltstack_used.ss_sp,1,1,0
-target_enosys,1,1,0
target_nr_rt_sigreturn,2,1,-1
uc_link,1,1,0
target_ucontext,2,1,-1
ka,3,1,-2
uc_flags,1,1,0
sigreturn,4,2,-2
do_sigaltstack,1,1,0
uc_stack,1,1,0
cp0_epc,1,2,1
a2,19,4,-15
lock_user_struct,4,3,-1
uc_sigmask,3,2,-1
is_allocated_sectors,1,1,0
__freebsd__,5,4,-1
garbage,11,1,-10
.bdrv_create,3,1,-2
buf1,3,3,0
out_baseimg,10,2,-8
bdrv_is_allocated,9,5,-4
followed,11,7,-4
stat_buf.st_mode,1,1,0
hdev_create,1,1,0
'n1,3,1,-2
bs_i,7,2,-5
out_fmt,5,2,-3
allocator,3,3,0
bytes\n,7,4,-3
cmp_buf,2,3,1
-cqv,1,1,0
data\n,3,5,2
lld,9,3,-6
pflag,2,5,3
qv,2,2,0
getopt,16,5,-11
fragmentation,2,2,0
kvm_set_user_memory_region,1,1,0
registering,3,2,-1
fits,6,1,-5
found-,1,1,0
suffix,20,4,-16
kvm_lookup_overlapping_slot,1,1,0
slot.memory_size,1,1,0
join,2,1,-1
mem_offset,3,1,-2
unregister,5,1,-4
-err,3,2,-1
slot\n,2,1,-1
illegal_lba,1,2,1
cc_a,2,2,0
cc_s,3,2,-1
cc_p,3,3,0
cc_o,3,2,-1
df_mask,3,2,-1
cc_src,8,2,-6
s_addr,2,2,0
sn,6,4,-2
the_end,2,3,1
bdrv_snapshot_find,3,2,-1
bs1,10,4,-6
vm_state_size,1,2,1
qemusnapshotinfo,3,2,-1
tcg_out_arith,1,2,1
tcg_type_i32,11,1,-10
arith_and,1,2,1
arith_add,1,1,0
tcg_reg_i5,1,1,0
tcg_out_movi,2,3,1
addr_reg,2,2,0
__arm__,5,2,-3
thumb,22,6,-16
0x7ffffffful,2,1,-1
__s390__,1,1,0
libs_softmmu=,4,1,-3
daniel,1,1,0
devel,8,3,-5
berrange,1,1,0
config_gnutls_hash=y,1,1,0
p.,1,1,0
resultlen,2,1,-1
util-obj-y,9,3,-6
qcrypto_hash_supports,4,1,-3
crypto/hash.h,4,1,-3
gnutls,8,2,-6
algorithms,4,1,-3
2.9.10,1,1,0
qcrypto_hash_alg_map,2,1,-1
gnutls_hash=,1,1,0
gnutls_dig_sha1,1,2,1
libs_softmmu,5,1,-4
qcrypto_hash_bytesv,3,1,-2
gnutls_hash,1,1,0
digest,2,2,0
0123456789abcdef,1,1,0
gnutls_hash_init,1,1,0
zx,2,4,2
pid=,2,1,-1
keeping,2,3,1
atomic_fetch_add,1,1,0
offset=0x,2,3,1
atomic_xchg__nocheck,1,1,0
picture,1,1,0
s3,2,1,-1
optimal,8,3,-5
sequence,22,7,-15
e1,4,2,-2
overlapped,4,1,-3
qemu_clock_get_ms,10,2,-8
e3,1,1,0
faulted,2,1,-1
hpt,7,2,-5
linenr,6,1,-5
documentation/volatile-considered-harmful.txt\n,1,1,0
comment\n,2,1,-1
do_fault,4,1,-3
ea,4,4,0
impdef,6,1,-5
slave,8,4,-4
address_space_ldl_le,1,1,0
address_space_ldq_be,1,1,0
address_space_ldl_be,1,1,0
axi,2,1,-1
s1ptw,1,1,0
aborts,4,2,-2
object_class_property_add,2,1,-1
default_caps,1,1,0
finalized,1,1,0
object_class,11,3,-8
object_class_property_set_description,1,2,1
supplying,2,1,-1
.flag,4,1,-3
complain,3,2,-1
advertised,4,1,-3
spapr.o,1,2,1
spapr_has_cap,1,1,0
risk,2,2,0
'sleep,1,1,0
canceling,3,1,-2
tcgmemopidx,4,1,-3
tlb_mmio,2,2,0
tlbe-,2,2,0
addr_read,1,3,2
tlb_notdirty,2,2,0
atomic_mmu_lookup,1,1,0
tlb_addr,5,1,-4
oi,6,2,-4
luns,5,2,-3
sdev-,4,1,-3
b',1,1,0
key_value_kind_number,2,1,-1
qkeycode,2,1,-1
key_value_kind_qcode,2,1,-1
dst-,4,3,-1
do_subchannel_work_passthrough,1,1,0
do_subchannel_work_virtual,1,1,0
scsw,3,1,-2
do_subchannel_work,2,1,-1
reflect,7,2,-5
sch_handle_start_func_passthrough,1,1,0
curr_status.scsw,2,1,-1
s390_ccw_cmd_request,1,1,0
orb,3,1,-2
s390_ccw_device_get_class,1,1,0
driver_data,1,1,0
s390ccwdeviceclass,1,1,0
sch,9,3,-6
subchdev,6,3,-3
inaccessible,1,2,1
cdc,1,1,0
cdc-,1,1,0
type_spapr_machine,1,3,2
websocket,11,2,-9
fin,1,2,1
gsource,14,4,-10
b0,3,2,-1
g_io_out,22,4,-18
0x081,1,1,0
qjson,3,2,-1
vmdesc,2,2,0
icp_reset,1,1,0
qemu_unregister_reset,7,1,-6
test_img.orig,6,1,-5
.c,10,4,-6
qemu-slof-20170303,1,1,0
bdrv_request_max_sectors,9,4,-5
host_cpudef,1,1,0
host_cpudef.family,1,1,0
x86_cpu_load_def,3,1,-2
model-id,3,1,-2
host_cpudef.model,1,1,0
model_id,5,1,-4
cpu_x86_fill_model_id,1,1,0
host_cpudef.model_id,1,1,0
x86cpudefinition,2,1,-1
family,21,2,-19
host_cpudef.vendor,1,1,0
host_cpudef.stepping,1,1,0
host_vendor_fms,1,1,0
cpuid_vendor_sz,1,1,0
bstate,5,7,2
envflags,2,2,0
is_user,16,7,-9
delay_slot_mask,2,2,0
gen_save_cpu_state,2,1,-1
do_illegal,2,2,0
bs_excp,5,4,-1
gen_helper_raise_slot_illegal_instruction,1,3,2
object_class_get_name,18,2,-16
bdrvvvfatstate,2,2,0
_filter_qemu_img_map,3,2,-1
bdrv_block_offset_valid,10,3,-7
0x8000000,3,1,-2
busdev,14,4,-10
contained,3,4,1
mapped-file,2,1,-1
err_out,9,11,2
unlinkat,1,3,2
~val,3,4,1
icr,2,2,0
reports,7,3,-4
eglnativedisplaytype,1,1,0
moment,6,6,0
start_of_cluster,2,3,1
end_offset,2,3,1
align_offset,3,3,0
visit_type_userdefoptions,1,1,0
remain,7,7,0
visit_check_list,1,3,2
mostly,4,3,-1
visits,5,1,-4
unvisited,2,2,0
ov-,5,3,-2
qapi_free_userdefoptions,1,1,0
diagnosed,1,1,0
userdef,2,3,1
matter,10,6,-4
.to,1,1,0
inet6_addrstrlen,1,1,0
inet-,5,2,-3
host_port,3,4,1
arm_dc_feature,9,3,-6
kvmclock,3,1,-2
utf8_out,1,1,0
json_in,1,1,0
test_cases,6,2,-4
abc\\\,1,1,0
json_out,1,1,0
'abc,2,1,-1
gstr-,1,1,0
.encoded,3,2,-1
abc,3,2,-1
st-,5,1,-4
st_rdev,4,2,-2
conn-,4,2,-2
g_queue_free,1,2,1
secondary_list,2,2,0
primary_list,1,2,1
connect_to_sdog,2,2,0
replay_mode_play,11,1,-10
replay_account_executed_instructions,3,1,-2
replay_mutex_lock,7,2,-5
ac97,2,1,-1
replay_finish_event,7,1,-6
replay_put_event,9,1,-8
replay-internal.h,6,1,-5
replaying,2,1,-1
floating,17,1,-16
replay_mutex_unlock,7,2,-5
russian,8,1,-7
replay_save_instructions,5,1,-4
replay_get_qword,4,1,-3
coreaudio,3,1,-2
replay_put_qword,4,1,-3
audio/audio.h,1,1,0
wpos,1,1,0
sciences,8,1,-7
sysemu/replay.h,15,1,-14
replay_mode_record,10,1,-9
recording,5,2,-3
academy,8,1,-7
recorded,3,1,-2
specifications,1,1,0
replay_put_dword,4,1,-3
replay_next_event_is,5,1,-4
replay_get_dword,4,1,-3
device_get_class,9,1,-8
unmigratable,2,2,0
only-migratable,1,2,1
migration/migration.h,8,4,-4
only_migratable,1,2,1
check_migratable,1,1,0
migratable,6,2,-4
async_run_on_cpu,4,2,-2
arm_cpu,15,3,-12
powered,1,1,0
preparation,1,1,0
run_on_cpu_host_ptr,2,5,3
psci,5,1,-4
scr_ns,2,1,-1
run_on_cpu_data,8,4,-4
on\n,1,1,0
target_cpu,7,1,-6
cpu_set_pc,1,1,0
powered_off,1,1,0
arm_feature_el3,7,1,-6
turning,1,2,1
excp_hlt,5,8,3
hcr_rw,2,1,-1
scr_rw,2,1,-1
cpsr_write,4,2,-2
0xfffffffe,2,2,0
env.regs,2,3,1
data.host_ptr,1,2,1
target_el,2,2,0
qemu_in_vcpu_thread,2,2,0
bump,3,2,-1
qemu_mutex_trylock,1,2,1
qemu_global_mutex,7,3,-4
qemu_cond_broadcast,3,2,-1
global_locking,1,1,0
monitor_disas,1,1,0
available\n,9,4,-5
cpu_dump_state,4,1,-3
cpu_dump_statistics,1,1,0
dt,6,3,-3
delayed_branch,1,1,0
32bit,12,3,-9
supress,2,1,-1
tcg_const_tl,3,5,2
dividing,1,1,0
def_helper_flags_3,5,3,-2
host-side,1,1,0
2011-2012,2,1,-1
exec/helper-proto.h,3,1,-2
pitch,3,4,1
cirrus_blt_width,1,6,5
size_max,8,4,-4
bdrv_request_max_bytes,5,2,-3
llu\n,1,2,1
llu,4,5,1
src_width,1,1,0
rows,2,1,-1
rtcstate,4,2,-2
ppc_virtual_hypervisor_get_class,2,1,-1
interfaceclass,2,3,1
type_interface,5,2,-3
emulate_spapr_hypercall,1,1,0
cpu_ppc_hypercall,1,1,0
vhc,2,1,-1
ppcvirtualhypervisor,2,1,-1
ppcvirtualhypervisorclass,2,1,-1
vhc-,3,1,-2
adjustment,2,1,-1
growth,1,1,0
max_ns,1,2,1
env1-,5,4,-1
interact,1,1,0
availability,4,1,-3
appropriately,5,2,-3
breaks,4,2,-2
command-line,8,4,-4
ov_maxbits,1,1,0
migration/vmstate.h,3,1,-2
spapr_ovec_set,2,1,-1
spapr_ovec_intersect,1,1,0
extends,2,1,-1
introduction,1,1,0
migrating,5,4,-1
dealt,2,2,0
.subsections,10,2,-8
encode,6,1,-5
experienced,1,1,0
tray,5,2,-3
qapi_event_send_device_tray_moved,1,1,0
eject_flag,1,2,1
qemu_del_vm_change_state_handler,3,3,0
vmstate,11,5,-6
qemu_uuid,4,1,-3
qemu_uuid_unparse_strdup,1,1,0
memory_region_allocate_system_memory,3,2,-1
hw/ppc/pnv.h,1,2,1
0x00400000,1,4,3
chip_id,1,2,1
affinity,1,2,1
default_ram_size,3,1,-2
pnv-,1,1,0
block_default_type,3,1,-2
fw_filename,1,1,0
pack,2,4,2
powernv_machine,1,1,0
qemu_devices_reset,2,2,0
powernv,3,2,-1
hw/ppc/fdt.h,1,3,2
start_prop,1,1,0
chip,7,4,-3
qemu_uuid_set,3,1,-2
machine_class,6,1,-5
pnv,1,1,0
default_boot_order,1,2,1
end_prop,1,1,0
pnvmachinestate,1,1,0
initrd-end,1,1,0
bootargs,1,1,0
1536,2,3,1
0x2000000,1,3,2
skiboot,1,1,0
pnv.o,2,2,0
initrd-start,1,1,0
opal,1,1,0
chip-id,1,1,0
no_parallel,1,1,0
config_powernv,2,2,0
0x00100000,6,2,-4
1gb,4,2,-2
realmodel,1,1,0
model_pieces,4,1,-3
spapr_get_cpu_core_type,3,1,-2
core_type,2,1,-1
ppc_cpu_lookup_alias,1,1,0
qemu_sigp_mutex,1,1,0
sigp_cc_busy,1,1,0
test_pc_with_cpu_add,1,1,0
pc-,8,2,-6
qtest_add_data_func_full,2,1,-1
test_data_free,2,1,-1
test_pc_without_cpu_add,1,1,0
pc_register_ferr_irq,1,1,0
pc_basic_device_init,1,1,0
qdev_connect_gpio_out_named,3,1,-2
isa_bus_irqs,1,2,1
gsi_num_pins,1,2,1
lpc_dev,1,1,0
ich9_gpio_gsi,1,1,0
no_floppy,1,1,0
rtc_state,2,1,-1
libvirt,2,3,1
waits,3,4,1
timeouts,1,1,0
configure_accelerator,1,1,0
glib-2.0,1,1,0
mingw32,11,3,-8
out_err,4,2,-2
out_nofid,1,2,1
current_gen,1,1,0
flushed_gen,2,1,-1
active_flush_req,2,1,-1
from-,1,5,4
to-,2,5,3
unattached_count,1,1,0
iov_cnt,4,3,-1
x86_iommu_iec_register_notifier,2,1,-1
msirouteentry,1,1,0
cnt++,3,1,-2
virq,8,3,-5
hw/i386/x86-iommu.h,1,1,0
x86_iommu_get_default,2,1,-1
pci_get_msi_message,1,2,1
msi_route_list,1,1,0
msi_get_message,1,2,1
kvm-apic-msi,1,1,0
io_memory,1,1,0
max_bytes,2,2,0
total_bytes,1,1,0
max_transfer,5,2,-3
zeroing,5,1,-4
bdrv_driver_preadv,1,1,0
min_non_zero,12,2,-10
qemu_iovec_memset,4,4,0
atexit,4,5,1
gcomparefunc,2,2,0
glist,4,3,-1
siv-,1,2,1
g_queue_foreach,2,3,1
parser-,5,3,-2
_nsig,2,3,1
sigset_t_size,1,1,0
debug_regions,1,1,0
qvirtqueuepci,3,1,-2
qguestallocator,8,2,-6
vq.desc,1,1,0
vqpci-,3,4,1
tx-,1,1,0
qvirtqueue,3,3,0
guest_free,4,2,-2
vqpci,2,1,-1
qvirtiobus,2,3,1
dev.vhost_ops,2,3,1
vhostops,3,3,0
config_avx2_opt,2,1,-1
cpuid.h,1,1,0
push_options,1,1,0
qemu_gnuc_prereq,3,3,0
__m256i,1,1,0
istcp,2,1,-1
combined,8,4,-4
totally,1,1,0
series,2,1,-1
eat,2,2,0
cfqp,1,1,0
uz,1,1,0
cqp,1,1,0
migrate_fd_error,2,5,3
trace_migrate_fd_error,1,1,0
migration_status_failed,2,2,0
rdmacontext,2,2,0
resetting,1,2,1
touch,13,5,-8
qemu_co_queue_run_restart,1,2,1
resumed,5,4,-1
data.done,4,1,-3
.bh,2,1,-1
bdrv_co_drain,1,1,0
yields,4,1,-3
ctrl_vq,4,1,-3
cmd_vqs,2,2,0
virtio_scsi_push_event,1,2,1
virtioscsireq,5,4,-1
virtio_scsi_dataplane_start,1,1,0
dataplane_fenced,1,2,1
event_vq,2,2,0
non-qom,1,1,0
qerr_qga_command_failed,1,1,0
wpass,1,1,0
g_utf8_to_utf16,1,1,0
rawpasswddata,3,1,-2
table_data-,9,3,-6
table_data,14,5,-9
nvdimmnfitheader,2,2,0
nfit,6,1,-5
acpi_data_push,8,1,-7
build_header,5,1,-4
-no-shutdown,1,2,1
accel=kvm,1,2,1
-serial,7,4,-3
s390-ccw-virtio,2,1,-1
sockaddr_to_str,1,1,0
io/channel-tls.h,1,2,1
u.inet-,6,1,-5
tioc,1,2,1
qio_channel_socket,1,1,0
object_ref,8,5,-3
is_telnet,3,1,-2
qcrypto_tls_creds_endpoint_client,2,1,-1
tcp_chr_connect,2,2,0
qcryptotlscreds,5,2,-3
u.socket-,1,1,0
tcp_chr_telnet_init,1,1,0
type_qcrypto_tls_creds,4,3,-1
qcrypto_tls_creds_endpoint_server,2,2,0
tcp_chr_disconnect,4,2,-2
object_resolve_path_component,6,2,-4
sioc-,1,1,0
tls_creds-,2,1,-1
do_telnetopt,1,1,0
is_listen,3,1,-2
cur_offset,2,3,1
fw_cfg_arch_local,6,3,-3
cur_entry,2,3,1
representation,5,4,-1
host-endian,1,1,0
fw_cfg_read,1,3,2
fw_cfg_invalid,2,2,0
fwcfgentry,3,2,-1
fw_cfg_entry_mask,3,2,-1
sync='full,5,2,-3
self.vm.resume_drive,2,1,-1
'backup,5,2,-3
file=blkdebug,3,1,-2
'block-job-pause,2,2,0
target=target_img,3,3,0
'block-job-resume,1,2,1
orphaned,1,1,0
qemu_iovec_from_buf,6,2,-4
aioreq,1,2,1
protects,7,1,-6
protecting,2,2,0
replay_has_unread_data,2,1,-1
replay_data_kind,8,1,-7
replay_mutex_init,1,1,0
replay_mutex_destroy,1,1,0
vhost_user_protocol_f_log_shmfd,2,1,-1
vhost_f_log_all,2,1,-1
vhost_user_f_protocol_features,3,1,-2
vhost.o,2,1,-1
~0u,6,1,-5
g_file_get_contents,1,3,2
linux/vhost.h,2,1,-1
qlist_head_initializer,6,3,-3
xen_enabled,17,4,-13
declaration\n,2,1,-1
enum|union|struct,1,1,0
typedef\s+,1,1,0
ident\b,1,1,0
water,2,1,-1
gen_intermediate_code,3,1,-2
tcg_ctx.code_gen_buffer_max_size,1,1,0
code_gen_ptr,2,1,-1
opc_buf_size,1,2,1
highwater,1,1,0
significantly,1,1,0
tcg_ctx.code_gen_buffer,1,1,0
tcg_max_op_size,1,1,0
expand,5,3,-2
wild,1,1,0
code_gen_highwater,2,1,-1
tcg_ctx.code_gen_ptr,1,1,0
fixup,1,3,2
code_gen_buffer,3,1,-2
192,4,3,-1
code_gen_buffer_max_size,2,2,0
tcg_ctx.tb_ctx.nb_tbs,1,1,0
tcg_gen_code,1,1,0
getpid,12,6,-6
tmpfs,3,1,-2
omap_mpu_state_s,1,1,0
ssibus,1,1,0
ssp,5,2,-3
memory_region_ref,2,3,1
memory_region_unref,8,5,-3
orig,2,1,-1
destructor,6,1,-5
ncs,4,2,-2
qemu_get_subqueue,3,1,-2
bar_size,2,1,-1
qemu_fls,2,1,-1
pow2ceil,4,1,-3
rocker,1,3,2
rockerswitch,1,1,0
scsi-disk,1,2,1
'virtio-blk-pci,1,1,0
drive=disk,1,1,0
'scsi-hd,2,2,0
scsi-hd,2,2,0
-fno-delete-null-pointer-checks,1,1,0
virtio_bus,1,1,0
virtiobusstate,1,2,1
has_vhostforce,1,1,0
vhostforce,1,2,1
virtio_bus_get_class,2,2,0
virtiobusclass,2,2,0
query_guest_notifiers,1,1,0
options-,7,4,-3
backend_type,3,1,-2
vbus,1,1,0
vhostnetstate,1,1,0
get_vhost_net,1,1,0
bcnt,2,2,0
txdone,1,2,1
xmit_pos,2,3,1
sh,8,8,0
gen_aa32_ld16u,1,1,0
doubleword,1,2,1
frac,1,3,2
xpand=false,6,3,-3
tee,1,1,0
source_iotests,2,1,-1
sys.stdout,1,2,1
debug=true,1,1,0
tmp.out,2,2,0
qapi_type,1,1,0
find_enum,2,2,0
base_fields,3,2,-1
'myunion,2,1,-1
find_struct,4,2,-2
unions,5,4,-1
find_union,1,2,1
tests/qapi-schema/alternate-array.json:5,1,1,0
find_base_fields,1,1,0
find_anonymous_member_qtype,1,1,0
_generate_enum_string,1,2,1
union.get,1,1,0
qtype_qnull,3,2,-1
token_is_keyword,1,1,0
qnull,3,3,0
convert_read,1,1,0
min_sparse,1,1,0
src_cur,2,1,-1
blockbackend,41,8,-33
src_cur_offset,2,1,-1
respective,2,1,-1
bdrv_get_block_status,9,1,-8
blk_write_zeroes,1,1,0
needlessly,1,1,0
bdrv_can_write_zeroes_with_unmap,1,1,0
buf_sectors,1,1,0
blk_data,2,1,-1
bdrv_make_zero,1,1,0
bs_sectors,2,1,-1
told,1,2,1
spreads,1,1,0
efficiently,3,1,-2
initialisation,3,2,-1
blk_backing_file,1,1,0
blk_zero,2,1,-1
bdses,2,1,-1
chain,23,9,-14
4adadbde6904807de2e990c0af839ad0cc977806,1,1,0
tcg_gen_sari_i64,1,2,1
flip,2,2,0
def_helper_5,1,1,0
tcg_gen_or_i64,4,2,-2
-0x80000000ll,1,1,0
tcg_gen_trunc_i64_i32,3,1,-2
0x7fffffffll,1,1,0
tcg_gen_ext_i32_i64,1,2,1
tcg_gen_shli_i64,1,3,2
tcg_gen_mul_i64,1,2,1
tcg_gen_add_i64,4,3,-1
pcnetstate,3,1,-2
retcode,1,4,3
timer_list,2,1,-1
timerlist,1,1,0
timer_del_locked,1,1,0
active_timers_lock,2,1,-1
maxcycles,1,1,0
duration,3,2,-1
vfio_int_intx,1,1,0
bdrv_op_unblock,2,1,-1
block_op_type_commit,3,1,-2
block_op_type_commit_source,1,1,0
block_op_type_commit_target,2,1,-1
gd_update_windowsize,1,1,0
gtk_widget_hide,1,1,0
g_warning,3,2,-1
set_vector,1,1,0
a3,10,2,-8
1b,3,4,1
.align,3,1,-2
isync,2,2,0
eq,10,1,-9
2f,3,2,-1
test_end,7,2,-5
1f,3,2,-1
atleast-version=2.1.0,1,1,0
libseccomp,3,2,-1
atleast-version=2.1.1,1,1,0
ide_state-,2,2,0
02,2,1,-1
cmd_fis,2,1,-1
0x90,8,2,-6
incoming_posn,1,3,2
posn,1,3,2
ld\n,7,1,-6
pci_add_option_rom,1,3,2
balloon_stats_change_timer,1,1,0
virtioballoon,3,3,0
enqueued,2,1,-1
sense_len,1,1,0
io_canceled,1,2,1
aio_prepare,1,2,1
fileproto,1,2,1
qflags,1,3,2
2gb,2,1,-1
whichever,1,1,0
get_image_size,3,2,-1
prevented,1,2,1
metadata_ol_bitnr,1,2,1
ide_dma_error,2,1,-1
ide_rw_error,1,1,0
kvm_arch_remove_sw_breakpoint,1,2,1
qemu_clock_enable,1,1,0
run_state_watchdog,1,1,0
qemu_system_vmstop_request,1,4,3
qemu_system_vmstop_request_prepare,1,3,2
rtas_out_hw_error,3,1,-2
msi_table,1,1,0
g_hash_table_insert,6,2,-4
++msg.data,1,1,0
released,8,7,-1
spapr_msix_max_devs,1,1,0
bdrv_block_allocated,1,2,1
vfiocontainer,7,1,-6
vfiogroup,3,2,-1
space-,2,1,-1
vfioaddressspace,1,1,0
pci_device_iommu_address_space,2,2,0
containers,3,1,-2
vfio_get_group,2,1,-1
groupid,3,1,-2
ctz64,7,2,-5
lsb,2,3,1
xh_len,1,2,1
xbzrle_decode_buffer,1,2,1
max_queues,2,2,0
ror32,1,1,0
rol32,1,1,0
env.pc,2,2,0
refcount1,3,1,-2
refcount2,3,1,-2
refresh_total_sectors,2,1,-1
dumped,2,2,0
pfn,2,1,-1
hmp,5,4,-1
2.0,5,5,0
qerr_io_error,1,1,0
flag_compress,2,1,-1
virtioserial,7,2,-5
virtio_serial,2,1,-1
vser,5,3,-2
virtio-console,1,1,0
virtio_serial_device_exit,1,1,0
little_endian,1,1,0
lowaddr,1,1,0
translate_kernel_address,1,1,0
qemu_chr_be_generic_open,1,2,1
getattr,1,1,0
'true,2,1,-1
qemu_console_resize,1,3,2
bpp,8,2,-6
qemu_default_pixelformat,1,1,0
svga_reg_host_bits_per_pixel,1,1,0
invalidated,10,2,-8
suspicious,1,3,2
surface_stride,3,1,-2
qemu_console_surface,4,2,-2
dpy_gfx_replace_surface,1,1,0
surface_data,1,1,0
filesystems,6,2,-4
qmp_guest_fsfreeze_thaw,1,1,0
458752,1,1,0
1m,8,4,-4
320,1,1,0
despite,3,1,-2
480,2,2,0
0x55,5,1,-4
qtd_token_active,3,2,-1
ehci_cancel_queue,1,2,1
qtd.token,1,1,0
ram_pages,1,2,1
migration_bitmap,3,6,3
conf.macaddr.a,1,1,0
macaddr,8,4,-4
run_state_internal_error,2,3,1
inmigrate,1,1,0
'devicenotactive,1,1,0
happened,8,4,-4
notes,13,6,-7
finishes,5,3,-2
backing-chain,1,1,0
dirty-flag,2,2,0
cluster-size,2,2,0
134217728,2,4,2
finite,1,1,0
rebase,6,3,-3
output=json,2,2,0
owner=stefanha,5,3,-2
123,7,2,-5
ancestor,2,1,-1
virtual-size,2,2,0
imgproto,2,2,0
careful,2,4,2
iscsi_schedule_bh,1,3,2
qemu_opts_foreach,14,1,-13
cpu_get_phys_page_debug,4,2,-2
tb_invalidate_phys_addr,3,4,1
data.ret,2,3,1
base_fmt,3,1,-2
base_id,2,2,0
bdrv_change_backing_file,3,2,-1
info.shift,1,1,0
pulse/pulseaudio.h,1,1,0
decr,5,2,-3
0ll,1,2,1
pa-,1,2,1
dead,7,1,-6
qcow_oflag_copied,10,6,-4
l2e_offset_mask,8,2,-6
qcow2_free_any_clusters,3,1,-2
ov.hevent,1,1,0
pid_filepath,1,1,0
freeze/thaw,1,1,0
unfreeze,1,1,0
state_dir,1,2,1
/tmp,2,2,0
issued,9,4,-5
pidstr,3,1,-2
absolute,11,5,-6
processes,1,3,2
usb_bus_from_device,1,1,0
usb_packet_setup,1,4,3
usbbus,2,2,0
.version,1,2,1
backing_file_len,1,1,0
qcowextension,1,2,1
qcow_version,5,3,-2
backing_fmt,8,4,-4
crypt_method_header,1,2,1
qcowheader,2,3,1
.cluster_bits,1,1,0
backing_format,4,4,0
qcow2_update_header,2,2,0
designed,2,1,-1
qcow_magic,1,1,0
target_type,4,2,-2
isa_irq,1,1,0
.qdev.props,5,1,-4
sysbus.h,5,2,-3
sysbusdev,1,1,0
sysbusdeviceinfo,3,1,-2
i8259_init,3,2,-1
sysbus_register_withprop,3,1,-2
maltastate,1,1,0
reply.handle,2,2,0
nbd_cmd_flag_fua,3,1,-2
reply.error,5,2,-3
target_user_only,2,2,0
pie,2,1,-1
usermode,6,2,-4
-dpie,1,1,0
user_pie,1,1,0
enable-user-pie,2,1,-1
user_pie=,1,1,0
ldflags=,3,1,-2
disable-user-pie,1,1,0
mutually,1,1,0
disable-pie,1,3,2
toolchain,1,2,1
scsi_write_complete,1,3,2
cmd_start_stop_unit,1,1,0
0xa8,4,1,-3
scsi_read_complete,1,1,0
qemu_co_queue_next_bh,1,1,0
export_name,1,1,0
bdrvnbdstate,4,2,-2
dregs,1,2,1
nregs,1,1,0
neon_store_reg,2,1,-1
replicate,3,2,-1
lanes,2,1,-1
0x9,3,2,-1
0xe,15,3,-12
thread-safe,6,4,-2
convenient,3,1,-2
simplest,4,3,-1
probes,1,1,0
sdt,1,2,1
have_data,1,1,0
patched,6,1,-5
pcir,1,1,0
device_id,13,2,-11
pci_dprintf,1,1,0
0xaa55,1,1,0
roms,3,2,-1
mingap,2,1,-1
wrap,5,5,0
front,5,3,-2
aligned_buf,4,1,-3
.qdev.reset,3,1,-2
eth-,2,2,0
mipsnet_cleanup,1,2,1
eth_cleanup,1,2,1
usbnet_can_receive,1,1,0
ne2000_receive,1,2,1
nic_receive,1,2,1
mipsnet_can_receive,1,2,1
eth_receive,2,2,0
nic_cleanup,1,2,1
eth,4,2,-2
mcf_fec_receive,1,2,1
mcf_fec_cleanup,1,2,1
receive_iov,1,1,0
mcf_fec_can_receive,1,2,1
can_receive,1,1,0
mipsnet_receive,1,2,1
ne2000_can_receive,2,2,0
eth_can_receive,2,2,0
nic_can_receive,2,2,0
.func,2,1,-1
.r,1,1,0
.a,3,3,0
crt.o,1,1,0
last_scr_width,1,2,1
qemu_free_displaysurface,2,1,-1
get_bpp,1,2,1
is_graphic_console,4,1,-3
full_update,1,4,3
get_depth_index,1,1,0
is_buffer_shared,2,2,0
disp_width,1,1,0
retrying,1,1,0
list_head,3,1,-2
list_insert_head,3,1,-2
cookie,1,4,3
list_first,2,1,-1
list_entry,3,1,-2
cpu_register_map_client,1,2,1
list_remove,2,2,0
read_u16,1,1,0
monitor_readline,6,1,-5
exec-all.h,2,1,-1
same_tlb_entry_exists,1,1,0
mmucr_sv,1,1,0
sr_md,3,4,1
utlb_size,3,1,-2
itlb,5,2,-3
utlb,3,1,-2
.asid,1,1,0
pteh,1,2,1
itlb_size,3,2,-1
vpn,4,1,-3
overwriting,5,1,-4
tlb_t,3,1,-2
use_asid,1,1,0
mem_value,1,1,0
increment_urc,1,1,0
mmucr,2,1,-1
do_change_block,1,1,0
bf,1,2,1
removable,11,3,-8
term_printf,9,2,-7
do_change,2,1,-1
lo_encrypt_key_size,2,1,-1
loop_get_status64,2,1,-1
loop_change_fd,1,1,0
lo_sizelimit,1,1,0
r/o,5,1,-4
0x4c04,1,1,0
lo_init,1,1,0
loop_set_fd,1,1,0
0x4c05,1,1,0
lo_rdevice,2,1,-1
loop_info,1,1,0
loop_info64,1,1,0
loop_clr_fd,1,1,0
2.6.25,2,1,-1
lo_encrypt_type,2,1,-1
0x4c03,1,1,0
loop_get_status,2,1,-1
lo_number,2,1,-1
0x4c,4,1,-3
lo_name,1,1,0
lo_device,2,1,-1
lo_inode,1,1,0
loop_set_status64,1,1,0
lo_crypt_name,1,1,0
w/o,4,2,-2
lo_flags,2,1,-1
0x4c01,1,1,0
lo_offset,1,1,0
lo_encrypt_key,1,1,0
asm/types.h,1,1,0
__u32,1,1,0
0x4c00,1,1,0
1993,1,1,0
0x4c02,1,1,0
0x4c06,1,1,0
loop_set_status,1,1,0
linux/loop.h,1,1,0
redistribution,1,1,0
sector_bits,1,4,3
-edom,1,2,1
count1,1,3,2
extend,7,5,-2
getlength,1,2,1
0.0,7,2,-5
st0,3,3,0
force_ret,10,1,-9
fpus,1,1,0
fpuc,4,2,-2
sp=,1,1,0
~env-,3,2,-1
eip,16,5,-11
param1,6,1,-5
msdos,1,1,0
blk_get_aio_context,16,2,-14
qdev.conf.blk,3,1,-2
no_sense,2,2,0
cover,3,3,0
-no-acpi,1,1,0
acpi_enabled,2,2,0
bdrv_drain_invoke,1,1,0
gp,2,2,0
excp0d_gpf,10,2,-8
cf_parallel,7,1,-6
tcglabel,5,2,-3
user-mode,6,1,-5
tcg_gen_qemu_ld_i32,3,1,-2
interrupt/exception,1,1,0
b11_8,10,2,-8
_ldst_,1,1,0
memidx,4,3,-1
single-threaded,4,2,-2
tcg_global_mem_new_i32,5,1,-4
cpu_fpscr,1,1,0
mo_teul,2,3,1
cpu_fpul,2,1,-1
cpu_ldst,2,1,-1
tcg_gen_qemu_st_i32,1,1,0
cpu_pr,1,1,0
cmpxchg,1,1,0
mo_tesl,1,2,1
traps,5,1,-4
tb_cflags,7,1,-6
imply,6,2,-4
movco.l,1,1,0
vring-,2,1,-1
initializer,1,2,1
compilers,4,1,-3
./scripts/git-submodule.sh,2,1,-1
transparent,3,1,-2
substat,3,1,-2
./configure,2,5,3
git_submodules,3,2,-1
checkout,1,3,2
git=,1,1,0
get_machine_class,1,1,0
gs_allowed,2,1,-1
s390mc-,3,1,-2
kvm_s390_get_gs,1,1,0
guarded-storage,1,1,0
s390_has_feat,8,3,-5
s390_feat_guarded_storage,3,1,-2
strcasecmp,4,3,-1
qio_channel_websock_connection_upgrade,1,2,1
vmgenid,4,2,-2
x-write-pointer-available,1,1,0
vms-,5,1,-4
vmgenid_properties,1,1,0
vmgenidstate,1,1,0
write_pointer_available,1,1,0
ofd,1,1,0
locking,10,5,-5
qemu_has_ofd_lock,1,1,0
f_ofd_setlk,1,1,0
gregs,1,2,1
bdrv_close_all,1,1,0
\n\n===,1,1,0
===\n\n,1,1,0
test.log,1,2,1
qobject_to_qnum,1,1,0
qnum,2,1,-1
visit_type_uint64,5,3,-2
qnum_get_try_int,1,1,0
backward,4,4,0
mishandles,1,1,0
qobject_output_add,1,1,0
qnum_from_uint,1,1,0
qnum_from_int,1,1,0
bdrv_o_inactive,3,3,0
colo,11,2,-9
stage,10,2,-8
migrate_colo_enabled,1,1,0
qemu_savevm_state_complete_precopy,1,1,0
inactivate,1,1,0
qemu_file_set_error,6,2,-4
nbd_coroutine_start,1,1,0
man,5,1,-4
unlocked,1,2,1
nbdclientsession,4,3,-1
in_flight,10,3,-7
receiving,2,1,-1
max_nbd_requests,2,4,2
semaphore,2,2,0
unfreezing,2,1,-1
qga,2,1,-1
thaw,1,1,0
waitforsingleobject,2,3,1
qga_vss_fsfreeze,1,1,0
vss,2,1,-1
v9fs_path_sprintf,1,1,0
iscsi_parse_filename,1,1,0
iscsi_open,1,2,1
parse_option_size,1,1,0
tcg_gen_extu_i32_tl,4,1,-3
utimensat,1,2,1
rand,3,1,-2
max_cssid,3,3,0
iplb,1,1,0
sysmem,8,1,-7
.mr,4,2,-2
pbt,1,1,0
css_find_subch,1,1,0
dev_st,1,1,0
virtio_id_net,2,2,0
schid,8,2,-6
77,2,1,-1
iplparameterblock,2,1,-1
ipl,1,2,1
cssid,9,3,-6
devno,6,2,-4
ssid,9,3,-6
s390_ipl_type_ccw,1,1,0
memory_region_find,8,2,-6
s390iplstate,1,1,0
iplb-,1,1,0
load_elf_ram,1,1,0
id.cu_model,1,1,0
qerr_json_parsing,3,1,-2
pstrcat,8,2,-6
se,4,5,1
spapr_dr_isolation_state_unisolated,4,1,-3
set_allocation_state,4,1,-3
coldplugged,1,1,0
set_isolation_state,4,1,-3
virtio_queue_empty,3,2,-1
tcgv_high,2,1,-1
tcgv_low,2,1,-1
tcg_gen_sari_i32,2,2,0
run_state_colo,2,1,-1
migrate_get_current,9,2,-7
target_enomsg,1,1,0
tests/acpi-test-disk.raw,1,1,0
fwrite,6,3,-3
net_bufsize,2,1,-1
choice,6,2,-4
getopts,1,1,0
browser,1,1,0
'\,4,1,-3
show_help,1,1,0
bl.max_unmap,6,1,-5
bl.opt_xfer_len,4,1,-3
bl.max_ws_len,4,1,-3
breaking,6,2,-4
clone_settls,1,1,0
optimisation,3,1,-2
confuse,5,1,-4
masks,8,3,-5
clone_parent_settid,1,1,0
cased,1,1,0
termination,1,2,1
clone_child_cleartid,1,1,0
clone_child_settid,1,1,0
custom,6,1,-5
keysym,1,1,0
serialpath,1,1,0
bootpath,2,1,-1
extract_helper,2,1,-1
opc4,1,1,0
.opc2,18,2,-16
opc3,6,3,-3
gen_handler_e_2,1,1,0
.opc1,17,2,-15
type2,1,2,1
inval,2,2,0
c99,3,1,-2
-wendif-labels,2,1,-1
gcc_flags,7,2,-5
c11,2,1,-1
gcc_flags=,8,2,-6
iterating,3,2,-1
block_job_type_commit,1,1,0
.pause,1,1,0
mirror_drain,1,1,0
mirror_resume,1,1,0
mirror_complete,1,1,0
mirror_pause,1,1,0
instead.\n,1,1,0
emulators,2,1,-1
'qemu-img,1,4,3
nbd_rep_err_policy,1,1,0
nbd_rep_err_unsup,2,4,2
nbd_negotiate_send_rep,1,1,0
nbd_rep_err_tls_reqd,1,2,1
nbd_opt_starttls,2,1,-1
nbd_rep_err_invalid,4,3,-1
clientflags,2,2,0
nbd_rep_ack,3,1,-2
abi,4,2,-2
varargs,1,1,0
rewind,1,4,3
clashing,1,2,1
signal_pending,1,2,1
r9,2,2,0
mov,9,2,-7
aligns,1,1,0
occurring,3,1,-2
puc,6,2,-4
target_abi_dir,2,1,-1
qemu_cflags+=-i,2,1,-1
anywhere,4,1,-3
patsubst,8,3,-5
jnz,2,1,-1
r8,3,1,-2
dependent,9,2,-7
sorry,1,1,0
guide,1,1,0
flavours,2,1,-1
appendix,1,2,1
/linux-user,2,1,-1
differences,3,3,0
wildcard,5,4,-1
rsi,1,1,0
/linux-user/,2,1,-1
r11,2,3,1
qemu_hostdep_h,1,1,0
r10,1,1,0
/logging/parse_invalid_path/subprocess,1,1,0
d.log,1,2,1
/logging/parse_path/subprocess,1,1,0
config_has_glib_subprocess_tests,4,2,-2
test_parse_invalid_path_subprocess,1,1,0
test_parse_invalid_path,1,1,0
/tmp/qemu-,1,3,2
g_test_trap_assert_stderr,3,1,-2
/logging/parse_invalid_path,1,1,0
d.log\n,1,1,0
g_test_trap_assert_stdout,3,1,-2
qemu_set_log_filename,1,2,1
test_parse_path_subprocess,1,1,0
/tmp/qemu.log.,1,2,1
core\n,2,1,-1
current_machine-,2,2,0
max_smt,1,1,0
virtio_gpu_max_scanout,2,1,-1
ss.scanout_id,1,1,0
findstring,5,1,-4
check-unit-,1,1,0
ifneq,5,3,-2
mame,1,1,0
namelen,4,3,-1
nbd_opt_export_name,4,1,-3
nbd_negotiate_drop_sync,1,1,0
virtio_blk_data_plane_start,1,1,0
virtio_blk_handle_output,1,1,0
iova,10,1,-9
min_iova,2,1,-1
int128_one,3,3,0
llend,3,1,-2
vfio_dma_map,2,1,-1
max_iova,2,1,-1
int128_sub,4,4,0
trace_vfio_listener_region_add_iommu,1,1,0
tpm_version_unspec,1,3,2
misc-,2,2,0
tpm_version,1,2,1
untouched,1,2,1
unnecessarily,3,1,-2
harsh,1,1,0
v8,9,2,-7
v7,11,1,-10
gdb,11,5,-6
bkt.avg,1,1,0
.burst_length,1,1,0
smooth,2,2,0
bkt.max,1,2,1
throttled,7,4,-3
buckettype,1,2,1
bursts,2,3,1
bkt.burst_length,1,2,1
nanoseconds_per_second,5,4,-1
bkt.level,1,1,0
determines,4,2,-2
.avg,5,1,-4
ssd-,4,2,-2
tx_desc_get_length,1,1,0
tx_packet,1,1,0
db_print,6,1,-5
packet_desc_addr,2,1,-1
blk_remove_all_bs,1,1,0
blockdev_close_all_bdrv_states,1,1,0
device_list,7,5,-2
polled,2,1,-1
blockdriverstates,2,1,-1
tlb_flush_mask,4,1,-3
ptex,3,2,-1
0x300,2,1,-1
tlbs,1,1,0
pte_index,1,2,1
4kb,5,1,-4
hpte64_v_secondary,2,2,0
cp15.hcr_el2,3,2,-1
arm_is_secure_below_el3,5,2,-3
brace_count,3,1,-2
max_nesting,2,1,-1
bracket_count,3,1,-2
block_acct_flush,1,3,2
m.name,4,2,-2
foolist,1,2,1
-42,8,1,-7
visit_next_list,2,4,2
ata8-acs3,1,2,1
prdt,1,4,3
32k,6,3,-3
ata,1,2,1
rev,3,4,1
qtype_qint,12,3,-9
qtype_qfloat,8,1,-7
ivshmem_client_debug,1,1,0
config_fd,1,1,0
eth_p_dvlan,1,1,0
h_proto,1,2,1
eth_p_vlan,1,1,0
vlan_header,1,2,1
eth_header,2,2,0
pkt_get_eth_hdr,1,1,0
ai_passive,1,1,0
index++,7,5,-2
0x56,2,3,1
0x52,4,2,-2
image_size,4,3,-1
~mips_hflag_bmask,1,1,0
forbidden,6,1,-5
mips_debug,1,1,0
qslist_insert_head_atomic,1,1,0
elm,2,2,0
isa_address_space,1,1,0
writel,5,1,-4
eio,5,2,-3
_notrun,2,2,0
nocache,6,1,-5
sudo,6,2,-4
acpi_data_len,3,1,-2
fw_cfg_add_file_callback,1,1,0
tables.rsdp,2,1,-1
acpi_build_update,1,1,0
blobs,2,1,-1
guest_info-,6,3,-3
tables.rsdp-,1,1,0
acpi_build_rsdp_file,4,1,-3
bus_table,2,1,-1
build_pci_bus_state_cleanup,2,1,-1
build_free_array,2,1,-1
pgm_trans_spec,2,2,0
pgm_asce_type,1,2,1
res_type,1,1,0
_data,4,1,-3
cpu_ldub_code,4,2,-2
user-only,3,1,-2
data_type,8,1,-7
cpu_ldl_code,2,1,-1
cpu_ldq_code,1,1,0
_p,2,2,0
usuffix,1,1,0
_kernel,1,2,1
cpu_ldsw_code,1,1,0
cpu_lduw_kernel,1,1,0
load/store,3,3,0
cpu_lduw_code,1,1,0
memsuffix,3,1,-2
accessor,2,1,-1
mbi,2,1,-1
mb_info,1,1,0
s++,5,1,-4
-initrd,1,2,1
libc.h,1,1,0
test_main,1,1,0
multiboot,3,2,-1
mmap.elf,1,1,0
newline,1,1,0
multiboot.h,1,1,0
libc.o,1,1,0
peripheral,2,1,-1
find_port_by_name,1,1,0
roundup,1,1,0
va_size,4,1,-3
pseudocode,8,4,-4
grainsize,1,1,0
inputsize,4,1,-3
object_property_get,1,2,1
string_output_get_visitor,2,2,0
screen,9,4,-5
graphic,2,3,1
vdev.conf,1,1,0
define_virtio_rng_properties,1,1,0
tcg_reg_g0,1,1,0
tcg_out_arithc,1,2,1
c2,1,1,0
arm_feature_xscale,1,1,0
tb_flush,8,3,-5
cp0,1,1,0
arm_tbflag_xscale_cpar,1,1,0
c15_cpar,1,1,0
arm_feature_iwmmxt,1,1,0
setenv,2,1,-1
sram,1,1,0
ram_memories,1,1,0
0x08000000,11,5,-6
size_left,1,1,0
ram_bases,2,1,-1
0x04000000,5,2,-3
sram_size,2,1,-1
taihu_405ep.ram-1,1,1,0
vmstate_register_ram_global,4,2,-2
ram_sizes,2,1,-1
taihu_405ep.ram-0,1,1,0
virtio_default_endian,1,1,0
target_words_bigendian,18,5,-13
device_endian,2,1,-1
virtio_device_endian_little,2,1,-1
virtio_device_endian_big,2,1,-1
.vmsd,8,2,-6
nheads,1,1,0
virtio_is_big_endian,6,1,-5
virtio_device_endian_unknown,1,1,0
poison,10,2,-8
null-terminated,1,2,1
gpio,4,3,-1
write-only,4,6,2
test-,3,5,2
test-qapi-obj-y,2,1,-1
test-qapi-visit.h,2,1,-1
generated_headers,1,4,3
libqemuutil.a,5,3,-2
unit-tests,12,2,-10
test-qapi-types.h,2,1,-1
'userdefone,2,1,-1
tests/test-qapi-types.h,1,1,0
qapi/qmp/qint.h,2,1,-1
qtype_qbool,10,2,-8
'enumone,1,2,1
compatgmutex,1,1,0
libqemustub.a,5,2,-3
qapi/qmp/qobject.h,2,2,0
tests/test-qapi-visit.h,1,1,0
compares,4,3,-1
ctx.opcode,1,1,0
bdrv_requests_pending,4,1,-3
bdrv_requests_pending_all,1,1,0
aio_bh_poll,4,1,-3
locations,1,2,1
\xff,1,2,1
virtio_scsi_pop_req,1,1,0
current_tm.tm_year,1,1,0
int_sts,1,1,0
int_ctl,2,1,-1
sts,4,2,-2
cpu_powerpc_logical_2_06,3,2,-1
pcr_compat_2_06,5,2,-3
lvl,1,3,2
is206,1,1,0
cpu-models.h,3,1,-2
new=,2,1,-1
cpu_powerpc_logical_2_07,4,2,-2
.ret,1,1,0
env.spr,3,2,-1
cpu_version,3,2,-1
pvr_mask,1,1,0
h_success,5,5,0
h_hardware,2,3,1
is205,1,1,0
chose,3,1,-2
cpu_powerpc_logical_2_05,3,2,-1
cpu_match,1,1,0
cpu_,1,1,0
pcr_compat_2_05,5,2,-3
cpuver,1,1,0
.cpu,7,1,-6
cpu_powerpc_logical_2_06_plus,1,2,1
terminator,2,2,0
qom/cpu.h,2,1,-1
jmp_addr,1,3,2
stl_p,7,4,-3
_qemu_handle,1,1,0
cmd=,1,1,0
comm,2,1,-1
_filter_qmp,3,3,0
fifo_out,2,1,-1
-gt,2,1,-1
killing,1,1,0
launch,3,3,0
eval,10,1,-9
-qmp,1,3,2
count=,1,2,1
counts,7,1,-6
4.1,2,1,-1
communicate,3,1,-2
kills,1,1,0
h=,3,1,-2
bash,1,1,0
count=1,2,1,-1
accel=qtest,1,1,0
communication,3,4,1
launching,1,2,1
qemu_comm_method=,4,2,-2
argv++,1,1,0
header.l1_size,1,2,1
header.disk_size,1,1,0
header.block_size,1,1,0
vdi_blocks_in_image_max,1,1,0
default_cluster_size,1,1,0
tlb-,13,5,-8
auto-reload,1,1,0
new_size,6,2,-4
cache_fini,1,2,1
destroyed,3,3,0
migrate_xbzrle_cache_size,3,2,-1
site,2,1,-1
path.data,4,2,-2
file.driver=nbd,2,1,-1
'file,7,3,-4
ide0-hd0,4,1,-3
driver=nbd,2,1,-1
foo=bar,1,1,0
'raw,4,2,-2
file.driver=file,1,2,1
-ttext,1,1,0
ldflags_nopie,2,1,-1
_start,5,1,-4
s_ok,1,2,1
createevent,3,2,-1
errset,1,1,0
unrestricted,1,2,1
ti-,5,2,-3
type_register,4,1,-3
typeimpl,2,1,-1
.typename,1,1,0
type_register_internal,1,1,0
iface-,3,1,-2
virtio_net_device_exit,1,1,0
virtio_net,2,1,-1
desc_b_mask,1,1,0
vscmsgheader,1,2,1
vsc_init,1,2,1
imgfmt_generic,1,1,0
-vhdx,1,1,0
1024m,1,1,0
hyper-v,8,2,-6
imgfmt_generic=true,1,1,0
imgfmt=vhdx,1,1,0
cow_co_is_allocated,1,2,1
today,3,1,-2
bdrv_co_is_allocated,4,1,-3
tcg_target_has_movcond_i32,2,1,-1
tcg_target_has_deposit_i32,2,1,-1
tcg_target_has_bswap32_i32,1,1,0
tcg_target_has_bswap16_i32,1,1,0
tcg_target_has_rot_i32,1,1,0
has_blk,1,1,0
params.blk,1,1,0
params.shared,1,1,0
has_inc,1,1,0
env.cregs,2,1,-1
elf64_nhdr,2,2,0
env.ckc,1,1,0
nf-,3,5,2
exec/cpu-all.h,1,2,1
env.todpr,1,1,0
env.aregs,1,1,0
note-,2,3,1
env.fregs,1,1,0
tod,1,1,0
elf_note_size,1,3,2
nr_cpus,2,2,0
76,2,3,1
regs-,5,3,-2
elf.h,1,4,3
env.psw.mask,1,1,0
writecoredumpfunction,1,2,1
nf,10,3,-7
linux.vnet.ibm.com,9,7,-2
env.fpc,1,1,0
hdr.n_type,1,3,2
fpc,1,1,0
0x301,1,1,0
elfdata2msb,2,2,0
.ll,2,2,0
note_head_size,2,3,1
prstatus,1,2,1
env.cputm,1,1,0
fprs,3,1,-2
overlaps_with,1,1,0
indicating,6,3,-3
important,7,4,-3
qcow2_ol_active_l1_bitnr,1,1,0
boundaries,7,2,-5
qcow2_ol_snapshot_table,1,1,0
mentioned,3,1,-2
qcow2_ol_inactive_l1,1,1,0
qcow2_ol_refcount_block_bitnr,1,1,0
qcow2_ol_inactive_l2_bitnr,1,1,0
ffs,11,3,-8
qcow2_ol_inactive_l1_bitnr,1,1,0
qcow2_ol_main_header_bitnr,1,1,0
l1e_offset_mask,3,1,-2
qcow2_ol_snapshot_table_bitnr,1,1,0
qcow2_ol_max_bitnr,2,1,-1
ofs,5,3,-2
qcow2_ol_cached,3,1,-2
l1_ofs,1,1,0
qcow2_ol_main_header,1,1,0
qemu/range.h,5,2,-3
l1_sz,2,1,-1
qcow2_ol_refcount_table_bitnr,1,1,0
qcow2_ol_active_l2_bitnr,1,1,0
performs,8,3,-5
qcow_oflag_compressed,5,3,-2
qmp_output_get_qobject,7,3,-4
pc-sysfw,1,1,0
pcsysfwdevice,1,1,0
define_prop_uint8,2,1,-1
rom_only,1,1,0
portnr,1,1,0
portsc,1,4,3
xhci_port_reset,1,1,0
addressable,3,1,-2
descriptions,3,2,-1
'disable,1,1,0
establish,3,1,-2
.h,4,2,-2
controlling,2,2,0
identifiers,5,2,-3
qemu_get_be64s,3,1,-2
vmstate_single,4,1,-3
vmstate_uint64_equal,1,1,0
_v,2,1,-1
-netdev,5,2,-3
multiqueue,2,2,0
tap,10,4,-6
0x0a000000,1,1,0
accessible,11,3,-8
key=,2,1,-1
spr_register_kvm,5,5,0
gen_load_spr,1,2,1
spr_dsisr,2,1,-1
kvm_reg_ppc_amr,1,1,0
rwx,12,2,-10
~amr_prot,1,1,0
0x00200000,3,3,0
powerpc_mmu_amr,1,2,1
ppc_hash64_pte_prot,1,1,0
need_prot,2,1,-1
spr_store_dump_spr,1,1,0
gen_store_spr,2,2,0
visitor_input_teardown,2,3,1
10000,13,3,-10
in_visitor_data,2,1,-1
input_visitor_test_add,2,1,-1
prod,4,4,0
shorten,4,2,-2
bm_status_dmaing,2,1,-1
nsector,7,2,-5
nlptr_tbit,2,1,-1
qtd.next,1,1,0
qh.current_qtd,2,2,0
qh.next_qtd,2,2,0
qh.altnext_qtd,2,1,-1
bulk,4,2,-2
-enoexec,1,1,0
bdrv_iostatus_reset,1,1,0
blockdevonerror,1,2,1
blockerroraction,2,1,-1
bdrv_iostatus_is_enabled,1,1,0
block_job_ready,1,1,0
bdrv_action_report,1,2,1
device_little_endian,18,4,-14
mem_caps,1,1,0
pre-write,1,1,0
mem_opreg,1,1,0
opreg,1,1,0
.valid.min_access_size,1,2,1
mem_ports,1,1,0
.valid.max_access_size,1,2,1
mmio_size,1,1,0
ehci_get_state,2,1,-1
rare,2,1,-1
dbg_adv_apw,1,1,0
pre,6,1,-5
substr,3,2,-1
apw,2,1,-1
check_cp0_enabled,1,2,1
lazy_refcounts,1,1,0
block_opt_backing_file,4,1,-3
block_opt_size,8,2,-6
block_opt_backing_fmt,2,2,0
block_opt_cluster_size,2,1,-1
l2meta.nb_clusters,2,3,1
qcow2_mark_dirty,1,1,0
qcow2_incompat_dirty,2,2,0
afterwards,7,2,-5
block_flag_encrypt,1,1,0
qcow2_cache_set_dependency,1,1,0
.bit,1,2,1
postpone,2,1,-1
0xc8,3,2,-1
preallocation,2,1,-1
qcow2_compat_lazy_refcounts,2,1,-1
value.n,2,1,-1
flushes,7,3,-4
header.compatible_features,1,1,0
qcow2_cache_flush,2,1,-1
block_opt_compat_level,1,1,0
type_int64,2,1,-1
type_int32,1,1,0
type_int,9,2,-7
visit_type_int32,3,2,-1
type_uint32,1,1,0
type_uint8,1,1,0
visit_type_int8,2,1,-1
uint8_max,3,1,-2
visit_type_uint32,5,2,-3
type_int8,1,1,0
type_int16,1,1,0
visit_type_int16,2,1,-1
type_uint64,3,1,-2
type_uint16,1,1,0
int8_min,2,1,-1
int8_max,2,1,-1
visit_type_int64,2,2,0
int16_min,2,1,-1
visit_type_uint16,3,1,-2
int16_max,2,1,-1
visit_type_uint8,4,1,-3
nbd_reply_ready,1,1,0
qemu_aio_set_fd_handler,10,5,-5
virtio-balloon-pci,1,1,0
class_code,1,2,1
pci_class_others,1,1,0
pci_class_memory_ram,2,1,-1
pci_ids.h,1,1,0
class_id,6,2,-4
usb_qdev_exit,1,1,0
usb_release_port,1,1,0
exited,6,5,-1
qemu_thread_join,6,4,-2
qemu_cond_destroy,3,1,-2
event_thread,1,1,0
card-,2,5,3
openpty,1,1,0
redirected,4,3,-1
ptychardriver,1,3,2
q_ptsname,1,2,1
~3,7,7,0
xtensa_option_dcache,3,1,-2
xtensa_option_dcache_index_lock,1,1,0
xchal_icache_ways,2,1,-1
xtensa_option_icache_index_lock,1,1,0
xtensa_option_icache,3,1,-2
xchal_dcache_ways,2,1,-1
mpp-,3,1,-2
qemu_iovec_reset,3,4,1
bdrv_aio_cancel,5,2,-3
dma_aio_cancel,1,1,0
old_start,2,1,-1
old_alloc-,2,1,-1
old_end,2,1,-1
old_end_offset,1,1,0
old_offset,4,1,-3
vhost-net,2,2,0
itd,1,1,0
ptr2,1,1,0
usb_ret_nak,3,3,0
len1,1,1,0
isochronous,2,1,-1
ipacket.devaddr,1,1,0
bufptr,1,1,0
pg+1,1,1,0
crosses,1,1,0
devadr,1,1,0
itd_bufptr_mask,1,1,0
border,1,1,0
len2,1,1,0
ptr1,1,1,0
frindex,2,2,0
0x0008,10,1,-9
0x0004,8,1,-7
preamble,3,1,-2
remote,6,2,-4
0x0010,5,1,-4
neg,2,1,-1
phy,4,1,-3
0x0400,3,1,-2
jabber,1,1,0
0x0001,9,3,-6
capable,5,3,-2
duplex,1,1,0
-inf,1,1,0
division,1,1,0
raising,9,4,-5
0xffffffff00000000ull,3,2,-1
lduw,3,2,-1
ldub,5,1,-4
qdev-,6,3,-3
no_hotplug,2,3,1
palette,6,3,-3
bitmap_intersects,3,1,-2
kvm_interrupt,2,1,-1
kvm_nmi,2,1,-1
exits,6,4,-2
kvm_arch_process_irqchip_events,1,1,0
cpu_interrupt_init,3,1,-2
number\n,3,1,-2
no_migrate,4,1,-3
savevm_handlers,1,1,0
non-migratable,1,1,0
savestateentry,2,4,2
migrate,8,5,-3
arm_vfp_fpexc,2,2,0
vfp.xregs,5,2,-3
vfpframe,1,1,0
ufp_exc.fpinst,1,1,0
target_vfp_magic,1,1,0
fpexc,2,1,-1
ufp_exc.fpexc,1,1,0
arm_vfp_fpinst2,1,1,0
ufp_exc.fpinst2,1,1,0
target_vfp_sigframe,1,1,0
vfpframe-,1,1,0
vfp,4,3,-1
regspace,2,1,-1
tuc_regspace,1,1,0
arm_feature_vfp,3,1,-2
vfp.regs,8,1,-7
arm_vfp_fpinst,1,1,0
ufp.fpscr,1,1,0
ufp.fpregs,1,1,0
vfp_set_fpscr,2,1,-1
fpinst2,2,1,-1
monitor_handler_ported,4,1,-3
monitor_cmd_user_only,2,1,-1
qerr_command_not_found,6,1,-5
cmd_name,6,3,-3
0x092d5ff0,1,1,0
r12,2,1,-1
stmdb,1,1,0
cond_al,4,1,-3
r4,3,2,-1
qcow2_alloc_cluster_offset,1,1,0
qcowl2meta,4,3,-1
tlb_in_use,1,1,0
cpu_model_str,2,1,-1
cp0_prid,1,1,0
synci_step,1,1,0
ccres,1,1,0
mips_def_t,1,1,0
cp0_config0,2,1,-1
cp0_status_rw_bitmask,2,1,-1
pamask,1,1,0
nb_tlb,4,1,-3
cpu_model-,3,2,-1
cp0_config1,4,1,-3
insn_flags,8,1,-7
minimal,4,2,-2
mips_hflag_64,4,1,-3
segmask,2,2,0
isa_mips3,2,1,-1
u_int,1,1,0
msr_list,1,1,0
kvm_msr_list,1,1,0
msr_list.nmsrs,1,2,1
pci_class_display_other,2,1,-1
pci_class_processor_co,2,1,-1
0x0b40,1,1,0
timer_create,1,2,1
complaining,1,1,0
lj,2,2,0
gen_opc_instr_start,1,1,0
gen_opc_pc,1,1,0
gen_opc_icount,1,1,0
lflag,1,1,0
cl,1,1,0
output\n,1,1,0
pp,10,2,-8
pattern_count,1,1,0
io_mem_read,2,1,-1
io_mem_write,3,1,-2
io_mem_opaque,2,1,-1
region_offset,2,1,-1
sr_fd,2,1,-1
cpu_pc,3,4,1
gen_helper_raise_slot_fpu_disable,1,1,0
check_fpu_enabled,3,1,-2
gen_helper_raise_fpu_disable,1,1,0
found_devices,1,1,0
usb_fs_type,2,1,-1
compatfd.o,1,2,1
nbd.o,1,3,2
ai.aio_threads,3,1,-2
aioinit,2,1,-1
aio_init,2,1,-1
compatfd.h,2,2,0
qemu-char.h,6,3,-3
redhat,2,1,-1
qemu_signalfd,1,2,1
use_kqemu,1,1,0
aio_signal_handler,1,2,1
osdep.o,5,1,-4
signum,2,2,0
cpu_interrupt_exit,3,3,0
100000,4,2,-2
act.sa_mask,2,2,0
aio_initialized,1,1,0
ai.aio_idle_time,2,1,-1
qemu_nbd,3,2,-1
kqemu_enabled,1,2,1
act.sa_handler,3,3,0
sigwait,1,1,0
block_objs,2,3,1
fd_set,17,3,-14
kqemu_cpu_interrupt,1,2,1
ai.aio_num,3,1,-2
rdfds,4,1,-3
__glibc__,7,2,-5
fd_zero,9,2,-7
0x00000002,5,3,-2
qemu_savevm_state_iterate,2,1,-1
qemu_vm_file_version_compat,1,1,0
qemu_vm_section_end,1,1,0
qemu_vm_section_part,1,1,0
qemu_put_byte,6,6,0
qemu_vm_section_start,1,1,0
qemu_savevm_state_begin,2,1,-1
save_live_state,2,1,-1
loadstateentry,2,1,-1
save_state,1,1,0
qemu_vm_file_version,1,1,0
qemu_loadvm_state,2,1,-1
qemu_vm_file_magic,1,1,0
cur_pos,1,1,0
fpr,6,4,-2
nvram_writeb,1,1,0
ds1225y_t,1,1,0
nvram_read,1,1,0
8k,1,2,1
nvram-,2,1,-1
hw.h,6,2,-4
code_gen_buffer_size,4,1,-3
code_gen_max_size,2,1,-1
code_gen_size,2,1,-1
cpu_gen_code,2,1,-1
float128_sub,1,1,0
float64_to_int32,2,1,-1
float64_to_float32,1,1,0
float128,2,1,-1
use_precise_emulation,1,1,0
float64_div,2,1,-1
float128_to_float64,1,1,0
1.0,12,2,-10
x509verify,1,1,0
cert,1,2,1
gnutls_datum_t,2,1,-1
tls_session,1,1,0
certificates,2,3,1
validating,1,1,0
zynqmp,2,2,0
-11,1,1,0
tpm_pt-,5,2,-3
cancel_path,2,1,-1
msr_core_perf_global_ctrl,1,1,0
cpu_x86_cpuid,1,2,1
msr_core_perf_fixed_ctr_ctrl,1,1,0
0xff00,8,2,-6
kvm_msr_entry_add,4,1,-3
msr_core_perf_global_status,1,1,0
ver,3,1,-2
msr_core_perf_global_ovf_ctrl,1,1,0
saved_auxv,1,1,0
auxv,2,1,-1
dlinfo_items,1,1,0
auxv_len,1,1,0
qcow2_alloc_clusters_at,4,1,-3
causing,4,3,-1
nbdstructuredreplychunk,1,2,1
nbdclient,4,4,0
nbd_reply_type_none,1,2,1
structured,4,2,-2
nbd_reply_flag_done,1,1,0
xbzrle.encoded_buf,1,2,1
encoded_buf,1,1,0
current_buf,1,1,0
cirrus_addr_mask,2,3,1
dst++,1,1,0
tb_page_addr_fmt,1,1,0
target_abi_fmt_lx,1,1,0
2g,6,1,-5
imgproto=file,1,1,0
config=,3,2,-1
0x80010000,1,1,0
4g,2,2,0
test_img_file=,2,2,0
exhaust,1,1,0
imgfmt=qcow2,1,1,0
zero-length,2,1,-1
re-write,1,1,0
pressure,1,1,0
nbd:127.0.0.1:10810,1,1,0
output=,3,2,-1
197,1,1,0
bdrv_append,1,1,0
log.debug,1,1,0
self._qemu_full_args,1,1,0
'error,5,1,-4
qtest-obj-y,4,2,-2
num_queues,3,3,0
dst_addr,1,2,1
define_prop_unsigned_nodefault,1,1,0
pmsav7_dregion,4,1,-3
async_safe_run_on_cpu,2,3,1
current_cs_base,2,1,-1
0x68,3,1,-2
current_pc,2,1,-1
longjmps,1,1,0
current_flags,2,1,-1
mem_io_pc,3,1,-2
cpu_loop_exit_noexc,2,1,-1
icount_decr.u16.low,8,1,-7
check_insn_opc_removed,1,1,0
decoded,1,2,1
0x29,4,3,-1
mem_idx,2,8,6
0x2d,4,2,-2
0x1e,8,5,-3
mips_hflag_um,3,2,-1
0x23,4,1,-3
eva,1,1,0
absent,6,2,-4
isa_mips32r6,3,1,-2
cp0_config5,2,1,-1
cpu_to_le16,10,7,-3
bootsector-,1,1,0
sectors_per_cluster,2,1,-1
adjusted,2,2,0
fat32,2,1,-1
bootsector,1,1,0
switch_v7m_sp,2,2,0
v7m.control,8,5,-3
~r_v7m_control_npriv_mask,1,1,0
r_v7m_control_spsel_mask,6,2,-4
spsel,5,2,-3
r_v7m_control_npriv_mask,2,1,-1
others,15,3,-12
quickly,2,3,1
bdrv_block_eof,1,1,0
file_pnum,3,1,-2
continues,3,1,-2
learned,1,2,1
ret2,10,1,-9
libfdt,2,2,0
dtc,4,3,-1
packages,3,3,0
1.4.2,1,1,0
ge,4,1,-3
libfdt-dev,1,1,0
hs-,1,2,1
penv,1,1,0
envlist,1,2,1
target_environ,1,1,0
bdrv_drain_recurse,2,1,-1
modifies,1,3,2
waited,4,3,-1
bql,11,5,-6
'auth,1,1,0
rados,1,3,2
consumes,2,1,-1
_win32_winnt,1,1,0
entercriticalsection,1,2,1
win32,8,6,-2
pthread_cond_signal,1,3,2
contention,2,1,-1
slice,1,3,2
pthread_cond_broadcast,2,1,-1
signaled,4,3,-1
unlock,3,1,-2
cond_broadcast,2,1,-1
wake-up,2,1,-1
0x0600,2,1,-1
incremented,4,3,-1
owned,4,2,-2
leavecriticalsection,1,2,1
getcurrentthreadid,2,2,0
cond-,1,1,0
waiter,1,1,0
signaling,2,3,1
life,1,1,0
adapters,1,1,0
dpy_refresh,1,1,0
dpy,5,2,-3
refresh,3,2,-1
cpu_log_mmu,1,1,0
address=,1,1,0
tlbret_match,1,1,0
halves,10,1,-9
cmp_bytes,1,3,2
con-,4,6,2
dpy_gfx_update,2,1,-1
listeners,1,2,1
dst_y,1,2,1
dst_x,1,2,1
active_console,3,3,0
virtio_free_region_cache,1,1,0
rcu,9,3,-6
call_rcu,4,3,-1
caches,9,1,-8
.vring.caches,1,1,0
vringmemoryregioncaches,1,1,0
vring.caches,1,1,0
vms_struct,2,1,-1
curr_elem,1,1,0
vmstate_info_nullptr.put,1,1,0
lremovexattr,2,1,-1
pt_removexattr,1,1,0
insns_left,5,1,-4
cpu_exec_nocache,6,1,-5
last_tb,6,1,-5
jmp_list_next,3,1,-2
pba,1,5,4
msix_cap_length,1,1,0
msix_init_exclusive_bar,1,1,0
bar_nr,1,1,0
resides,3,1,-2
puts,2,2,0
pci_add_capability2,1,1,0
table_bar,1,2,1
chip-,2,2,0
address_space_stq,1,1,0
address_space_ldq,1,2,1
8192,6,3,-3
rom_size,5,3,-2
virtio_f_version_1,5,3,-2
host_features,16,2,-14
virtio-pci,2,2,0
blk_aio_pdiscard,1,1,0
re-run,1,2,1
'0xab,1,2,1
'0x64,1,2,1
..........,2,1,-1
'16m,1,2,1
'0xfe,1,2,1
stubs,5,3,-2
'256k,1,2,1
self.hmp_io_writes,1,2,1
coherent,3,2,-1
drive1,1,2,1
'64k,1,2,1
'32736k,1,2,1
backups,1,2,1
qerr_missing_parameter,8,2,-6
maxevents,1,2,1
epoll_event,3,1,-2
alloca,3,1,-2
g_try_new,2,4,2
put_fid,1,1,0
mmio.size,1,1,0
mmio.pci_base,1,1,0
ret-,9,1,-8
pci_hole_size,1,1,0
pci_hole_start,2,1,-1
spapr_machine_class,3,2,-1
++sl-,1,1,0
sl-,1,1,0
virtio_notify_config,1,1,0
virtio_vdev_has_feature,4,2,-2
error_vreport,1,1,0
virtio_set_status,2,1,-1
uart-,1,1,0
ch,24,5,-19
qemu_chr_fe_write,2,5,3
max_ssid,3,1,-2
real_cssid,1,1,0
254,1,3,2
wnames,1,1,0
\\n,3,1,-2
gettimeofday,2,2,0
qemu_,2,2,0
dist,3,2,-1
lpcr_vpm0,1,2,1
relevant,7,1,-6
slb_lookup,2,1,-1
970,7,4,-3
0x0fffffffffffffffull,2,1,-1
slb_esid_v,2,1,-1
ppc_hash64_set_isi,1,1,0
unbounded,3,3,0
vpm,1,1,0
powerpc_excp_power7,1,1,0
qapi_clone,2,1,-1
incomplete,5,3,-2
assertions,3,2,-1
inherit,5,2,-3
dealloc,1,3,2
visited,2,3,1
enums,1,2,1
asserted,3,1,-2
genericlist,6,2,-4
constructed,1,2,1
thread_cpu,3,3,0
taskstate,4,6,2
signal_mask,3,2,-1
originated,1,2,1
process_pending_signals,3,2,-1
unblocked,1,1,0
mainly,1,1,0
sigsuspend,2,2,0
nonzero,9,4,-5
do_sigprocmask,1,1,0
sigstop,1,2,1
vga_seq_clock_mode,1,2,1
vga_sr01_char_clk_8dots,1,2,1
line_compare,1,2,1
migration_parameter_tls_creds,1,1,0
unset,10,7,-3
'cpu-throttle-increment,1,1,0
valueint,2,1,-1
use_int_value,2,1,-1
parameters.tls_creds,5,2,-3
migration_parameter_tls_hostname,1,1,0
'server,7,1,-6
has_decompress_threads,4,1,-3
'tls-hostname,1,1,0
has_tls_creds,3,1,-2
validated,5,2,-3
'client,3,1,-2
migrationparameter_lookup,3,1,-2
has_cpu_throttle_increment,3,1,-2
has_cpu_throttle_initial,3,1,-2
parameters.tls_hostname,5,1,-4
unsecured,1,1,0
2.7,9,3,-6
'cpu-throttle-initial,1,1,0
tls-hostname,2,1,-1
has_compress_threads,4,1,-3
has_compress_level,3,1,-2
identity,4,1,-3
valuestr,3,1,-2
has_tls_hostname,3,1,-2
qmp_migrate_set_parameters,2,1,-1
establishing,2,1,-1
outgoing,2,1,-1
'tls-creds,1,1,0
spapr-pci-vfio-host-bridge,2,1,-1
vfio_container_ioctl,3,1,-2
spapr_tce_new_table,3,1,-2
spapr_phb_vfio_finish_realize,1,1,0
iommu_root,2,1,-1
svphb-,1,1,0
finish_realize,2,1,-1
iommugroupid,1,1,0
.argsz,5,1,-4
bus_offset,3,1,-2
spaprtcetable,6,3,-3
spapr_phb_vfio_properties,1,1,0
spaprphbclass,2,2,0
spc-,2,2,0
spaprphbvfiostate,1,1,0
vfio_iommu_spapr_tce_info,2,1,-1
spapr-vfio,1,1,0
spc,3,3,0
info.dma32_window_start,3,1,-2
svphb,1,1,0
type_spapr_pci_vfio_host_bridge,1,1,0
spapr_tce_page_shift,3,2,-1
spapr_pci_host_bridge_class,2,1,-1
spapr_pci_vfio_host_bridge,1,1,0
spapr_tce_get_iommu,4,1,-3
info.dma32_window_size,3,1,-2
sphb,10,3,-7
vfio_check_extension,2,1,-1
phb.iommu_as,1,1,0
phb.dma_liobn,1,1,0
tcet,8,4,-4
vfio_iommu_spapr_tce_get_info,3,1,-2
virtio_balloon,2,2,0
follows,12,4,-8
balloon_stats_supported,1,1,0
virtio_notify,2,1,-1
max_rsp_len,1,1,0
ibs-,3,1,-2
ipmibmcsim,2,1,-1
ibs,2,1,-1
__gnuc__,6,4,-2
__apple__,5,3,-2
self._fields,1,1,0
soft,4,1,-3
writing\n,1,1,0
name.translate,1,1,0
ticklish,1,1,0
ptrdiff_t,5,2,-3
2.07,1,2,1
powerpc_mmu_2_06a,1,1,0
0x00000004,5,2,-3
"1,0",1,1,0
object_property_add,20,3,-17
conf.bootindex,1,1,0
fw_boot_order,1,1,0
bootindex,3,1,-2
check_boot_index,1,1,0
qbool_get_bool,1,1,0
button,8,1,-7
autorelease,2,1,-1
nsapp,1,1,0
alert,1,2,1
sender,4,2,-2
qemucocoaappcontroller,1,2,1
normalwindow,2,1,-1
drc_index_id_mask,1,1,0
drc_index_type_shift,1,1,0
dpy_gfx_check_format,1,1,0
byteswap,1,3,2
pixman_format_code_t,1,1,0
pci_config,1,1,0
~size_mask,1,1,0
initially,4,2,-2
base_offset,1,1,0
xen_pt_log,2,1,-1
host_mask,1,2,1
host=0x,1,1,0
reg_entry-,1,1,0
over-write,1,1,0
excluding,2,1,-1
bh_lock,2,1,-1
first_bh,4,2,-2
~511,6,3,-3
bat_offset,1,3,2
itask-,2,3,1
iscsi_service,1,2,1
reconnect,3,1,-2
event_timer,1,1,0
timed,2,1,-1
250,5,3,-2
iscsi_set_events,5,4,-1
hardcode,1,1,0
iscsi_url-,3,3,0
iscsi_timed_set_events,1,1,0
event_interval,1,1,0
aes_encrypt,1,1,0
aes_decrypt,1,1,0
unlike,8,4,-4
cmsg_level,1,2,1
cmsg,1,3,2
msg_flags,1,1,0
truncation,1,1,0
overflow\n,1,1,0
dealing,3,2,-1
target_data,1,1,0
cmsg_type,1,2,1
cmsg-,1,2,1
smb_dir,2,2,0
/tmp/qemu-smb.xxxxxx,1,1,0
mkdtemp,2,1,-1
coreaudio_init_out,1,1,0
no_init_out,1,1,0
qpa_init_in,1,1,0
wav_init_out,1,1,0
oss_init_in,1,1,0
audsettings,1,1,0
alsa_init_out,1,1,0
oss_init_out,1,1,0
qpa_init_out,1,1,0
no_init_in,1,1,0
sdl_init_out,1,1,0
dsound_init_in,1,1,0
dsound_init_out,1,1,0
alsa_init_in,1,1,0
acceptable,4,3,-1
ifname,5,3,-2
ifname=,2,1,-1
script=,1,1,0
downscript=,1,1,0
recv,4,5,1
wexitstatus,2,3,1
wifexited,3,3,0
socketpair,1,3,2
tcg_gen_ext32s_i64,2,1,-1
tcg_gen_shri_i64,2,2,0
tcg_gen_and_i64,3,1,-2
tcg_gen_xor_i64,2,2,0
fn11,2,1,-1
float_round_to_zero,3,1,-2
conversions,2,1,-1
.datamatch,1,2,1
.fd,9,3,-6
kvm_ioeventfd,2,2,0
kvm_dist_get,1,1,0
gic_set_group,2,1,-1
all_cpu_mask,5,1,-4
gic_test_group,4,1,-3
to_kernel,1,1,0
gic_internal,4,2,-2
kvm_gicd_access,1,1,0
kvm_dist_put,1,1,0
for_each_irq_reg,1,1,0
active_rules,1,1,0
rule-,2,1,-1
options.inject.immediately,1,1,0
blkdebugrule,2,1,-1
active_next,1,1,0
remove_rule,1,1,0
qemu_boot_set,1,2,1
boot_set_handler,2,1,-1
normal_boot_order,1,2,1
validate_bootdevices,4,1,-3
machine_class-,5,1,-4
st_atime,1,1,0
st_blksize,1,1,0
st_blocks,2,1,-1
st_size,1,1,0
st_gid,4,1,-3
st_ctime,1,1,0
st_uid,4,1,-3
st_mode,4,1,-3
st_nlink,1,1,0
st_mtime,1,1,0
65,4,2,-2
do_test_throttle,1,1,0
tk,1,1,0
null-co,1,1,0
blockstats,1,2,1
'iops,1,1,0
rd_bytes,1,1,0
discrete,2,1,-1
self.do_test_throttle,1,1,0
check_limit,1,1,0
0.9,1,2,1
self.asserttrue,6,3,-3
nsec_per_sec,2,1,-1
drain,11,1,-10
self.test_img,1,1,0
submit,4,3,-1
robust,2,1,-1
'blockdev-backup,4,1,-3
backup_run,1,1,0
query-block-jobs,1,1,0
blockdev-backup,2,1,-1
bdrv_set_aio_context,4,1,-3
qerr_device_not_found,8,2,-6
json-string,12,4,-8
drive-backup,5,1,-4
json-int,9,2,-7
blockjobinfo.type,1,1,0
block_op_type_backup_source,2,1,-1
devicenotfound,8,1,-7
block_job_cb,4,1,-3
point-in-time,2,1,-1
redundantly,1,1,0
possibilities,1,2,1
'blockdevbackup,1,1,0
bdrv_op_unblock_all,5,2,-3
uart_lsr_thre,3,5,2
uart_fcr_fe,1,3,2
uart_lsr_temt,1,2,1
lsr,6,6,0
thr_ipending,1,4,3
fcr,2,3,1
xmit_fifo,2,5,3
killed,3,2,-1
bdrv_clear_incoming_migration_all,1,1,0
bdrv_o_incoming,2,1,-1
scsi_req_enqueue,1,2,1
sreq,3,2,-1
sreq-,2,2,0
bdrv_io_unplug,2,1,-1
qvirtio_blk_timeout,1,2,1
start_time,1,2,1
qvirtio_blk_timeout_us,1,2,1
qvirtio_wait_queue_isr,2,3,1
gint64,3,2,-1
drive_del,1,3,2
local_errp,1,2,1
host_offset,7,2,-5
alloc_cluster_offset,1,1,0
lst,1,2,1
appended,1,2,1
i-1,3,2,-1
setjmp,3,2,-1
tables-,8,3,-5
pc-i440fx-1.7,1,1,0
pc-i440fx-2.1,1,1,0
caused,4,4,0
plenty,1,2,1
course,3,3,0
acpi_build_legacy_cpu_aml_size,1,1,0
facs,2,1,-1
1.7,3,1,-2
piix4,3,1,-2
g_array_set_size,3,2,-1
97,3,2,-1
stable,3,3,0
sizing,1,1,0
unfortunately,5,5,0
-smp,11,3,-8
iasl,1,2,1
rtas_write_pci_config,1,1,0
rtas_nvram_store,1,1,0
rtas_next,1,1,0
check_exception,1,1,0
rtas_ibm_query_interrupt_source_number,1,1,0
rtas_ibm_change_msi,1,1,0
rtas_read_pci_config,1,1,0
rtas_table,2,1,-1
twice\n,3,2,-1
rtas_ibm_read_pci_config,1,1,0
rtas_ibm_write_pci_config,1,1,0
.fn,1,1,0
rtas_nvram_fetch,1,1,0
qemu_chr_fe_get_msgfds,2,1,-1
baseport,1,1,0
port_offset,1,1,0
sheepdoginode,1,1,0
tmpb,1,1,0
tmpb=,1,1,0
qemu-conf-,1,1,0
tmpdir1,1,1,0
/qemu-conf-,1,1,0
acpi_pcihp_prop_bsel,1,2,1
last_x,1,2,1
last_y,1,1,0
gd_is_grab_active,3,1,-2
b.lo,1,2,1
b.hi,1,2,1
a.hi,1,2,1
a.lo,1,2,1
\xff\xff\xff\xff\xff\xff\xff\xff,2,2,0
header.backing_file_offset,2,1,-1
offset_backing_file_offset,1,3,2
ownership,10,5,-5
has_cache,1,1,0
has_direct,1,1,0
value/pteg,1,1,0
htab_mask,6,1,-5
external_htab,5,1,-4
hash_pte_size_64,5,1,-4
normalized,1,1,0
pteg_off,3,2,-1
htabsize,4,1,-3
ppc_store_sdr1,1,1,0
htab_base,6,2,-4
spr_sdr1,8,2,-6
normalize,3,2,-1
sregs.u.s.sdr1,1,2,1
sdr1,9,3,-6
~7ull,1,1,0
hash_pteg_size_64,3,1,-2
hptes_per_group,3,1,-2
pteg,6,1,-5
std,5,4,-1
gen_qemu_st64,1,1,0
ppc2_lsq_isa207,1,2,1
powerpc_excp_align,1,2,1
le_mode,3,2,-1
insns_flags2,15,3,-12
stq,1,1,0
invalid_handle_value,3,1,-2
nodalink,1,2,1
quorumchildrequest,2,1,-1
2010,10,5,-5
quorum,2,4,2
canet,1,2,1
benoit.canet,1,2,1
individual,8,3,-5
qcrs,3,3,0
eurl,1,1,0
vmfd,2,3,1
-s-,1,2,1
has_status,2,1,-1
iscsi_readcapacity_sync,1,1,0
parse_header_digest,1,1,0
parse_chap,2,1,-1
readcapacity16,1,3,2
user/password,2,1,-1
iscsi_context,5,4,-1
bdrv_sector_size.,1,1,0
header-digest,1,1,0
initiator,2,1,-1
readcapacity10,1,3,2
use_local_qiov,1,1,0
serialising,3,1,-2
r_next,1,1,0
suspended_reqs,1,1,0
blkdebugsuspendedreq,1,1,0
error_set_from_qdev_prop_error,2,2,0
jmp_pc,1,1,0
excp_syscall,1,1,0
object_get_canonical_path,1,5,4
new_image_mode_existing,2,1,-1
vscr,2,1,-1
ppc_avr_t,2,2,0
mmu-hash64.o,2,1,-1
ccr,5,1,-4
spe_fscr,1,1,0
em_ppc64,1,1,0
112,2,1,-1
aneesh,1,1,0
avr,2,1,-1
vrsave,1,1,0
aneesh.kumar,1,1,0
ctr,6,1,-5
k.v,1,1,0
env.nip,2,1,-1
vsx,7,1,-6
seqlock_init,1,1,0
timers_state.vm_clock_seqlock,1,1,0
seqlock_write_lock,1,1,0
cpu_get_clock_locked,1,1,0
seqlock,1,1,0
seqlock_read_begin,2,1,-1
seqlock_read_retry,2,1,-1
seqlock_write_unlock,1,1,0
qemuseqlock,1,1,0
aio_siblings,1,1,0
bdrvsheepdogstate,2,4,2
inflight_aio_head,1,1,0
pty_chr_update_read_handler,2,1,-1
.refcount_order,1,1,0
header.refcount_order,1,1,0
qemumachineinitargs,1,1,0
pc_init_pci,3,1,-2
pc_q35_init,2,2,0
pat,4,1,-3
pci_info.w64.begin,1,1,0
pci_host_prop_pci_hole64_end,2,1,-1
0x100000000ull,3,2,-1
w64.end,2,2,0
hw/pci/pci_host.h,1,1,0
0xe0000000,9,1,-8
pcpciinfo,1,1,0
pci_host_prop_pci_hole64_start,2,1,-1
type_pci_host_bridge,1,1,0
mtrr,3,1,-2
ambiguous,4,1,-3
pci_info-,1,1,0
pci_info,1,1,0
pci_hole64_start,1,1,0
object_resolve_path_type,4,2,-2
pc_init_pci64_hole,1,1,0
i440fxstate,1,1,0
pci_info.w32.end,1,1,0
io_apic_default_address,2,1,-1
pci_host_prop_pci_hole_start,2,1,-1
pci_hole64_size,2,1,-1
w64.begin,2,2,0
pci_host_prop_pci_hole_end,2,1,-1
i440fx_pci_host_bridge,1,1,0
machine_opts,2,2,0
qemu_opt_get_size,8,2,-6
ioport,2,3,1
max_phys_addr,1,1,0
section.offset_within_address_space,1,1,0
section.size,2,1,-1
max_phys_addr_space_bits,1,1,0
0x00008000,2,3,1
__asm,3,2,-1
1\n\t,1,4,3
dsp,7,4,-3
virtio_ring_f_indirect_desc,1,2,1
qemu/queue.h,4,1,-3
dev.started,1,1,0
ifeq,12,5,-7
sense_size,1,1,0
config_virtio,1,1,0
virtio_scsi_common,3,3,0
vhostfd,1,3,2
qemu\n,1,1,0
vhost_scsi,2,2,0
hw/virtio/virtio-scsi.h,1,1,0
virtio_f_notify_on_empty,7,2,-5
guest_features,5,2,-3
vhostscsi,3,2,-1
dev.features,1,1,0
upgrade,2,3,1
cdb_size,4,1,-3
dev.nvqs,2,1,-1
irqfd,2,2,0
virtio_ring_f_event_idx,5,1,-4
virtio_scsi_f_hotplug,4,1,-3
config.h,2,1,-1
virtioscsicommon,3,4,1
binding-,1,2,1
virtio_blk_dma_restart_cb,1,1,0
4bd8aebf3534e10d9aa21e820903f2cf9120708c,1,1,0
mouse_mode_notifier,1,1,0
end_sector,2,1,-1
fdctrl_transfer_handler,1,1,0
dma_schedule,1,1,0
fdctrl_start_transfer,1,1,0
dma_chann,6,1,-5
fd_dir_read,2,1,-1
fdctrl_unimplemented,1,1,0
fd_cmd_verify,1,1,0
recall,1,1,0
get_supported_cpuid,3,1,-2
x2apic,5,2,-3
sound,4,1,-3
'-device,1,1,0
hxcomm,3,2,-1
qemu_arch_all,7,2,-5
-help,1,1,0
properties\n,1,2,1
uhci,3,3,0
uhci_td,2,1,-1
td-,5,1,-4
uhciqueue,2,1,-1
td_ctrl_active,1,1,0
uhci_queue_free,1,1,0
td_addr,1,3,2
td,12,3,-9
curr_qh,3,1,-2
plink,1,1,0
asyncs,2,1,-1
uhcistate,4,1,-3
usbendpoint,3,3,0
uhciasync,3,2,-1
first-,1,2,1
const_args,3,1,-2
gen_arith,2,1,-1
lest,1,1,0
valgrind_make_mem_defined,1,1,0
valgrind/memcheck.h,1,1,0
valgrind/valgrind.h,1,1,0
config_valgrind_h,1,1,0
active_console-,3,1,-2
ldq_p,5,2,-3
concurrency,1,2,1
0x40ull,1,1,0
vp,2,1,-1
stq_p,7,1,-6
dependency,7,1,-6
qemu-,2,2,0
pid_t,4,3,-1
sig_dfl,2,2,0
quite,6,3,-3
_exit,4,2,-2
execle,1,1,0
environ,3,1,-2
qerr_unsupported,5,2,-3
exit_success,8,1,-7
approach,1,2,1
cfg9346,1,3,2
cfg9346_normal,1,3,2
chip9346_op_mask,1,3,2
insque,1,1,0
resolution,3,3,0
re-queue,1,1,0
slirp,12,2,-10
requeued++,1,1,0
ifm-,3,1,-2
if_queued,3,1,-2
expired,7,1,-6
next_m,2,1,-1
if_encap,1,1,0
ifqt,2,1,-1
from_batchq,1,1,0
subst,6,3,-3
setvbuf,1,1,0
migration_state_notifiers,2,2,0
qemu_file_has_error,1,1,0
notifier_list_notify,6,2,-4
addrrange,1,1,0
wide,7,1,-6
end_transfer_func,2,1,-1
ide_transfer_stop,2,1,-1
drq_stat,1,1,0
ide_sector_read,1,1,0
eps,1,2,1
rl,4,1,-3
qh_epchar_rl,1,1,0
halt,7,2,-5
qtd_token_babble,1,1,0
tbytes,1,1,0
qtd_token_ioc,1,1,0
hash=,5,1,-4
pg_addr=,1,1,0
qemu_aio_count,2,1,-1
rbd_aio_read,1,2,1
rbd_aio_write,1,1,0
06d0bdd9e2e20377b3180e4986b14c8549b393e4,1,1,0
cc975646af69f279396d4d5e1379ac6af80ee637,1,1,0
nicstate,1,1,0
tcg_ctx,6,1,-5
config_debug_tcg,4,2,-2
fscanf,1,1,0
rtas_r3,1,1,0
roms=,1,1,0
obj-ppc-y,3,2,-1
spapr_rtas_call,1,1,0
hcalls,1,1,0
spapr_hcall.o,1,1,0
cr0_pe_mask,5,4,-1
dev.speed,1,1,0
dfd,3,2,-1
usbhostdevice,4,2,-2
usb_host_find_device,1,1,0
usb_speed_low,1,1,0
usb_max_endpoints,1,1,0
usb_speed_full,2,1,-1
/dev/,1,1,0
devpath,2,2,0
madvise,1,2,1
absence,4,1,-3
sys/mman.h,5,2,-3
solaris,3,3,0
qemu_madv_dontneed,1,1,0
config_madvise,1,1,0
config_posix_madvise,1,1,0
sys/types.h,4,2,-2
madv_mergeable,1,1,0
synchronous,12,2,-10
current_tb,10,1,-9
scsi_bus_legacy_handle_cmdline,1,1,0
scsi_dev,3,1,-2
psref,1,2,1
mmu_mode0_suffix,1,1,0
mmu_mode1_suffix,1,1,0
psrpil,2,2,0
mmu_mode4_suffix,2,1,-1
hpstate,1,1,0
mmu_mode5_suffix,1,1,0
mmu_mode3_suffix,2,1,-1
psrs,1,2,1
mmu_mode2_suffix,1,1,0
psr,2,2,0
qemu_free_irqs,1,1,0
dmmu.mmu_primary_context,1,1,0
strmmu,1,1,0
dprintf_mmu,2,1,-1
.tte,1,1,0
dmmu.mmu_secondary_context,1,1,0
dump_mmu,1,1,0
replace_tlb_entry,1,1,0
qemu_error_sink-,1,1,0
ref_clusters,1,1,0
pci_bar_unmapped,2,1,-1
last_addr,2,1,-1
husb,3,1,-2
buffer_len,2,1,-1
buffer_length,2,1,-1
max_eth_frame_size,1,2,1
tx_buffer_size,1,1,0
virtio_net_vm_version,1,1,0
allmulti,1,2,1
cpuid_data.entries,3,1,-2
kvm_cpuid_flag_stateful_func,1,1,0
cpuid_i++,3,1,-2
kvm_cpuid_flag_state_read_next,1,1,0
ent,8,2,-6
coalesced_mmio,2,2,0
kvm_ioctl,4,2,-2
kvm_coalesce_mmio_region,1,1,0
zone,3,1,-2
virtualization,5,2,-3
side-effect,1,1,0
ent-,2,1,-1
kvm_cap_coalesced_mmio,2,2,0
kvm_uncoalesce_mmio_region,1,1,0
off_cur_end,2,1,-1
cirrus_blt_dstaddr,2,2,0
off_cur,2,1,-1
rop_func,1,1,0
cirrus_rop,1,2,1
bytesperline,2,1,-1
tb_add_jump,1,1,0
gen_func,1,1,0
sa.sa_restorer,1,1,0
r_es,11,4,-7
xss,1,1,0
r_ds,10,4,-6
__powerpc__,3,1,-2
portable,4,1,-3
tb_next,1,1,0
modulo,1,3,2
co_queue_next,2,2,0
atomic_mb_read,5,2,-3
qemu/coroutine_int.h,1,1,0
co-routine,1,3,2
prompt,7,3,-4
file.filename=,1,2,1
appear,13,2,-11
qmp_capabilities,6,2,-4
bitmap0,1,1,0
2147418112,1,1,0
.\,2,1,-1
'test_dir/t.imgfmt.itmd,2,1,-1
2147352576,1,1,0
node-name,19,3,-16
backing_file=test_dir/t.imgfmt.itmd,1,1,0
196608/196608,3,1,-2
2147287040,1,1,0
qmp_version,4,2,-2
slow,4,5,1
block-dirty-bitmap-add,2,1,-1
097,1,1,0
bdrv_o_check,2,2,0
seccomp,1,2,1
address_space_access_valid,3,1,-2
icp_prop_xics,1,1,0
icp_prop_cpu,1,1,0
vudev,2,2,0
net_socket_fd_init,3,2,-1
parse_host_port,3,2,-1
saddr_len,1,1,0
socklen_t,10,5,-5
dhcp,2,2,0
net.s_addr,1,1,0
trailing,9,5,-4
smb,1,3,2
dns,3,3,0
mask.s_addr,1,1,0
host.s_addr,1,1,0
dns.s_addr,1,1,0
dhcp.s_addr,1,1,0
self.assert_no_active_block_jobs,7,3,-4
bdrv_query_bds_stats,1,1,0
query-named-block-nodes,1,1,0
bs0,1,2,1
bs0-,1,2,1
backing_bs,7,1,-6
insertion,5,1,-4
difference,8,2,-6
interface=,1,1,0
backing_file_depth,3,2,-1
query_backing,1,1,0
commit_top,1,1,0
si,7,3,-4
siginfo_t,4,3,-1
tb_jmp_page_size,1,1,0
i0,1,2,1
tb_jmp_cache_size,1,1,0
tb_jmp_cache_hash_page,1,1,0
co_queue_wakeup,2,1,-1
beware,3,2,-1
wakeups,1,1,0
woken,2,2,0
traversing,4,1,-3
hw/pci/msix.h,1,1,0
'block-stream,6,3,-3
......................,1,2,1
ccw_dev,2,1,-1
ccwdevice,2,1,-1
cpu_index_to_instance_props,1,1,0
'cpuinstanceproperties,1,1,0
cpuinstanceproperties,1,1,0
2.10,11,2,-9
same_el,4,1,-3
access_type,15,5,-10
syn,1,2,1
somehow,4,1,-3
fsc,2,1,-1
lpae,3,1,-2
fi.s1ptw,1,1,0
fsr,10,1,-9
blk_resume_after_migration,1,1,0
blk_set_perm,1,1,0
shared_perm,7,1,-6
disable_perm,1,1,0
blockbackends,5,2,-3
revoke,1,1,0
notifies,4,1,-3
blk_all_next,2,1,-1
serial0,2,1,-1
tmpname,2,1,-1
loc_push_restore,2,1,-1
qapi/qobject-input-visitor.h,1,1,0
visit_type_blockdevoptions,1,1,0
qapi-visit.h,8,2,-6
has_arg,8,2,-6
loc,8,1,-7
loc_pop,3,1,-2
loc_save,3,1,-2
dp-,2,1,-1
excess,2,1,-1
key=value,1,1,0
overlong,3,1,-2
=val,1,1,0
qdict_get_qdict,9,7,-2
wins,2,2,0
k.,1,1,0
rejects,1,1,0
misinterpreted,1,1,0
x=,1,1,0
v9p-,2,2,0
sm_local_mode_bits,4,3,-1
cleint,2,2,0
xattr,6,4,-2
fc_mode|s_ifreg,1,1,0
ghashtable,8,2,-6
tos-,5,1,-4
qslist_entry,2,1,-1
nicer,1,2,1
errname,1,1,0
qslist_foreach,1,1,0
errname-,1,1,0
qobject_input_push,1,1,0
g_string_prepend,1,1,0
stackobject,5,1,-4
leads,2,1,-1
g_string_truncate,1,1,0
visiting,1,2,1
s_ifreg,1,1,0
fc_rdev,4,2,-2
v9fs_sec_mask,2,1,-1
sm_local_mode_bits|s_ifreg,1,1,0
mknod,1,1,0
mknodat,1,1,0
cpu_tb_exec,3,1,-2
sigsetjmp,4,2,-2
orig_tb,6,1,-5
jmp_env,5,1,-4
cf_ignore_icount,1,1,0
cf_nocache,4,1,-3
tb_phys_invalidate,7,1,-6
tb_lock_reset,2,1,-1
cpu_exec_step_atomic,1,1,0
have_mmap_lock,1,1,0
tb_free,2,1,-1
tb_unlock,6,3,-3
'key',2,1,-1
'key,5,1,-4
qemu_real_host_page_size,4,2,-2
categories,3,1,-2
wdt_ctrl,1,1,0
wdt_restart,1,1,0
scu,2,1,-1
wdt_reset_wdith,1,1,0
sysemu/watchdog.h,1,1,0
watchdog_perform_action,1,2,1
qemu/timer.h,14,3,-11
wdt_timeout_status,1,1,0
aspeed,3,1,-2
config_aspeed_soc,3,1,-2
vmstate_timer_ptr,2,2,0
wdt_timeout_clear,1,1,0
wdt_status,1,1,0
.valid.unaligned,1,1,0
vmstate_uint32_array,1,2,1
0x4755,1,1,0
wdt_reload_value,1,1,0
aspeedwdtstate,1,1,0
wdt_restart_magic,1,1,0
ideally,6,2,-4
breakpoint_invalidate,2,3,1
.as,2,2,0
grabbed,1,2,1
max_write_zeroes_bounce_buffer,3,1,-2
max_write_zeroes,6,1,-5
raz,8,1,-7
mp_affinity,2,1,-1
mp-affinity,1,1,0
kvm_irqchip_commit_routes,2,2,0
routing,6,3,-3
kvm_has_gsi_routing,1,1,0
kvm_init_irq_routing,1,1,0
kvm_irqchip_add_irq_route,1,1,0
kvm_gsi_routing_allowed,1,1,0
kvm_gsi_direct_mapping,2,1,-1
kvm_gsi_routing_enabled,1,1,0
vhost_vring_file,1,1,0
gqueue,1,1,0
ppc_interrupt_ext,1,1,0
powerpc_excp_external,1,2,1
circumstances,1,1,0
hid5,2,1,-1
41,8,1,-7
powerpc_mmu_64b,5,1,-4
0x2000000000000000ull,1,1,0
lpid,1,1,0
kvm_reg_ppc_lpcr,1,1,0
powerpc_mmu_2_07,2,1,-1
0xffffull,1,1,0
partitionning,1,1,0
74xx,3,1,-2
thermal,1,1,0
whenever,9,2,-7
lifted,2,1,-1
fixes,8,2,-6
block_job_type_backup,1,1,0
common.busy,2,2,0
sr_pc,1,3,2
config_sdl,3,3,0
display_type,2,3,1
config_cocoa,1,2,1
dt_sdl,1,2,1
ivshmem_common,1,1,0
pcideviceclass,5,3,-2
pci_device_class,4,2,-2
'chardev,1,1,0
vmstate_pci_device,2,1,-1
usb_token_setup,1,2,1
usb_token_out,3,3,0
xenstore_read_fe_uint64,1,1,0
xen_xc,6,2,-4
sring,1,2,1
remote-port,1,1,0
xen_domid,6,3,-3
xendev.dom,1,2,1
buffered_io_page,1,1,0
page-ref,1,1,0
xc_map_foreign_pages,2,2,0
shared_page,2,2,0
prot_read,11,6,-5
prot_write,11,6,-5
mfn,1,2,1
local-port,1,1,0
xc_page_size,2,2,0
rlen,8,3,-5
norintsts,1,1,0
out_cons,4,1,-3
event-,8,3,-5
stubs/replay.o,1,1,0
stubs/cpu-get-icount.o,1,1,0
stubs/clock-warp.o,1,1,0
stubs/notify-event.o,1,1,0
cpu_regs,2,1,-1
tcg_gen_mulu2_i64,2,1,-1
gen_excp,1,1,0
pci-assign,2,2,0
rom_file,1,1,0
cmds,1,1,0
qxlcommandext,1,1,0
hp,2,1,-1
qapischemaarraytype,1,1,0
is_implicit,1,1,0
role,13,3,-10
self._make_members,1,1,0
qapischema._make_implicit_enum_type,2,1,-1
self._make_implicit_object_type,1,1,0
builtins,1,1,0
self._make_array_type,1,1,0
qapischemaenumtype,3,1,-2
element_type,2,2,0
qapischema._make_implicit_object_type,2,1,-1
_make_implicit_object_type,1,1,0
type_name,3,2,-1
self._def_entity,2,1,-1
nb_blocks,2,1,-1
rdmalocalblock,1,1,0
nb_chunks,7,2,-5
nb_sns,3,1,-2
qemufilestdio,1,1,0
mis_current,1,1,0
available_snapshots,1,1,0
stuck,2,1,-1
vfioplatformdevice,3,1,-2
vfio_platform_device,2,1,-1
intp_list,1,1,0
vbasedev,3,1,-2
fail_irqfd,1,1,0
sbdev,4,1,-3
drc_index,6,1,-5
rcr,2,2,0
smc91c111_flush_queued_packets,1,1,0
.can_receive,6,1,-5
visit_start_struct,8,7,-1
tv.tv_sec,8,1,-7
1970,1,1,0
bitnr,3,1,-2
xenstore,1,2,1
dma_addr,3,1,-2
drive_kind,1,1,0
ide_get_sector,1,1,0
io-,3,2,-1
remainder_len,1,1,0
prepend,3,1,-2
prepending,1,1,0
ide_cd,5,1,-4
pmac_ide_transfer_cb,2,1,-1
netdevvhostuseroptions,1,1,0
virtio-net-,1,1,0
backing_image,1,1,0
has_backing_image,1,1,0
var-,3,1,-2
aml_buffer,4,1,-3
buffer_size,7,2,-5
16.2.5.4,5,1,-4
1.0b,6,1,-5
byte_list,4,1,-3
build_append_byte,7,1,-6
de,5,2,-3
cdef,1,1,0
gh,1,1,0
bc,8,1,-7
__sse2__,2,1,-1
fg,3,2,-1
.....,2,1,-1
ef,3,1,-2
abcd,1,1,0
....,2,1,-1
efgh,1,1,0
cmd.prdtl,1,1,0
ahci_shutdown,2,2,0
ahci_boot,1,2,1
tcp:127.0.0.1:1234,1,1,0
-incoming,6,2,-4
cmd.ctba,1,1,0
event-max.json,1,1,0
'character,1,1,0
command-int.json,1,1,0
'enum_name,7,3,-4
redefined-event.json,1,1,0
nongnu.org,3,2,-1
prom_buf,2,1,-1
le32_to_cpup,1,1,0
max_blocksize,2,1,-1
probing,6,4,-2
config-host.h,10,2,-8
build_dir,6,2,-4
pe,2,3,1
bb,1,2,1
spapr_pci_host_bridge_get_class,1,1,0
param_error_exit,1,1,0
rtas_out_success,7,2,-5
rtas_out_no_errors_found,2,1,-1
usb_create_simple,1,2,1
qallocopts,1,1,0
in-use,1,1,0
ahci_free,1,1,0
slot++,1,1,0
vfio_put_group,2,1,-1
vbasedev-,5,1,-4
vfiopcidevice,10,1,-9
qdev_try_create,4,1,-3
usb-hub,1,1,0
shpc-,1,1,0
ntohs,7,1,-6
saddr.sin_addr,2,2,0
saddr.sin_port,2,1,-1
put_user,1,1,0
g_posix_timers,1,1,0
16bit,1,1,0
timerid,1,1,0
migrated,10,1,-9
rising,1,1,0
ier,4,3,-1
iir,2,2,0
edge,6,3,-3
dependencies,5,1,-4
host_words_bigendian,8,1,-7
visit_end_union,1,1,0
visit_start_union,1,2,1
regno,5,1,-4
functional,3,1,-2
test-case,1,1,0
ahci_ghc_ie,1,1,0
guest_alloc,2,2,0
ahci_px_ssts_det,1,1,0
ssts_det_established,1,1,0
pixman,3,1,-2
~0x1ff,1,1,0
footer-,3,2,-1
be32_to_cpu,14,4,-10
injecting,1,1,0
possibility,1,3,2
re-enter,1,1,0
dbg,1,2,1
kvm_arch_insert_sw_breakpoint,1,1,0
interface_check,2,1,-1
non-maskable,2,1,-1
kardashevskiy,1,1,0
alexey,1,1,0
nmi.o,1,1,0
injects,2,1,-1
gconf,2,1,-1
bdrvopblocker,1,1,0
glusterconf,1,1,0
nfsclient,2,2,0
blkmigdevstate,2,1,-1
bat,10,2,-8
desc_sectors,2,1,-1
vhdx_log_sector_size,4,1,-3
qed_aio_complete,1,1,0
max_nb_sectors,1,1,0
libusb_device,1,1,0
devs,6,1,-5
cpu-version,2,1,-1
qp,3,3,0
numerical,2,1,-1
argname,2,4,2
argtype,2,2,0
offset_backing_file_size,1,1,0
offset_backing_file_size=16,1,1,0
2097152,1,1,0
disk2vhd,1,2,1
256m,2,1,-1
init_clocks,3,1,-2
main_loop_tlg.tl,2,1,-1
queue_sel,1,1,0
cp15.c5_insn,1,1,0
.fieldoffset,12,1,-11
cp15.c5_data,1,1,0
maximal,2,2,0
qcow2_discard_never,2,2,0
i=0,10,2,-8
cpuid_ss,2,1,-1
cr4_mce_mask,1,1,0
cpuid_dts,2,1,-1
cpuid_ext_xtpr,2,1,-1
cpuid_ext_tm2,2,1,-1
cpuid_ext_dca,1,1,0
cpuid_ext_pdcm,2,1,-1
cpuid_ext_dscpl,1,1,0
cr4_smap_mask,1,1,0
cr0_wp_mask,7,1,-6
cr4_de_mask,1,1,0
cpuid_ext_vmx,2,2,0
cpuid_ext_osxsave,1,1,0
cpuid_ext_dtes64,1,1,0
cpuid_ext_est,2,1,-1
cr4_pge_mask,1,1,0
cpuid_acpi,2,1,-1
cpuid_ext_hypervisor,1,1,0
cr4_smep_mask,4,2,-2
cr4_pse_mask,3,1,-2
cpuid_pbe,2,1,-1
cpuid_tm,2,1,-1
committed,2,2,0
committing,2,2,0
unwritten,1,1,0
~qcow2_incompat_dirty,1,1,0
lazy_refcounts=on,2,1,-1
backing_file=,3,1,-2
qcow2_mark_clean,2,2,0
sdt-,3,2,-1
exp_sdt-,1,1,0
.4s,1,1,0
aml_file,1,2,1
asl,3,1,-2
header.signature,3,2,-1
asl_file,2,1,-1
nbd_recv_coroutines_enter_all,1,1,0
nbd_teardown_connection,1,1,0
stdio_file,1,1,0
vrng,3,2,-1
virtio_rng,1,2,1
virtiorng,3,2,-1
qtest_allowed,2,1,-1
config_posix,9,5,-4
early_err,2,1,-1
bs_opts,2,3,1
jsonmessageparser,2,1,-1
qtest_qmpv,1,1,0
json_parser_parse,1,1,0
nesting,7,2,-5
json_message_parser_init,3,1,-2
qtest_qmp,1,1,0
json_message_parser_feed,2,1,-1
nesting++,1,1,0
call\n,2,1,-1
indefinitely,3,1,-2
aioflushhandler,1,1,0
io_flush,4,1,-3
pollfds-,2,1,-1
self.fp,1,1,0
self.get_expr,1,2,1
self.tok,1,3,2
'eins,1,1,0
'good,3,2,-1
evaluate,2,1,-1
'zwei,1,1,0
esc,1,2,1
'bad,3,2,-1
self.exprs.append,1,2,1
'key1,1,1,0
'ugly,2,2,0
mismatched,2,2,0
line.startswith,2,2,0
2\n\t,3,1,-2
mig_state_completed,3,1,-2
new_state,6,3,-3
mig_state_active,4,1,-3
glusterfs,2,1,-1
cptse,1,2,1
hdr_len,1,1,0
.impl,5,2,-3
.max_access_size,9,3,-6
congyang,1,1,0
x.\n,7,1,-6
wency,1,1,0
fujitsu,2,1,-1
hu,1,1,0
simulated,2,1,-1
wen,1,1,0
.min_access_size,7,3,-4
cn.fujitsu.com,2,1,-1
log_disas,1,1,0
prologue,3,1,-2
bdrv_o_native_aio,1,1,0
hmp.outbuf,1,1,0
qstring_append_chr,9,1,-8
qstring_new,11,1,-10
mux_out,3,1,-2
outbuf_index,1,1,0
~word,1,1,0
old_mmio.write,1,1,0
hbi-,1,1,0
compared,6,1,-5
host-utils.h,1,1,0
bitops_ctzl,1,1,0
ffsl,1,1,0
iov_data_len,1,1,0
size_buffer_vt220,1,1,0
can_read,1,1,0
fw_cfg_numa,2,1,-1
acpi_tables_len,2,2,0
fw_cfg_signature,3,1,-2
numa_fw_cfg,1,1,0
hpet_fw_config,1,1,0
hpet_cfg,2,2,0
fw_cfg_file_dir,1,1,0
fw_cfg_hpet,1,1,0
acpi_tables,2,2,0
memory_global_dirty_log_stop,1,1,0
kvm_has_sync_mmu,5,1,-4
gen_load_gpr,3,2,-1
-5,3,1,-2
tcg_gen_xori_tl,3,1,-2
ldl,2,1,-1
0xffffff00,2,1,-1
gen_store_gpr,1,1,0
get_offset,1,1,0
0xfffffffffffffffeull,1,1,0
-7,1,1,0
do_lbu,1,1,0
0x00ffffff,4,2,-2
memory_region_transaction_depth,1,1,0
backing_hd-,5,4,-1
nul-terminated,2,2,0
transactional,6,1,-5
new_bs-,3,1,-2
new_bs,6,1,-5
bdrv_reopen,3,3,0
chr_event_closed,3,2,-1
mon_fdset,1,1,0
dup_fds,1,1,0
mon_refcount,1,1,0
mon_fdset_fd-,2,1,-1
mon_fdsets,1,1,0
monfdset,1,1,0
x86_64_only,1,1,0
sane,6,2,-4
ordering,9,1,-8
barriers,4,1,-3
pretty,2,2,0
pci_setup_iommu,2,1,-1
'io,1,1,0
'shutdown,2,2,0
'unknown,3,2,-1
'vendor_id,1,1,0
'ibm/s390,1,1,0
'flags,3,2,-1
0x010,1,1,0
++ei,2,1,-1
config_iovec,1,1,0
msg.msg_iov,1,2,1
winsock2.h,2,1,-1
qemu_recv,1,1,0
iov_send_recv,1,1,0
msghdr,1,2,1
sendmsg,1,3,2
msg.msg_iovlen,1,2,1
qemu_socket.h,2,3,1
windows.h,6,2,-4
iov_send,1,2,1
diff,19,6,-13
inclusive,2,1,-1
recvmsg,1,4,3
isolate,1,1,0
bootfile,2,1,-1
netclientoptions,1,1,0
new_opts,1,1,0
ips,1,1,0
non-msix,1,2,1
net_client_options_kind_none,2,1,-1
sndbuf,4,1,-3
old_opts,1,1,0
net_init_tap,1,1,0
qemuoptdesc,5,1,-4
downscript,3,1,-2
tftp,2,1,-1
net_client_options_kind_nic,5,1,-4
udp,8,4,-4
net_client_options_kind_socket,2,1,-1
config_net_bridge,1,1,0
net_client_init_fun,3,1,-2
net_client_options_kind_tap,3,1,-2
net_common_params_desc,1,2,1
qemu_opt_size,8,1,-7
vlanstate,4,6,2
net_client_options_kind_user,2,1,-1
bootp,2,1,-1
qapi/opts-visitor.h,1,1,0
fragmented,4,1,-3
mfence,1,1,0
__gnuc_minor__,2,1,-1
overkill,3,2,-1
"0,0",1,1,0
__i386__,10,2,-8
eieio,1,2,1
host=,3,1,-2
close_unused_images,1,1,0
visit_type_userdefone,2,1,-1
output_visitor_test_add,1,1,0
enum1,3,1,-2
out_visitor_data,1,1,0
userdefone,2,1,-1
testoutputvisitordata,1,1,0
bdrv_commit,2,1,-1
bit_prop_set,2,1,-1
.parse,1,2,1
priu8,1,3,2
.print,3,1,-2
qemu_find_vlan,1,1,0
req.cmd.xfer,3,2,-1
heap-allocated,1,1,0
sg-,1,1,0
v9fs_co_preadv,1,1,0
v9fs_co_pwritev,1,1,0
iovecs,3,2,-1
pdu_marshal,2,2,0
guard.replace,1,1,0
guard.upper,1,1,0
.split,1,3,2
.upper,3,1,-2
.replace,2,1,-1
.rsplit,1,1,0
'_h',1,1,0
src_str,1,1,0
previous_active_console,1,1,0
console_select,1,1,0
hw_screen_dump,1,1,0
previous_active_console-,1,1,0
no_error,1,2,1
0xfffffffful,2,1,-1
dw,2,1,-1
setfilepointer,1,1,0
file_begin,1,1,0
invalid_set_file_pointer,1,1,0
tls_port,2,1,-1
smart_selftest_data,2,1,-1
ide_dma_buf_sectors,2,1,-1
src2,1,2,1
cpu_dst,3,3,0
src1,2,2,0
cpu_cc_src,4,1,-3
vnc_connect,1,1,0
listen_fd,3,1,-2
.error_fmt,5,3,-2
'class,6,4,-2
do_nodelay,1,1,0
'addclientfailed,1,1,0
qbus.name,4,1,-3
max_nr_ports,3,1,-2
vser-,5,3,-2
virtioserialbus,1,1,0
53,3,2,-1
cards,6,1,-5
simplified,3,1,-2
qemu_thread_signal,2,1,-1
kvm_cap_mp_state,2,1,-1
kvm_cap_ext_cpuid,1,1,0
unmodified,1,3,2
must_have_caps,1,1,0
kvm_cap_nop_io_delay,3,1,-2
hooks,1,1,0
must_have_caps=,1,1,0
list++,1,1,0
kvm_cap_sync_mmu,3,1,-2
kvm-kmod,1,1,0
kvm_cap_clocksource,3,1,-2
2.6.29+,1,1,0
//sourceforge.net/projects/kvm,1,1,0
phys_ram_base,9,1,-8
kvm_cap_pv_mmu,3,1,-2
kvm_cap_user_nmi,2,1,-1
coalesced_mmio_ring,1,1,0
condexec_mask,7,1,-6
complications,1,1,0
restoration,1,1,0
unexpectedly,2,1,-1
condexec_cond,7,1,-6
pc/it,1,1,0
gen_exception_insn,6,1,-5
condexec,3,1,-2
condexec_bits,2,4,2
non-static,1,1,0
gen_set_condexec,5,1,-4
prototype,2,1,-1
install_data,2,1,-1
target_arch,4,1,-3
destdir,3,1,-2
arglist,1,1,0
.d,7,2,-5
install_dir,1,1,0
progs,1,1,0
get_state,1,1,0
keyword,5,2,-3
datadir,3,2,-1
bindir,4,2,-2
17d3e46511aeedc9f09a8216d194d749187b80aa,1,1,0
incoming_expected,1,1,0
errors++,3,3,0
check_refcounts_l1\n,2,2,0
refcounts.\n,1,1,0
nb_csectors,5,2,-3
check_refcounts_l2,2,1,-1
s0,2,1,-1
l2meta,3,3,0
has_host_dev,2,1,-1
has_nic,2,1,-1
en,9,2,-7
type=,6,3,-3
span,1,1,0
71,3,1,-2
f0,5,1,-4
xml-aware,1,1,0
bitsize=,2,1,-1
tt_dfault,1,1,0
ps_pef,1,1,0
target_abi32,9,1,-8
tt_dprot,1,1,0
cpu_interrupts_enabled,3,1,-2
ps_red,1,1,0
tt_ivec,1,1,0
ps_am,1,1,0
growable\n,1,1,0
growable,7,3,-4
protocol_name,3,1,-2
irq_coalesced,3,1,-2
irq_coalesced++,1,1,0
rtc_td_hack,3,1,-2
apic_get_irq_delivered,3,1,-2
rtc_coalesced_timer_update,1,1,0
rtc_reg_c,3,1,-2
apic_reset_irq_delivered,3,1,-2
~cpu_interrupt_exit,1,1,0
old_mask,1,1,0
threadsafe,2,1,-1
read-modify-write,3,1,-2
_vnc_debug,2,1,-1
config_vnc_tls,4,2,-2
mktimegm,2,1,-1
tick_offset,1,1,0
qemu_get_timedate,1,2,1
rtc_offset,1,1,0
code64,5,1,-4
tval,1,1,0
0x001a,1,1,0
tcg_gen_helper_0_1,1,1,0
tcg_gen_helper_0_0,1,1,0
ssr,1,1,0
fpscr_pr,2,1,-1
0x000a,1,1,0
0x0012,1,2,1
searched_pc,1,1,0
micro,4,1,-3
search_pc,1,1,0
tc_ptr,4,1,-3
resolve,6,2,-4
cur_drv,1,1,0
0x4d,1,1,0
0x4b,3,2,-1
0x57,3,2,-1
orig_size,1,1,0
is_imm,1,1,0
nwindows,1,1,0
first_client,2,2,0
ne2000_buffer_full,1,1,0
e8390_stop,1,1,0
rate-limit,2,1,-1
ne2000state,2,1,-1
ioreadhandler,1,2,1
tap_receive,1,1,0
fd_can_read,2,2,0
slirp_receive,1,1,0
slirp_vc,1,2,1
vlan-,5,3,-2
succeeded,5,2,-3
be64_to_cpus,4,2,-2
offset_data,1,1,0
suspect,3,1,-2
nbd_co_receive_reply,2,1,-1
nbd_reply_type_offset_data,1,1,0
nbd_read,6,2,-4
ldq_be_p,2,1,-1
-error,2,1,-1
lduw_be_p,5,2,-3
nbd_reply_type_offset_hole,1,1,0
nbd_errno_to_system_errno,1,1,0
tqh_last,1,1,0
.next,2,1,-1
tcg_op_buf_count,2,1,-1
insn_start_idx,2,1,-1
field.tqe_prev,1,1,0
tcg_ctx-,1,1,0
tcgop,1,1,0
cur_bytes,4,2,-2
tpm_find,1,1,0
props.tse,1,1,0
dbgout,2,1,-1
vmstate_uint8_v,1,1,0
vmstate_uint16_v,2,2,0
props.hdr_len,1,1,0
vmstate_uint32_v,2,1,-1
e1000_txd_cmd_tse,1,1,0
tcp/udp,1,1,0
txerr,1,1,0
la1,2,1,-1
mo_teq,2,1,-1
i2,2,1,-1
m1_64,1,1,0
s390_feat_stfle_45,1,1,0
insn-,1,1,0
getprocaddress,1,1,0
osversioninfo,1,1,0
tx_dropped,1,1,0
tx_bytes,2,1,-1
tx_packets,1,1,0
rx_packets,1,1,0
rx_dropped,1,1,0
hmodule,2,1,-1
getversionex,1,1,0
rx_bytes,2,1,-1
stats-,1,4,3
be_driver,2,1,-1
phys_section_unassigned,4,1,-3
section_covers_addr,1,1,0
map.sections,2,1,-1
mru_section,1,1,0
expectations,1,1,0
bdrv_block_offset_mask,5,1,-4
local_map,1,1,0
bdrv_co_get_block_status,5,1,-4
~bdrv_block_offset_mask,3,1,-2
local_file,3,1,-2
type_spapr_cpu_core,4,1,-3
cpu_type,3,1,-2
iam,2,1,-1
violated,1,1,0
16-byte,1,1,0
closes,3,3,0
ancillary,1,1,0
fsdev/,2,1,-1
daemon,2,1,-1
systemd,1,1,0
big-endian,5,1,-4
quiet,6,4,-2
.pod,2,1,-1
virtfs,2,2,0
document,7,2,-5
exposes,7,1,-6
qemu's,2,1,-1
detailed,4,1,-3
fsdev,8,3,-5
0x5e,2,1,-1
consists,2,1,-1
virtfs=no,1,1,0
activation,1,1,0
invoking,1,1,0
requested_features,3,1,-2
definition\n,3,1,-2
m68k,4,2,-2
visit_end_struct,9,7,-2
opts_get_visitor,1,2,1
768,1,1,0
set_feature,10,3,-7
trivial,5,1,-4
host_str,2,1,-1
pf_inet,3,2,-1
sock_dgram,1,2,1
laddr,1,2,1
inet_aton,1,2,1
kvm-hv,2,1,-1
kvm_set_sregs,1,3,2
post,3,1,-2
kvm-pr,1,1,0
querying,4,1,-3
kvmppc_is_pr,3,1,-2
trace_colo_compare_miscompare,2,2,0
trace_colo_filter_rewriter_debug,1,1,0
tcg_gen_andi_i64,5,3,-2
disp,2,3,1
symlinks,1,2,1
eloop,1,1,0
nbd_opt_lookup,2,2,0
toupper,3,1,-2
hmc,1,1,0
mimic,2,1,-1
qemu_toupper,2,1,-1
qemu_tolower,1,1,0
g_hash_table_iter_next,4,1,-3
g_hash_table_iter_init,4,1,-3
sectors_read,3,1,-2
io_sectors,5,2,-3
bdrv_poll_while,5,1,-4
-yy,2,1,-1
apt,4,1,-3
build-essential,1,1,0
at_fdcwd,1,1,0
config_utimensat,3,1,-2
bytes_xmit,2,1,-1
ram_save_flag_compress,3,1,-2
bytes_transferred,6,1,-5
save_page_header,1,1,0
vring.avail,3,1,-2
run_state_suspended,3,1,-2
sparc64,9,3,-6
mo_64,4,1,-3
mo_32,5,1,-4
tcg_out_arithi,1,1,0
ht,1,1,0
unrecognized,5,3,-2
pqs,1,1,0
la,2,1,-1
ho,1,1,0
ce6o,1,1,0
pt,6,1,-5
hf,3,1,-2
he6o,1,1,0
upt,2,1,-1
.num,4,3,-1
.used,4,1,-3
isa-cirrus-vga,2,1,-1
cirrus-vga,2,1,-1
normally,15,2,-13
mr_size,1,1,0
hc-,5,2,-3
uhci3,1,1,0
uhci2,1,1,0
ehci1,1,1,0
uhci1,1,1,0
qhc,1,1,0
mbr,3,1,-2
qemu_thread_is_self,3,3,0
map_populate,1,1,0
sig_unblock,1,2,1
simultaneously,2,1,-1
.env,4,2,-2
siglongjmp,3,1,-2
r_v7m_ccr_stkalign_mask,1,1,0
v7m.vecbase,1,2,1
lockup,1,1,0
v7m_push_stack,1,2,1
architecturally,5,3,-2
pushing,3,1,-2
hardfault,4,1,-3
xpsr,2,2,0
tlb_invalid_mask|tlb_mmio|tlb_notdirty,1,1,0
addr_code,1,1,0
tlb_v_table,1,1,0
te,1,1,0
tlb_set_page_with_attrs,1,1,0
tlb_reset_dirty_range,3,1,-2
vtlb,1,1,0
correctness,1,2,1
cputlbentry,6,2,-4
tlb_entry-,2,1,-1
orig_addr,1,1,0
straight,4,1,-3
tlbe,1,1,0
tv,9,1,-8
tmptlb,1,1,0
assert_cpu_is_self,1,1,0
tlb_is_dirty_ram,1,1,0
vidx,1,1,0
tn.addr_write,1,1,0
respond,3,1,-2
te-,1,1,0
tlb_entry,1,2,1
reasons,7,2,-5
i-,7,1,-6
deadlocks,1,1,0
decides,1,2,1
usbsts,2,1,-1
vmstate_bool,11,4,-7
er,2,3,1
ioapiccommonstate,1,2,1
reallocating,1,1,0
fpcsr,1,1,0
often,12,1,-11
architectural,13,1,-12
invalidates,4,2,-2
qcrypto_cipher_free,2,3,1
ipsr,1,1,0
xpsr_write,2,2,0
unpriv,1,1,0
0xf8000000,2,1,-1
apsr,1,1,0
0x000001ff,1,1,0
nvdimmdsmin,12,1,-11
set_label_data-,2,1,-1
set_label_data,2,1,-1
p9req,1,1,0
le16_to_cpus,1,1,0
le32_to_cpus,8,1,-7
v9p,3,1,-2
v9fs_qtest_pci_add,1,1,0
free_head,3,1,-2
g_printerr,3,1,-2
g_assert_cmpmem,2,1,-1
hdr.tag,1,1,0
hdr.size,1,1,0
qvirtio9p,3,1,-2
qvirtqueue_add,3,1,-2
well-known,2,1,-1
qvirtqueue_kick,3,1,-2
fs_version,1,1,0
memwrite,3,3,0
hardcoded,2,1,-1
r_size,1,1,0
module_call_init,2,1,-1
module_init,2,1,-1
.events,8,2,-6
group++,2,1,-1
virtqueue_detach_element,1,2,1
malformed,6,3,-3
intr_eim,1,1,0
eim=on,1,1,0
kvm_i386.h,1,1,0
cpu_list_unlock,1,2,1
replaystate,2,1,-1
replay_events_enabled,2,1,-1
replay_enable_events,2,1,-1
replay_disable_events,2,1,-1
request_id++,1,1,0
reqid,2,1,-1
request_id,1,1,0
outlen,1,1,0
sw,3,1,-2
0x83,3,2,-1
psw.addr,5,1,-4
map-,1,1,0
0.2f,4,1,-3
fd_trans_target_to_host_data,1,1,0
msg.msg_iov-,1,1,0
host_msg,1,1,0
g_io_out|g_io_hup,1,2,1
tsr_retry,3,3,0
max_xmit_retry,3,3,0
watch_tag,1,1,0
qemu_chr_fe_add_watch,6,2,-4
serial_watch_cb,1,1,0
started/stopped,1,1,0
assigning,3,2,-1
ioeventfd_started,1,1,0
transport,8,3,-5
virtio_queue_get_host_notifier,1,1,0
virtio_bus_get_device,3,1,-2
event_notifier_cleanup,7,2,-5
virtio_get_queue,2,1,-1
assign_error,2,1,-1
virtio_queue_get_num,2,1,-1
ioeventfd_assign,2,1,-1
check_clash,4,1,-3
m.check_clash,3,1,-2
bdrv_has_blk,3,1,-2
bdrv_next,4,4,0
bdrvnextiterator,1,2,1
bdrv_first,2,2,0
redefine,2,1,-1
linux/fs.h,2,2,0
nbd_handle_reply_err,1,1,0
approaches,2,1,-1
fcr0_ufrp,1,1,0
.cp1_fcr0,1,1,0
fcr0_s,1,1,0
fcr0_prid,1,1,0
active_fpu.fcr31,3,1,-2
fcr0_w,1,1,0
fcr0_d,1,1,0
fcr31_abs2008,1,1,0
fcr0_l,1,1,0
fcr0_f64,3,1,-2
old_bs,5,2,-3
bs_dest-,5,2,-3
bs_src-,5,2,-3
old_bs-,1,1,0
.aiocb,2,2,0
netdev-,2,2,0
next.tqe_prev,1,1,0
.sin_family,1,2,1
.sin_addr,1,2,1
inaddr_loopback,1,3,2
salen,2,2,0
.s_addr,1,2,1
sockaddr_in,8,3,-5
04,3,1,-2
unin_dprintf,1,1,0
virt_gic_redist,2,1,-1
gic_ncpu,3,1,-2
bus_mceerr_ar,2,2,0
target_mask,1,1,0
target_to_host_bitmask,5,1,-4
bus_mceerr_ao,1,2,1
fcntl_flags_tbl,4,1,-3
tswap64,3,1,-2
tinfo,2,2,0
trans,5,1,-4
target_fd_trans,2,1,-1
oldmax,1,1,0
target_fd_max,2,1,-1
p=,3,2,-1
npt,1,2,1
test_machine,3,2,-1
test_migrate_source_check,1,1,0
glib_check_version,8,3,-5
buffering,1,1,0
fseek,7,1,-6
latency_ns,1,1,0
clock_type,4,4,0
start_time_ns,1,3,2
cookie-,2,3,1
blockacctstats,1,3,2
total_time_ns,1,3,2
json-bool,1,1,0
2.5,3,2,-1
bdrv_lookup_bs,6,3,-3
bdrv_find_node,3,1,-2
has_snapshot_node_name,2,1,-1
snapshot_node_name,3,1,-2
hcyl,1,1,0
bdrv_unref_child,1,3,2
curpag,1,1,0
dstat,1,2,1
overwrites,2,1,-1
subsequent,13,4,-9
checksum\n,3,1,-2
offloaded,1,1,0
len=,4,3,-1
ip_proto_tcp,1,1,0
recalculate,1,2,1
ip_sum,1,2,1
th_sum,3,1,-2
ip_proto,2,1,-1
ip_id,3,1,-2
tso,1,1,0
synchronize_rcu,2,2,0
max_length,6,2,-4
migration_dirty_pages,1,4,3
ncq,4,1,-3
ncq_tfs,1,1,0
sglist.size,1,1,0
ncq_err,1,1,0
vq_index,1,1,0
arm_feature_crc,1,1,0
arm_feature_thumb2,1,1,0
dual,3,2,-1
arm_feature_thumb_dsp,1,1,0
sel,2,1,-1
pfds,3,1,-2
dirty_memory_migration,5,1,-4
dirty_memory_vga,10,2,-8
ram_list.dirty_memory,2,1,-1
dirty_memory_code,4,1,-3
vregs,1,1,0
env.vregs,1,1,0
preference,3,1,-2
dtb_arg,1,1,0
-dtb,1,1,0
dtb_filename,1,1,0
dtb,4,1,-3
machine_init,1,1,0
x.0,1,1,0
pci_init_multifunction,1,1,0
slot/function,1,1,0
x.,5,2,-3
serial_isa_init,1,1,0
delim,1,1,0
bitmap_sync_count,1,1,0
cache_is_cached,1,1,0
misses,1,1,0
age,1,1,0
conf.num_queues,1,3,2
strncat,1,2,1
105,3,1,-2
4096/4096,2,1,-1
ohci_bm,1,1,0
2.2,4,2,-2
600,1,1,0
signal.signal,1,1,0
alarm,4,1,-3
signal.sigalrm,1,1,0
vring_teardown,1,2,1
cirrus_vga,1,1,0
vram_size_mb,1,1,0
virtconsole,3,1,-2
retains,2,1,-1
ports_map,1,1,0
uc.tuc_mcontext,3,1,-2
d0,11,1,-10
sf_sc,1,1,0
b1d4dc908401719c5de78c25313cf82c7cd1d602,1,1,0
suggest,1,1,0
glfs_init,1,1,0
vmstate_int32,7,1,-6
mst,4,1,-3
//wiki.qemu.org/securityprocess,1,1,0
tsirkin,5,1,-4
michael,11,1,-10
aliguori,14,3,-11
s.,19,1,-18
-parallels,1,1,0
imgfmt=parallels,1,1,0
parallels,8,1,-7
\xff\xff\xff\xff\xff\xff\x00\x00,1,2,1
unrecoverable,2,1,-1
hub,5,2,-3
has_dirty,1,1,0
spapr_register_hypercall,4,2,-2
h_parameter,5,4,-1
spapr_tce_find_by_liobn,3,1,-2
itask.complete,3,1,-2
qtailq_init,13,4,-9
qom-core-obj,1,1,0
tests/check-qom-interface.o,1,1,0
tests/check-qom-interface,1,1,0
bdrv_opt_mem_align,5,1,-4
bl.opt_mem_alignment,2,1,-1
buffer_alignment,3,1,-2
opt_mem_alignment,1,1,0
device_unplugged,1,1,0
virtio-balloon,3,1,-2
virtio_balloon_device_exit,1,1,0
detached,1,1,0
libgnutls-dev,2,1,-1
targets=s390x-softmmu,1,2,1
enable-sparse,1,2,1
libsdl1.2-dev,2,1,-1
targets=i386-softmmu,2,2,0
targets=sh4-softmmu,1,1,0
core_pkgs,1,1,0
targets=ppc-softmmu,1,1,0
libncurses5-dev,2,1,-1
libseccomp-dev,2,1,-1
target-list=,1,2,1
targets=arm-softmmu,1,2,1
extra_pkgs,1,1,0
libvte-2.90-dev,2,1,-1
targets=mips-softmmu,1,2,1
-qq,2,1,-1
test_cmd=,4,2,-2
librados-dev,2,1,-1
targets=sparc-softmmu,1,1,0
libgtk-3-dev,2,1,-1
apt-get,3,1,-2
targets=m68k-softmmu,1,1,0
alpha-linux-user,1,2,1
net_pkgs=,1,1,0
apart,5,2,-3
builds,6,3,-3
before_install,1,1,0
targets=unicore32-softmmu,1,1,0
libspice-protocol-dev,2,1,-1
libpixman-1-dev,2,1,-1
extra_pkgs=,1,1,0
targets=cris-softmmu,1,1,0
language,3,1,-2
libnss3-dev,2,1,-1
libspice-server-dev,2,1,-1
libusb-1.0-0-dev,2,1,-1
liburcu-dev,2,1,-1
targets=microblaze-softmmu,1,1,0
gui_pkgs=,1,1,0
core_pkgs=,1,1,0
libpng12-dev,2,1,-1
targets=or32-softmmu,1,2,1
gui_pkgs,1,1,0
liblttng-ust-dev,2,1,-1
test_cmd,1,1,0
extra_config=,3,2,-1
libssh2-1-dev,2,1,-1
libiscsi-dev,2,1,-1
net_pkgs,1,1,0
0xcf,2,1,-1
0x94,2,1,-1
0xa2,2,1,-1
0x63,3,1,-2
0xc7,4,2,-2
0xa4,2,1,-1
0x8a,2,1,-1
throttle_account,1,1,0
elapsed,3,1,-2
throttle_init,3,1,-2
op_size,1,1,0
timer_opaque,1,1,0
throttle_leak_bucket,1,2,1
throttleconfig,2,1,-1
throttle_destroy,2,1,-1
throttlestate,2,1,-1
max_wait,3,1,-2
throttle_conflicting,1,1,0
throttle_compute_wait,1,1,0
throttle_config,1,1,0
throttle_have_timer,1,1,0
computation,1,1,0
cpsr_a,1,1,0
cpsr_ge,1,1,0
cpsr_t,3,1,-2
cpsr_it_2_7,1,1,0
cpsr_i,1,1,0
cp15.c2_control,1,1,0
cpsr_e,2,1,-1
cpsr_it_0_1,1,1,0
mpidr,1,1,0
cpsr_f,2,1,-1
cpsr_q,1,1,0
tb_invalidate_phys_page,2,1,-1
bounce.len,1,1,0
memory_access_is_direct,3,1,-2
qemu_ram_ptr_length,3,1,-2
address_space_translate,2,1,-1
xlat,3,1,-2
bounce.addr,1,1,0
slot-,3,3,0
pt-,1,1,0
value.number,1,1,0
type-,3,2,-1
qom/object.c,1,1,0
class-,6,1,-5
'suspended,1,1,0
'save-vm,1,1,0
'running,2,1,-1
'watchdog,1,1,0
'guest-panicked,1,1,0
libtool=,1,1,0
libtool,2,1,-1
helper_,4,1,-3
ac,4,2,-2
mipsdsp_llo,1,1,0
sbytes,1,1,0
ph.version,2,1,-1
-emediumtype,2,2,0
header_version,2,2,0
ph,1,2,1
force_dr6_update,1,1,0
bp_watchpoint_hit,3,1,-2
cpu_watchpoint,2,1,-1
check_hw_breakpoints,2,1,-1
cpudefinitioninfolist,1,2,1
contributions,5,2,-3
arch_query_cpu_definitions,1,1,0
cpu_list,3,1,-2
16s\n,1,1,0
cpudefinitioninfo,1,2,1
kilobytes,2,2,0
terabytes,1,1,0
gigabytes,1,2,1
a810e4e72a0d42c7bc04eda57382f8e019add901,1,1,0
__freebsd_kernel__,4,3,-1
sys/times.h,1,1,0
__dragonfly__,4,3,-1
malloc.h,1,1,0
netinet/in.h,4,1,-3
fcntl.h,6,1,-5
sys/select.h,3,1,-2
termios.h,1,1,0
net/if.h,3,1,-2
sys/wait.h,2,1,-1
dirent.h,1,1,0
config_bsd,1,1,0
libutil.h,1,2,1
sys/time.h,5,1,-4
netdb.h,1,1,0
dma_buf_read,1,1,0
scsi_read_data,2,2,0
places,5,1,-4
cdbs,1,1,0
srs,1,2,1
gcc_weak,1,1,0
qerr_not_supported,1,1,0
1.2.0,1,1,0
query-cpu-definitions,2,2,0
receiver,2,1,-1
monitor_event_state,1,1,0
milliseconds,11,1,-10
globally,1,1,0
emits,1,1,0
monitorevent,1,1,0
event=,1,1,0
monitor_json_emitter,3,1,-2
event_name,5,2,-3
qemu_mod_timer_ns,2,1,-1
scale_ms,7,1,-6
dispatch,10,4,-6
balloon,3,2,-1
qemu-thread.h,2,2,0
rmb,1,1,0
__powerpc64__,5,1,-4
last_avail_idx,4,1,-3
keep_clusters,2,1,-1
count_cow_clusters,1,1,0
pci_device_get_class,1,1,0
dev.qdev,7,3,-4
qdev_free,3,1,-2
pci0_hotplug_enable,1,1,0
bcr_mc,1,1,0
tmd.status,2,1,-1
0xa000,1,1,0
csr_loop,3,1,-2
bcr,1,1,0
tmds,2,1,-1
bswap32,7,1,-6
arm_ldl_code,2,1,-1
arm_lduw_code,2,1,-1
gaddr,1,1,0
halfword,5,1,-4
bswap16,3,1,-2
disasm_info.endian,1,1,0
reverse,11,3,-8
ldl_code,1,1,0
bswap_code,3,1,-2
ehdr-,2,1,-1
bfd_endian_little,1,1,0
get_user_u32,2,1,-1
get_user_u16,3,1,-2
bfd_endian_big,1,1,0
print_insn_arm,1,1,0
print_insn,1,1,0
guest.ds-,1,2,1
num_reqs,3,2,-1
s_isreg,1,1,0
scsi_req_cancel,2,2,0
graf,6,1,-5
pir,3,1,-2
e500v2,2,1,-1
stw_p,7,1,-6
semiconductor,2,1,-1
spr_pir,1,1,0
load_info,1,1,0
stb_p,1,1,0
spanning,2,1,-1
mas7_3,1,1,0
suse.de,6,1,-5
mas2_m,1,1,0
sysemu.h,12,3,-9
mmubooke_create_initial_mapping,1,1,0
freescale,4,1,-3
env_idx,1,1,0
alexander,6,1,-5
booke206_get_tlbm,1,1,0
boot_info,2,1,-1
ldub_p,1,1,0
mas2,2,1,-1
ppcmas_tlb_t,2,1,-1
agraf,6,1,-5
curspin-,1,1,0
epapr,1,1,0
mas1,2,1,-1
spin_kick,1,1,0
0x2b,6,1,-5
blank,9,3,-6
maintenance_out,1,1,0
write_same_10,1,1,0
load_unload,1,1,0
erase_16,1,1,0
maintenance_in,1,1,0
write_same_16,3,1,-2
hardware_error,1,1,0
sense.key,4,2,-2
nexus,1,1,0
sense.asc,1,1,0
scsi_build_sense,1,1,0
scsi_req_dequeue,1,2,1
invalid_opcode,3,2,-1
sense.ascq,2,2,0
i_t,1,1,0
enomem,5,3,-2
tag=0x,2,2,0
0xf0,20,3,-17
0x72,3,1,-2
ascq,2,1,-1
refcount++,1,1,0
scsi_free_request,1,1,0
.free_req,1,2,1
-len,4,1,-3
oldpath_size,1,2,1
cpu_v1,1,2,1
kvm_inject_x86_mce,3,2,-1
mcg_status_mcip,4,2,-2
cpu_inject_x86_mce,1,1,0
mcg_status_ripv,3,2,-1
mcgstatus,1,1,0
kvm_mce_broadcast_rest,2,1,-1
mcm_addr_phys,2,2,0
mce_broadcast,1,1,0
qemu_inject_x86_mce,2,1,-1
abort_on_error,2,2,0
value.s,3,1,-2
get_option_parameter,5,1,-4
qemuoptionparameter,6,1,-5
svga_bitmap_size,2,2,0
svga_pixmap_size,1,2,1
cursor.bpp,2,2,0
cursor.image,1,2,1
descend,2,1,-1
table_nelems,1,1,0
.result,1,1,0
result-,5,3,-2
.s,4,1,-3
enhanced,3,1,-2
unreferenced,1,1,0
header.l1_table_offset,1,2,1
check-,5,1,-4
table-,5,2,-3
qed_check,2,1,-1
scanned,1,1,0
last_error,1,2,1
fileserver,2,1,-1
uid/gid,5,1,-4
ctx.fs_sm,1,1,0
sm_none,1,1,0
advanced,4,1,-3
-fsdev,5,2,-3
path=path,3,1,-2
fse-,5,1,-4
-virtfs,3,1,-2
security_model=none,3,1,-2
mapped|passthrough,1,1,0
mount_tag=tag,1,1,0
security_model,8,2,-6
id=id,6,1,-5
security_model=,5,1,-4
mapped|passthrough|none,2,1,-1
rezero_unit,1,1,0
seek_10,1,1,0
mode_select_10,1,1,0
mode_select,2,2,0
bs_snapshots,1,1,0
bdrv_can_snapshot,4,3,-1
qemu_fopen_bdrv,1,1,0
load_vmstate,2,1,-1
bdrv_snapshot_goto,1,1,0
pcii440fxstate,1,2,1
bdrv_sector_mask,2,1,-1
set_option_parameter_int,1,1,0
kvm_cpu_synchronize_post_init,1,1,0
kvm_put_runtime_state,1,1,0
cpu_synchronize_post_init,3,1,-2
touched,1,1,0
kvm_cpu_synchronize_post_reset,1,1,0
kvm_put_reset_state,1,2,1
kvm_arch_put_registers,1,2,1
cpu_synchronize_post_reset,1,1,0
cpu_synchronize_all_post_init,1,1,0
cpu_synchronize_all_states,3,1,-2
cpkt,1,1,0
mftb,1,1,0
mfspr,1,1,0
~0x3,1,2,1
msix_page_size,1,1,0
0x000f0000,4,2,-2
vm_mask,4,1,-3
segmentcache,2,2,0
ldt,3,1,-2
0xff000000,13,1,-12
honor,1,2,1
gdt,3,1,-2
load_seg,4,1,-3
dt-,3,2,-1
lx\n,4,1,-3
llx\n,1,1,0
parameters\n,1,1,0
llx,7,1,-6
pwd.h,1,1,0
pw_gid,1,1,0
pwd-,1,1,0
dup2,3,1,-2
passwd,6,1,-5
daemonize,1,2,1
\n\t,7,1,-6
sequences,8,1,-7
sdl_grab_on,1,2,1
gui_grab,3,3,0
sdl_show_cursor,1,2,1
hf_svmi_mask,1,1,0
fault\n,3,1,-2
old_exception,3,1,-2
pipe\n,1,2,1
pthread_t,3,1,-2
posix_aio_flush,1,1,0
us.ibm.com,16,2,-14
tid,1,3,2
qemu_service_io,2,1,-1
signalfd\n,1,2,1
posix_aio_state-,1,1,0
posix_aio_state,1,1,0
qemu_signalfd_siginfo,1,2,1
2008,12,2,-10
config_aio,1,1,0
sys_signalfd,1,2,1
pthread_attr_init,1,1,0
sigusr2,3,1,-2
pthread_attr_t,1,1,0
pthread.h,4,3,-1
_gnu_source,2,3,1
qemu_eventfd,4,1,-3
sys/syscall.h,4,2,-2
pthread_attr_destroy,1,1,0
rdt,1,2,1
do_raise_exception,3,2,-1
~0xffffffffull,2,1,-1
svn,2,1,-1
sparc32,4,1,-3
0600,2,2,0
phys_ram_fd,2,1,-1
t64,3,2,-1
dma_as,7,1,-6
opcode-,1,1,0
nbd_negotiate_send_rep_err,1,1,0
nbd_reject_length,1,1,0
optlen,1,2,1
nbd_drop,2,1,-1
_filter_img_info,1,1,0
secret0=,1,1,0
test_img_base=,1,1,0
data=astrochicken,1,1,0
backing.encrypt.key-secret=sec0,1,1,0
id=sec0,1,1,0
sha256,6,1,-5
sec0,1,1,0
encrypt.key-secret=sec1,1,1,0
test_img_save=,9,1,-8
backing.file.filename=,3,1,-2
encrypt.iter-time=10,1,1,0
encrypt.format=luks,1,1,0
test_img_base,1,1,0
imgspec,1,1,0
secret1,1,1,0
encrypt,4,2,-2
size=16777216,1,1,0
test_dir/t.imgfmt.base,2,2,0
size=16m,1,1,0
imgspecbase,1,1,0
backing.driver=,2,1,-1
secret0,1,1,0
16777216/16777216,1,1,0
iters,2,1,-1
qemu_io_options=,2,1,-1
imgspecbase=,1,1,0
16777216,1,1,0
data=furby,1,1,0
imgspec=,1,1,0
secret1=,1,1,0
qemu_io_options_no_fmt,1,1,0
262144,2,1,-1
encrypt.key-secret=sec0,1,1,0
test_img_save,10,1,-9
overlay,7,3,-4
owner=berrange,1,1,0
id=sec1,1,1,0
arm_v7m_mmu_idx_for_secstate_and_priv,1,1,0
arm_v7m_mmu_idx_for_secstate,2,1,-1
cur_mon-,3,2,-1
mon_cpu,1,1,0
address_error,1,1,0
io_len,3,2,-1
ppc32,1,1,0
atomic_set__nocheck,1,1,0
net_checksum_calculate,7,1,-6
chars\n,1,1,0
instance_init,6,1,-5
writeout,2,2,0
sock_fd,3,1,-2
mmuaccesstype,2,1,-1
physaddr,4,1,-3
free_and_fail,2,1,-1
dz,1,1,0
oss,3,1,-2
bdrv_open_common,2,1,-1
bdrv_co_pwrite_zeroes,3,1,-2
port=,4,1,-3
xen_map_cache,1,1,0
data=0x,1,2,1
port=0x,1,1,0
cpu_ioreq_move,1,1,0
xen_ram_alloc,2,1,-1
abs_pointer_wanted,1,1,0
data_is_ptr,1,1,0
dir=,2,1,-1
mmu_data_load,3,1,-2
request_sizes,1,1,0
nbd_opt_go,2,1,-1
nbd_send_option_request,1,1,0
lose,4,2,-2
0x01010101,1,1,0
dcmd_opcode,1,1,0
sdev,10,3,-7
scsi_req_new,1,1,0
handle_qmp_command,2,2,0
delay_ms,2,1,-1
kbd_timer,1,1,0
256k,1,3,2
size=67109376,1,1,0
snapshotting,2,3,1
262144/262144,1,3,2
discards,1,2,1
pre_plugged,1,1,0
vid,2,1,-1
sd_strerror,1,1,0
rsp-,2,1,-1
legacy_piix,2,1,-1
acpi_pcihp_legacy_size,1,1,0
object_property_add_uint32_ptr,1,1,0
bsel_alloc,1,1,0
bus_bsel,1,1,0
acpi_pcihp_bsel_default,1,1,0
0x000f,5,1,-4
keyvalue-pairs,2,1,-1
password-secret,5,1,-4
grained,1,1,0
rados_create,1,1,0
ceph,1,1,0
qdict_get_try_int,7,1,-6
vec_len,3,1,-2
dup,6,5,-1
epollfd,1,1,0
pollfds,3,1,-2
submission,2,3,1
is_external,2,2,0
aio_epoll_check_poll,1,1,0
try_poll_mode,1,1,0
g_io_err,16,2,-14
add_pollfd,2,1,-1
io_read,8,1,-7
getenv,10,2,-8
polls,1,1,0
epoll_handler.pfd.events,1,1,0
io_write,8,1,-7
aio_node_check,2,2,0
pfd.events,5,1,-4
epoll_handler,1,1,0
epoll_handler.pfd.fd,1,1,0
aio_epoll_enabled,2,1,-1
qemu_poll_ns,3,1,-2
npfd,1,1,0
qemu_soonest_timeout,2,1,-1
aio_epoll,1,1,0
g_io_hup,17,2,-15
dq,1,1,0
rem,1,1,0
throwing,4,1,-3
7000,1,1,0
zynq,2,1,-1
xilinx,6,1,-5
r_brgr,1,1,0
r_bdiv,1,1,0
xscom,1,1,0
pnv_xscom.o,1,1,0
pnv_chip,1,1,0
pnv_core.o,2,1,-1
pnv_chip_get_class,2,1,-1
pnvchip,3,1,-2
pnvchipclass,2,1,-1
x86cpuclass,3,1,-2
x86_cpu_get_class,1,1,0
deviceunrealize,2,1,-1
idebus,2,1,-1
idebus_unrealize,1,1,0
wi.done,1,1,0
compensate,1,2,1
xer_bc,1,2,1
raise_exception_err_ra,1,1,0
cpu_ldub_data_ra,2,1,-1
gen_lswx,1,1,0
cpu_stb_data_ra,2,1,-1
close_htab_fd,1,2,1
ptes,1,1,0
behind,4,4,0
has_dynamic_sysbus,1,1,0
pci_dma_write,3,2,-1
ldl_le_phys,1,1,0
stl_le_phys,3,1,-2
pci_dma_read,4,1,-3
helper_regs.h,1,1,0
deferred,2,1,-1
synchronizing,1,1,0
do_invalidate,1,1,0
fw_dir,2,1,-1
fw_file,2,2,0
msgsz,1,1,0
server_chr-,1,1,0
ivshmem_max_peers,1,1,0
new_min_size,1,2,1
peers,2,1,-1
old_size,1,2,1
.nb_eventfds,1,1,0
g_maxuint16,2,1,-1
msgfd,1,2,1
temporarily,6,3,-3
expiry,3,1,-2
is_unboxed=unboxed,1,1,0
var.type,3,2,-1
c_type=typ.c_type,2,1,-1
pc=0x,1,3,2
differentiate,1,1,0
addressed,1,2,1
var.simple_union_type,2,2,0
deallocate,1,1,0
unboxed,1,1,0
nip=0x,1,1,0
mmu_translate,6,1,-5
mmu_inst_fetch,3,1,-2
catches,1,3,2
pkg-config,6,1,-5
mounted,3,1,-2
os.access,1,1,0
'please,1,2,1
path_debugfs_kvm,1,1,0
dk-,2,1,-1
240,1,1,0
parent_obj.dh_params,1,2,1
creds-,6,2,-4
gnutls_dh_params_deinit,2,1,-1
qsg,1,2,1
dma_acct_start,1,1,0
migration_parameter_compress_level,1,1,0
bandwidth_limit,3,1,-2
rp_state.from_dst_file,1,1,0
migration_parameter_decompress_threads,1,1,0
migration_parameter_compress_threads,1,1,0
downtime,3,1,-2
compress_level,2,1,-1
enabled_capabilities,4,2,-2
migration_status_none,2,1,-1
dirty_sync_count,1,1,0
start_postcopy,1,1,0
mbps,3,1,-2
xbzrle_cache_size,2,1,-1
-8,2,1,-1
sysfs,4,1,-3
rcu_head,3,1,-2
manage,5,2,-3
qemu_madv_hugepage,2,1,-1
prot_exec,1,1,0
full_size,1,1,0
__netbsd__,1,1,0
buf2,2,2,0
ought,2,1,-1
tcg_ctx.code_gen_buffer_size,1,1,0
mprotect,1,3,2
map_exec,1,1,0
steps,7,3,-4
size2,1,1,0
regnames,1,1,0
guest_bpp,1,1,0
guest_ll,1,1,0
mcf_fec_state,2,2,0
frame\n,1,1,0
mcf_fec,1,1,0
emrbr,1,1,0
bd,2,1,-1
qcryptocipher,3,2,-1
say,7,3,-4
qemu_vm_section_footer,1,1,0
le-,1,1,0
footer,3,1,-2
check_section_footer,1,1,0
read_mark,1,1,0
read_section_id,1,1,0
skip_section_footers,1,1,0
monitor_protocol_emitter,5,1,-4
user_print,1,1,0
monitor_suspend,3,1,-2
monitor_resume,2,1,-1
duplicated,1,1,0
encrypted.\n,4,2,-2
bdrv_set_key,5,2,-3
bdrv_is_encrypted,7,2,-5
qemu_read_password,1,2,1
bfi.fragmented_clusters++,1,1,0
bfi.allocated_clusters++,1,1,0
bdrvparallelsstate,3,1,-2
bfi.total_clusters,2,1,-1
bat_bitmap,2,1,-1
image_end_offset,2,1,-1
filter-out,4,1,-3
-wmissing-prototypes,1,1,0
-wold-style-definition,3,1,-2
-fstack-protector-strong,1,1,0
-wnested-externs,1,1,0
-wold-style-declaration,3,1,-2
-fstack-protector-all,6,1,-5
-wstrict-prototypes,1,1,0
blk_new_open,1,1,0
blk_new_with_bs,1,1,0
spapr_tce_table,2,1,-1
spapr_tce_table_finalize,1,1,0
g_strconcat,1,2,1
flush_to_zero,1,1,0
f64_exp,1,1,0
2045,1,1,0
fpst-,1,1,0
ldq_he_p,1,1,0
stq_he_p,1,1,0
fw_cfg_write,1,1,0
lduw_he_p,1,1,0
ldl_he_p,1,1,0
stl_he_p,1,1,0
stw_he_p,2,1,-1
binfo,1,1,0
define_virtio_serial_properties,1,1,0
define_vhost_scsi_properties,1,1,0
define_virtio_scsi_properties,1,1,0
tcgetattr,1,1,0
oldtty,2,1,-1
bufsize,6,2,-4
surface_size,1,1,0
ux,4,2,-2
bounce_buffer,1,1,0
subprocess.popen,3,1,-2
oserror,6,2,-4
'qemu-io,2,2,0
statuses,1,2,1
'vpc,4,1,-3
found.\n,1,1,0
sys.stderr,5,3,-2
shutil,1,1,0
'qemu_io,1,2,1
numeric,3,2,-1
execution.,1,1,0
app,2,2,0
stdin=devnull,3,1,-2
current_cmd,1,2,1
'vdi,3,1,-2
'vmdk,4,1,-3
'info,7,2,-5
stdout=subprocess.pipe,2,1,-1
collected,2,1,-1
subprocess,2,1,-1
'len,1,1,0
os.environ.get,2,3,1
'qemu_img,1,2,1
lsl,2,1,-1
vmstop_requested,3,1,-2
vm_state_notify,1,1,0
qemu_vmstop_requested,2,1,-1
qevent_stop,1,1,0
vmstop,1,1,0
qemu_get_betls,2,1,-1
bs_stop,3,2,-1
mips_hflag_tmask,1,1,0
tc,3,2,-1
tc-,1,1,0
tcg_gen_ld32s_tl,1,1,0
0x0000000f,3,1,-2
cpu_save_version,6,2,-4
qemu_put_betls,2,1,-1
tcs,1,1,0
tcg_gen_st_tl,5,1,-4
newtls,1,1,0
cp0_hwrena,1,1,0
iostatus,2,1,-1
effects,5,2,-3
observe,1,2,1
vmstate_uinttl_equal,1,1,0
-bad,1,1,0
prop3,1,1,0
all_used,1,1,0
type_dynamic_props,2,1,-1
103,6,2,-4
scsibusinfo,1,1,0
load_request,1,1,0
hpetstate,1,2,1
trace_usb_mtp_stall,1,1,0
dev.addr,2,1,-1
linkproperty,1,1,0
lprop,1,1,0
lprop-,1,1,0
max_compressed_size,1,2,1
max_sectors_per_chunk,1,2,1
0x80000005,3,1,-2
uncompressed_sectors,2,1,-1
buf_off,2,1,-1
2t,1,1,0
bs_new,5,1,-4
bs_old,2,1,-1
bs_new-,4,1,-3
swap,5,1,-4
bs_old-,2,1,-1
ppc_float_frsqrtes,4,1,-3
loadvm,3,1,-2
0.03f,1,1,0
math.h,2,1,-1
.decoded_buf,1,1,0
xbzrle.decoded_buf,1,2,1
decoded_buf,1,1,0
qemu_rbd_complete_aio,1,1,0
schedules,1,1,0
event_reader_pos,2,1,-1
event_rcb,1,1,0
qemu_pipe,5,2,-3
rbd_fd_read,1,1,0
sf,4,1,-3
unallocated_encoding,7,1,-6
o0,2,1,-1
-+-+-+,1,1,0
+-+,2,1,-1
tcg_gen_ext32u_i64,3,1,-2
cpu_reg,5,1,-4
unsupported_encoding,9,1,-8
tcg_rn,1,1,0
scsi_sense_ascq_invalid_operation_code,1,1,0
itask.task-,1,1,0
lbp.lbpws,2,1,-1
has_write_same,1,1,0
scsi_status_check_condition,4,1,-3
itask.status,3,1,-2
scsitargetreq,1,1,0
stl_be_p,7,1,-6
p+1,1,1,0
xendev-,7,1,-6
xs_get_domain_path,1,1,0
merely,1,1,0
is_load,2,1,-1
addr_reg2,1,1,0
add_off,2,1,-1
placing,1,1,0
config_use_guest_base,3,1,-2
lwbrx,1,1,0
cpu_tlb_bits,1,2,1
cpu_tlb_entry_bits,4,1,-3
bswap,3,1,-2
data_reg,2,1,-1
tcg_reg_r4,1,1,0
cmp_off,1,1,0
.addend,5,1,-4
.addr_read,4,1,-3
lhbrx,1,1,0
tab,5,2,-3
minimize,3,1,-2
rbase,1,1,0
tcg_reg_r3,1,1,0
object_property_find,7,1,-6
fixing,3,2,-1
desc_dpl_mask,1,1,0
wrongly,2,1,-1
cpu_x86_init,1,1,0
qemu32,2,1,-1
qemu64,2,1,-1
io_mem_notdirty,1,2,1
rom_device,2,1,-1
io_mem_rom,4,3,-1
uuid=,1,1,0
notably,1,1,0
uuid_libs,1,1,0
bochs.header,1,1,0
tsc-frequency,1,1,0
tsc_khz,1,2,1
sha1_digest_len,1,1,0
gnutls_e_success,1,1,0
g_base64_encode,2,1,-1
gnutls_fingerprint,1,1,0
guchar,1,1,0
hash_size,1,1,0
found\n,6,2,-4
cpu_single_env-,1,3,2
uhci_async_validate_begin,1,1,0
t_now,3,1,-2
uhci_process_frame,2,1,-1
uhci_async_validate_end,1,1,0
frame_timer_freq,5,1,-4
reflects,2,1,-1
frame_bytes,2,1,-1
frnum,1,1,0
qemu_opts_id,8,2,-6
u.surface_create.stride,1,1,0
qemu-kvm,1,1,0
sd_max_vdi_tag_len,1,1,0
zero-filled,1,1,0
desirable,3,2,-1
sn_tab,4,2,-2
ok.,4,1,-3
sabled\n,2,1,-1
cpu_enabled,2,1,-1
dis,2,1,-1
'map,3,1,-2
'image,3,4,1
/offset,1,1,0
self.assert_no_active_streams,3,1,-2
self.dictpath,2,1,-1
'stream,2,1,-1
time.sleep,5,1,-4
connectstate,1,1,0
getsockopt,1,2,1
inet_connect_opts,2,1,-1
nonblockingconnecthandler,1,1,0
completed\n,2,2,0
progress\n,1,1,0
connect_state,3,1,-2
qemu_socket_rc_inprogress,1,1,0
main-loop.h,6,1,-5
inet_connect_addr,1,1,0
wait_for_connect,2,1,-1
connect_state-,1,1,0
ai_next,1,2,1
in_progress,3,2,-1
usb_cancel_packet,1,1,0
ehci_async_inflight,1,2,1
half-process,1,1,0
pics,1,1,0
late,3,2,-1
irr,4,4,0
no-spurious-interrupt-hack,1,1,0
slave_pic-,1,1,0
-no-spurious-interrupt-hack,1,1,0
interrupts\n,1,1,0
int=0x,1,1,0
qemu_option_no_spurious_interrupt_hack,1,1,0
90s,1,1,0
imr,2,2,0
last_irr,1,2,1
no_spurious_interrupt_hack,1,1,0
80s/early,1,1,0
acknowledged,1,3,2
pretend,6,3,-3
irq2,2,1,-1
re-trigger,1,1,0
qemu_arch_i386,3,1,-2
derivatives,1,1,0
att,1,1,0
do_interrupt_x86_hardirq,2,1,-1
paddr_index,1,1,0
0x0101010101010101ull,1,2,1
error_is_type,2,1,-1
inet_connect,3,1,-2
lsi_soft_reset,1,1,0
slist,1,2,1
prev,7,2,-5
argentry,1,2,1
shas_,1,3,2
start_list,3,1,-2
generate_visit_struct_body,1,1,0
visit_start_list,1,3,2
c_type,11,3,-8
visit_end_list,2,3,1
native_i-,1,2,1
skind,3,1,-2
scope,7,1,-6
native_i,1,2,1
'duplicate,1,1,0
'features,1,1,0
raw_pread,1,2,1
raw_pwrite,1,1,0
globals,5,2,-3
outfile,1,1,0
on|off,1,1,0
sub-command,2,1,-1
sorted,1,1,0
__all__,1,1,0
'unrecognized,1,1,0
'usage,2,1,-1
manipulate,1,1,0
optparse,1,1,0
'wb,1,1,0
scrubbing,1,1,0
'no,5,1,-4
nb_completions,1,2,1
qmp_output_push_obj,1,1,0
qmp_output_add_obj,1,2,1
owns,4,2,-2
qstackentry,1,1,0
n_entries,1,1,0
qemu_fflush,5,1,-4
qemu_close,4,1,-3
qemu_file_set_if_error,1,1,0
_and_,1,2,1
buf_index,7,1,-6
buf_index++,1,1,0
int128_neg,1,1,0
int128_ge,3,1,-2
int128_lt,1,2,1
int128_min,1,1,0
r.lo,1,1,0
~a.lo,1,1,0
~a.hi,1,1,0
r.hi,1,1,0
int128_le,2,1,-1
int128_nz,2,1,-1
int128_gt,1,2,1
int128_add,4,1,-3
int128_nonneg,1,1,0
sdl_resizable,1,1,0
gui_fullscreen,2,1,-1
sdl_hwsurface,1,1,0
~0x0,2,1,-1
qemu_fair_mutex,1,1,0
acquire,12,4,-8
cert_count,1,1,0
405,3,1,-2
440-xilinx,1,1,0
440ep,2,1,-1
copy_to_user,2,1,-1
kvm_get_sregs,1,2,1
kvm_arch_init_vcpu,1,2,1
gen_helper_add_setq,1,1,0
subtraction,1,1,0
ts1,1,1,0
thread_env,1,1,0
new_stack,1,1,0
new_stack_size,1,1,0
pci_pref_base_upper32,1,1,0
forwarding,2,2,0
pci_memory_base,1,1,0
pci_io_base,3,1,-2
pci_io_limit,3,1,-2
pci_pref_limit_upper32,1,1,0
typical,8,2,-6
pci_pref_memory_limit,1,1,0
pci_memory_range_mask,2,1,-1
pci_io_range_mask,1,1,0
pci_pref_range_mask,2,1,-1
pci_memory_limit,1,1,0
pci_pref_memory_base,1,1,0
mode_sense_page,1,1,0
denoting,1,1,0
dbd,2,1,-1
bitmap_offset,4,3,-1
\b,4,1,-3
\t,5,3,-2
.decoded,3,1,-2
\f,2,1,-1
write_l1_entry,1,1,0
kvm_update_guest_debug,1,1,0
kvm_state-,5,1,-4
injected,5,1,-4
kvm_cap_set_guest_debug,1,1,0
kvm_has_robust_singlestep,1,1,0
reinject_trap,1,1,0
robust_singlestep,1,1,0
opc_addu,1,1,0
tcg_out_opc_reg,1,3,2
tunsetoffload,1,1,0
bdrv_get_dirty,2,1,-1
start++,2,1,-1
microblaze,3,1,-2
pci_host_data_readw,1,1,0
pci_host_data_writel,2,1,-1
uninstate,1,1,0
host_state.config_reg,1,1,0
pci_host_data_readb,1,1,0
sysbus_from_qdev,10,1,-9
host_state,2,1,-1
pci_host_data_writew,1,1,0
pci_host_data_writeb,1,1,0
dec,4,1,-3
pci_host_data_readl,2,1,-1
pci_mem_data,2,1,-1
powermac,2,1,-1
512\n,1,1,0
out_noclean,4,1,-3
http_readahead_size,1,1,0
makeword,1,1,0
wsadata,1,1,0
servers,7,1,-6
loopback_addr.s_addr,2,1,-1
h_addr,1,1,0
gethostbyname,1,1,0
gethostname,1,1,0
hostent,1,1,0
get_dns_addr,1,1,0
our_addr.s_addr,1,1,0
wsastartup,1,1,0
he-,1,1,0
our_addr,1,1,0
our_name,1,1,0
tcgv_unused,1,1,0
bdrv_eject,1,1,0
ide_atapi_cmd_ok,2,1,-1
0x53,4,2,-2
2^n,1,1,0
instruction\n,1,1,0
config_solaris,1,1,0
mb\n,1,1,0
nb_watchpoints,1,1,0
cpu_watchpoint_remove_all,1,1,0
target_has_ice,2,1,-1
.vaddr,1,1,0
watchpoints,8,1,-7
\nqemu,1,1,0
cpu_breakpoint_remove_all,1,1,0
fifo_put,1,1,0
recv_fifo.count,2,1,-1
uart_msr_dsr,1,1,0
transmit,2,3,1
tmp_iir,1,1,0
uart_fifo_length,1,2,1
uart_msr_dcd,1,1,0
uart_iir_no_int,1,1,0
indication,4,2,-2
uart_ier_msi,1,2,1
uart_ier_rdi,1,1,0
qemu_irq_lower,10,1,-9
tail++,1,1,0
uart_msr_cts,1,1,0
data_bits,4,1,-3
uart_lsr_dr,2,3,1
head++,1,2,1
recv_fifo.itl,2,1,-1
serial_receive_byte,1,1,0
uart_iir_rdi,1,1,0
qemu_chr_ioctl,1,1,0
itl,1,1,0
poll_msl,1,2,1
serial_receive1,1,2,1
parity,2,1,-1
rcvr,1,1,0
serial_update_msl,2,1,-1
keymap,2,1,-1
ppc_mem_sync,6,1,-5
0x03e00001,1,1,0
interpreted,2,2,0
dcbtst,1,1,0
dcbt,1,1,0
0x0000100000000000ull,2,1,-1
ppc_mem,1,1,0
ppc_wait,2,1,-1
2.0x,1,1,0
ppc_mem_eieio,5,1,-4
treated,11,2,-9
0x03fff801,2,3,1
0x02000001,1,1,0
0x03c00001,1,1,0
msync,3,1,-2
ppc_cache,7,1,-6
host_long_bits,12,3,-9
busses,2,1,-1
tcg_abort,5,1,-4
evt,7,2,-5
qapi_free_inputevent,1,1,0
ddr,1,1,0
89,2,1,-1
o1,2,1,-1
-o1,1,1,0
cc_has_warning_flag,2,1,-1
cap_dac_read_search,1,1,0
replacement,11,1,-10
lpcr-,1,1,0
ppc_check_compat,1,2,1
first_ppc_cpu,1,1,0
scripts/git-submodule.sh,1,1,0
git-submodule-update,1,1,0
val2,2,1,-1
val1,1,1,0
rsvd,1,1,0
s390_feat_zpci,2,1,-1
type_s390_pci_host_bridge,1,1,0
ctrl0,1,1,0
ccw,5,1,-4
orb-,2,1,-1
cda,1,1,0
htab_fd,2,1,-1
kvm_ppc_get_htab_fd,1,1,0
worlds,1,1,0
'include,3,1,-2
/crypto/cipher/speed-,1,1,0
/crypto/hash/speed-,1,1,0
g_print,4,1,-3
/crypto/hmac/speed-,1,1,0
cursor-,1,1,0
0xffffff,2,1,-1
vhost_user_none,1,1,0
/qemu-nbd.pid,1,1,0
dr.,1,2,1
fp0,4,1,-3
gen_load_fpr64,3,1,-2
b7_4,3,1,-2
fp1,3,1,-2
gen_store_fpr64,2,1,-1
spapr_drc_type,5,1,-4
predicated,1,2,1
boot-time,1,2,1
spapr_drc_index,4,1,-3
acknowledging,1,2,1
tcg_tmp0,1,1,0
tcg_type_ptr,1,1,0
u-,1,1,0
glob,1,1,0
-bios,2,2,0
argparse,1,1,0
sdhci,1,1,0
os.path.dirname,2,1,-1
i386|x86_64,3,1,-2
ipmi,1,1,0
dma-mr,1,1,0
street,1,1,0
silicon,2,1,-1
num-cpu,1,1,0
logger,2,1,-1
franklin,1,1,0
ide-cd,1,1,0
socket-id,4,1,-3
02110-1301,1,1,0
bmc,2,1,-1
51,7,2,-5
sys.path.append,1,1,0
avoiding,3,1,-2
fifth,2,1,-1
logging.getlogger,1,1,0
sector-length,1,1,0
exitcode,2,1,-1
mch-,3,1,-2
pd-,2,1,-1
mchpcistate,1,1,0
mch,2,1,-1
.in_use,1,1,0
curl_num_states,2,1,-1
.acb,1,1,0
curl_init_state,1,1,0
j=0,2,2,0
stays,3,1,-2
fetched,2,1,-1
ifetch,1,1,0
x/,3,3,0
object_add,1,1,0
huth,3,1,-2
thomas,4,1,-3
blindly,1,1,0
hmp_cmds,1,1,0
testchardev1,1,1,0
net1,2,1,-1
blacklisted,2,2,0
sendkey,1,2,1
chardev-remove,1,1,0
migrate_set_downtime,1,1,0
thuth,2,1,-1
qtest_cb_for_every_machine,1,1,0
chardev-add,1,1,0
id=net1,1,1,0
current_cpu-,3,2,-1
rop_op_tr_16,1,1,0
transp,2,1,-1
qdictentry,11,1,-10
qdict_entry_value,5,1,-4
listed,7,1,-6
qdict_entry_key,9,1,-8
qmp_check_input_obj,1,1,0
qerr_qmp_bad_input_object,3,1,-2
input_obj,2,1,-1
qdict_first,11,2,-9
qdict_next,10,2,-8
json-value,1,1,0
input_dict,2,1,-1
qerr_qmp_extra_member,2,1,-1
has_exec_key,1,1,0
qvirtio_pci_device_find,5,2,-3
symlink,8,1,-7
write_size,3,1,-2
fc_mode|s_iflnk,1,1,0
fs_root,4,3,-1
n_elems,2,1,-1
base_addr,4,1,-3
giga-,1,1,0
2^64,5,1,-4
mega-,1,1,0
sizef,1,1,0
exabytes,1,1,0
tera-,1,1,0
kilo-,1,1,0
bdrv_snapshot_load_tmp,2,1,-1
uint64_c,2,2,0
migration_status_cancelling,2,1,-1
efd65f49929d7db775b26066d538c8120ae3db94,1,1,0
qemu-slof-20161019,1,1,0
eacces,2,2,0
sockets=2,2,1,-1
test_acpi_one,2,1,-1
gem_update_int_status,1,1,0
container.length,1,1,0
qemu_fopen_channel_output,1,2,1
memory_content,1,1,0
need_update,1,1,0
group_id,1,1,0
pqxl,1,1,0
qxlphysical,2,1,-1
memslot_group_guest,3,1,-2
qxl_phys2virt,2,1,-1
qxl_get_check_slot_offset,1,1,0
cpu_addr,6,1,-5
junk,1,1,0
chooses,2,1,-1
inhibited,2,1,-1
gen_priv,1,2,1
ci,2,1,-1
ppc_popcntwd,3,1,-2
st64,1,1,0
ppc2_dbrx,2,1,-1
host_to_target_errno_table,1,1,0
target_to_host_errno_table,1,1,0
errno_table_size,1,2,1
opts_visitor_cleanup,2,1,-1
ppc64le-linux-user,1,1,0
aarch64-linux-user,2,1,-1
m68k-linux-user,1,1,0
sparc64-linux-user,1,1,0
with-coroutine=sigaltstack,1,1,0
disable-uuid,2,1,-1
mipsn32-linux-user,1,1,0
disable-brlapi,1,1,0
with-coroutine=gthread,2,1,-1
disable-attr,2,1,-1
s390x-linux-user,1,1,0
cris-linux-user,1,1,0
mipsel-linux-user,1,1,0
enable-modules,1,1,0
mipsn32el-linux-user,1,1,0
sh4eb-linux-user,1,1,0
mips-linux-user,1,1,0
linux-user,4,1,-3
microblazeel-linux-user,1,1,0
sparc-linux-user,1,1,0
ppc64-linux-user,1,1,0
targets=x86_64-softmmu,1,1,0
sparc32plus-linux-user,1,1,0
disable-libusb,1,1,0
with-coroutine=ucontext,1,1,0
sh4-linux-user,1,1,0
or32-linux-user,1,1,0
microblaze-linux-user,1,1,0
ppc-linux-user,1,1,0
enable-debug-tcg,1,1,0
mips64el-linux-user,1,1,0
enable-trace-backends=ust,1,1,0
mips64-linux-user,1,1,0
ppc64abi32-linux-user,1,1,0
disable-linux-aio,1,1,0
41fc57e44ed,1,1,0
chr_write,4,1,-3
optsvisitor,3,1,-2
check_struct,2,1,-1
opts_end_struct,1,1,0
to_ov,1,1,0
fifo8_create,1,1,0
incoming_fifo,1,1,0
migrate_add_blocker,10,1,-9
migration_blocker,11,1,-10
config_epoll,1,1,0
arm_is_secure,10,1,-9
offs,4,2,-2
double_cmp,1,1,0
3.5,1,1,0
bkt.burst_level,1,1,0
pieces,1,1,0
popped,1,1,0
qov-,3,1,-2
scsi_req_cancel_complete,1,1,0
b,1,1,0
block,1,1,0
bloc,1,1,0
dinf,1,1,0
block-jobs,1,1,0
dinfo,1,1,0
i,1,1,0
telling,2,1,-1
blo,1,1,0
bl,1,1,0
din,1,1,0
qemu_cmd_repeat=20,1,1,0
,1,1,0
wr,3,1,-2
cf,3,2,-1
hello,5,1,-4
u.q_unix-,4,1,-3
listen_addr-,1,1,0
cmsg_space,1,2,1
u.q_unix,4,1,-3
unixsocketaddress,5,1,-4
socket_max_fds,1,1,0
block_mig_state.submitted,2,1,-1
qemu_file_get_rate_limit,1,1,0
block_mig_state.read_done,2,1,-1
num_used_regs,2,1,-1
xhcitrb,1,1,0
state.aes.niv,1,1,0
qcrypto_cipher_encrypt,2,1,-1
state.aes.iv,1,1,0
qcrypto_cipher_alg_aes_256,1,1,0
qcrypto_cipher_new,2,1,-1
qcrypto_cipher_mode_cbc,5,1,-4
smi,1,3,2
extint,1,2,1
redir,1,1,0
visit_type_enum,3,1,-2
string_output_visitor_cleanup,1,1,0
migrate_generate_event,1,1,0
virtio_pci_flag_disable_legacy,2,1,-1
virtio_pci_queue_notify,1,1,0
qemu_virtio_pci_queue_mem_mult,1,1,0
pci_error_message,1,1,0
pcie_aer_inject_error_print,1,1,0
one.\n,1,1,0
machine_kernel_irqchip_required,1,1,0
isa-parallel,1,1,0
parallel_init,1,1,0
ahci_port_check_error,1,1,0
ahci_px_is_dps,3,1,-2
xbytes,1,1,0
ahcicommand,2,1,-1
responses,5,3,-2
ahci_port_check_interrupts,1,1,0
post-command,1,1,0
ahci_px_is_dhrs,3,1,-2
ahci_px_is_pss,2,1,-1
pxci,1,1,0
ahci_command_slot,1,1,0
ext.len,2,1,-1
sipi_vector,2,1,-1
uport,1,1,0
mfre,1,1,0
hitachi,1,1,0
socket-,1,1,0
microdrive,1,1,0
define_nic_properties,1,1,0
layering,2,1,-1
sysemu/blockdev.h,1,1,0
assert.h,7,2,-5
0x7fffffffffffffff,1,2,1
revents,12,1,-11
run_qemu_img,1,1,0
tbfreq,3,1,-2
maciostate,2,1,-1
macio_state-,2,1,-1
l1_entry,2,1,-1
is_zero,1,1,0
l2_entry,5,1,-4
combine,2,1,-1
pg_user_mask,7,1,-6
ptep,7,1,-6
microsoft,9,1,-8
vhdxheader,3,1,-2
header1,1,1,0
header2,1,1,0
curr_header,4,1,-3
vmstate_int32_le,2,1,-1
cpreg_vmstate_array_len,2,1,-1
back_flags,1,1,0
verifying,1,2,1
extent_offset,2,1,-1
num_ports,3,2,-1
dac,3,1,-2
cold,2,3,1
sse_status,1,1,0
mxcsr,1,1,0
set_flush_to_zero,1,1,0
get_page_addr_code,4,1,-3
spawned,1,1,0
g_array_index,7,1,-6
command_line,1,1,0
bdrvvhdxstate,6,1,-5
-eperm,9,2,-7
replayed,6,1,-5
sync_mode,3,1,-2
self.complete_and_wait,1,2,1
'full,1,1,0
........................,1,2,1
'drive-mirror,1,2,1
bailing,3,1,-2
get_clock,2,3,1
cpu_get_real_ticks,1,1,0
8-bit,6,1,-5
msr_ia32_feature_control,1,1,0
cpuid_find_entry,2,1,-1
cpuid_data.cpuid,2,1,-1
quotation,1,1,0
\\\,1,1,0
'\\,6,2,-4
delimiter,1,2,1
g_string_append_c,1,1,0
\\\\,1,1,0
quote,2,1,-1
backslash,1,1,0
c.f,1,1,0
impl.max_access_size,3,1,-2
memory.c,1,1,0
access_size_max,2,1,-1
impl.min_access_size,3,1,-2
valid.max_access_size,1,1,0
access_with_adjusted_size,3,1,-2
access_size_min,2,1,-1
minimums,1,1,0
ibv_link_layer_ethernet,1,1,0
num_devices,1,1,0
infiniband,1,1,0
port_str,2,1,-1
verbs,1,2,1
pure,7,1,-6
port.link_layer,1,1,0
rdma_getaddrinfo,1,1,0
qemu_rdma_broken_ipv6_kernel,1,1,0
knowledge,2,2,0
sofware,1,1,0
unconditionally,6,4,-2
ai_dst_addr,1,1,0
proceed,2,2,0
similarly,6,4,-2
rdma_addrinfo,1,1,0
sin_addr,2,1,-1
has_,2,2,0
'null',1,2,1
errparg,1,2,1
errp=errparg,1,2,1
iotlb,14,1,-13
ored,1,1,0
iwp-,3,1,-2
g_source_destroy,5,2,-3
fd_tag,2,1,-1
g_source_unref,10,1,-9
finalize,5,1,-4
shiftcount,1,1,0
writew,4,1,-3
full_screen,3,2,-1
historically,3,1,-2
is_daemonized,1,1,0
default_monitor,1,1,0
default_virtcon,2,1,-1
setups,1,2,1
dt_nographic,1,1,0
default_serial,2,1,-1
config_curses,2,1,-1
dt_curses,1,1,0
curses_display_init,1,2,1
curses,3,2,-1
default_parallel,1,1,0
seccomp=,1,1,0
ivshmem_has_feature,1,2,1
qapi-types.h,8,1,-7
'desc,4,1,-3
qapi-visit.o,1,1,0
qapi-obj-y,3,1,-2
error_get_class,2,2,0
qapi-types.o,1,1,0
errorclass_lookup,1,1,0
tests/,2,2,0
-include,2,1,-1
tcg_target_ulong,2,1,-1
directory=,1,1,0
dma_init,2,1,-1
qdev_init_gpio_out,4,1,-3
dev_state_created,5,1,-4
qerr_permission_denied,4,1,-3
.set,7,2,-5
set_int32,2,1,-1
target_page_align,10,3,-7
app_cmd,1,1,0
switch_mode,2,1,-1
.nb_sectors,2,1,-1
tracked_request_begin,3,1,-2
.sector_num,1,1,0
my_ram_size,2,1,-1
create_iovec,1,1,0
reqs,4,3,-1
nr_iov,2,1,-1
flash_size,2,2,0
read_targphys,1,1,0
ppcemb,1,1,0
target_arch2,1,1,0
fua,2,1,-1
pollin,3,1,-2
sector_qemu2lun,4,2,-2
iscsitask,3,2,-1
.cancel,1,3,2
iscsi_aio_readv,1,1,0
2010-2011,5,1,-4
iscsi_process_read,1,1,0
'buf,1,1,0
aiopool,3,2,-1
poll.h,1,1,0
blockacb,1,2,1
qemubhfunc,2,1,-1
trace_iscsi_aio_writev,1,1,0
oom,2,1,-1
command_data,1,3,2
iscsi/iscsi.h,1,1,0
read_size,1,1,0
iscsi_aio_writev,1,1,0
iscsi_which_events,1,1,0
pollout,2,1,-1
qdict-test-data.txt,1,1,0
coroutine-win32.o,1,1,0
stash,1,2,1
qemu_coroutine_delete,1,1,0
leader,1,1,0
pool_size++,2,1,-1
coroutinethreadstate,1,1,0
to_,1,1,0
pool_next,2,1,-1
coroutine_trampoline,1,1,0
qemu_coroutine_switch,1,2,1
coroutine-ucontext.o,1,1,0
coroutine-obj-y,1,1,0
from_,2,1,-1
coroutineaction,1,1,0
config_win32,8,2,-6
coroutine_get_thread_state,1,1,0
pool_size,2,1,-1
pool_max_size,2,1,-1
fpdp,1,1,0
fpop,1,1,0
fpip,1,1,0
vmstate_uint64_v,2,1,-1
xsave-,1,1,0
monitor.h,5,2,-3
vsc_apdu,1,1,0
passthru_dev_name,1,1,0
vscerrorcode,1,1,0
vsc_cannot_add_more_readers,1,1,0
vscard_minimal_reader_id,1,1,0
ccid-card-passthru,1,1,0
ccidcardstate,1,2,1
vscmsginit,1,1,0
apdu,2,2,0
0x91,2,1,-1
hw-obj-,4,2,-2
init-,1,1,0
vscard_magic,1,1,0
d_verbose,2,1,-1
smart,5,1,-4
vscmsgtype,1,1,0
reader_id,2,1,-1
arpa/inet.h,3,1,-2
0x73,2,1,-1
vsc_general_error,2,1,-1
vscmsgerror,1,1,0
vsc_readeradd,1,1,0
scr_msg_header-,1,1,0
vscard_version,1,1,0
vsc_success,1,1,0
ccid,1,2,1
vsc_readerremove,1,1,0
passthrustate,1,1,0
usb-ccid,1,3,2
vsc_error,1,1,0
atr,3,2,-1
qemu_chr_write,6,1,-5
vscard_undefined_reader_id,1,1,0
d_warn,1,1,0
ccid_card_vscard_send_error,1,1,0
vsc_atr,1,1,0
0xd1,1,1,0
vsc_cardremove,1,1,0
atm,2,1,-1
.code,4,1,-3
-32,3,1,-2
cur_nr_sectors,2,1,-1
0x4000000,1,1,0
qf,3,1,-2
ide_atapi_cmd_reply,1,2,1
cpu_to_ube16,1,1,0
start_offset,2,1,-1
qerr_device_locked,1,1,0
qerr_device_not_removable,1,1,0
bdrv_is_removable,2,2,0
0x71,2,1,-1
helper_check_align,2,1,-1
cluster_num,2,1,-1
4.4,1,1,0
virtio_net_f_guest_tso6,4,1,-3
virtio_net_f_guest_ecn,4,1,-3
virtio_net_f_guest_csum,4,1,-3
virtio_net_f_guest_tso4,4,1,-3
qemu_macaddr_default_if_unset,1,1,0
mipsnet,1,1,0
pci_nic_uninit,1,1,0
0x400,15,2,-13
io_base,10,1,-9
e1000_cleanup,1,1,0
fs_eth,2,1,-1
dp8393xstate,2,1,-1
ethregs,1,1,0
dma_out,1,1,0
pcieepro100state,1,1,0
isa_unassign_ioport,1,1,0
e1000_receive,1,1,0
mipsnetstate,2,1,-1
dev.unregister,1,1,0
net_tap_fd_init,1,2,1
vlan_id,1,1,0
timing,3,1,-2
end_name,1,2,1
~0xf,4,1,-3
pollfd,1,1,0
tcg_out_mov,4,1,-3
hotplug_ctrl,2,2,0
get_hotplug_handler,1,1,0
hotplughandler,6,2,-4
qdev_hotplug,1,2,1
iothread_run,2,1,-1
g_main_loop_quit,2,3,1
is_express,1,1,0
block_jobs,1,1,0
block_job_next,1,1,0
job_list,1,1,0
-nodefaults,5,3,-2
inherits_from,1,1,0
full_open_options,1,1,0
'human-monitor-command,3,1,-2
none0,1,1,0
'command-line,1,1,0
driver=qcow2,3,1,-2
nbdflags,7,1,-6
nbd_cmd_write_zeroes,1,1,0
addressing,5,1,-4
shutting,1,1,0
mingw,2,1,-1
slisten,3,2,-1
port_min,1,2,1
create_fast_reuse_socket,1,2,1
port_max,1,1,0
beat,1,1,0
l1_map_addr_space_bits,7,1,-6
qemu_nbd_prog,3,1,-2
arch=,1,2,1
qemu_io_prog=,4,1,-3
build_root/qemu-io,1,1,0
build_root/,1,1,0
qemu_img_prog=,4,1,-3
arch-softmmu/qemu-system-,1,1,0
'./qemu-nbd,1,1,0
qemu_nbd_prog=,3,1,-2
build_iotests/socket_scm_helper,1,1,0
realpath,5,2,-3
build_root/qemu-img,1,1,0
'./qemu,1,1,0
build_root/qemu-nbd,1,1,0
pushd,1,1,0
-softmmu/qemu-system-,1,1,0
qemu_prog=,4,1,-3
qemu-nbd,8,1,-7
qemu_img_prog,3,1,-2
'./qemu-img,1,1,0
'./qemu-io,1,1,0
popd,1,1,0
_init_error,3,1,-2
qemu_vxhs_prog,1,1,0
_fatal,2,1,-1
build_root,1,1,0
socket_scm_helper=,1,1,0
set_prog_path,3,1,-2
stfl_fac_list,1,1,0
lowcore-,8,1,-7
cpu_unmap_lowcore,3,1,-2
cpu_map_lowcore,3,1,-2
side-effects,1,1,0
compile-time,2,1,-1
lduw_le_p,3,1,-2
ldl_le_p,3,1,-2
encryptfmt,2,1,-1
tcg_gen_st32_i64,1,2,1
ps_int_mask,1,1,0
ir_a0,1,2,1
alphacpu,3,2,-1
nr-threads,1,1,0
acpi_find_rsdp_address,1,1,0
guid=auto,1,1,0
rsdp_addr_invalid,1,1,0
rsdp_sleep_us,1,1,0
rsdp_tries_max,1,1,0
tests/vmgenid-test.o,1,1,0
rsdp_offset,1,1,0
vgid_guid,1,1,0
tests/acpi-utils.o,1,1,0
id=testvgid,1,1,0
guid=,1,1,0
accel=tcg,8,1,-7
100ms,2,3,1
tests/vmgenid-test,1,1,0
continuing,1,1,0
urgent,2,1,-1
so_urgc,1,1,0
debug_misc,2,1,-1
so_state,2,1,-1
kbd.modifiers,1,1,0
ov5_mmu_radix_300,1,1,0
anyone,1,1,0
plug,6,1,-5
qemu_hexdump,1,2,1
tr,4,1,-3
dtlb,4,1,-3
vmstate_struct_pointer,1,1,0
rbd_max_image_name_size,2,1,-1
old_set,2,1,-1
gone,8,2,-6
track_lock,1,1,0
guest_cursor,1,1,0
'socket,1,1,0
useless,2,1,-1
traditional,2,1,-1
path-,7,1,-6
local_create_mapped_attr_dir,1,2,1
nname,1,1,0
oname,1,2,1
ullong_max,2,3,1
wrappers,4,1,-3
long_min,1,1,0
harder,1,1,0
qemu_strtoull,2,1,-1
noted,2,1,-1
strtoll,4,2,-2
vvfat_write_target,1,1,0
bdrv_new_open_driver,1,1,0
qiotask,1,1,0
fifo8_destroy,1,1,0
test-io-obj-y,2,1,-1
qemu-char.o,3,1,-2
qemu-timer.o,4,1,-3
tests/test-char,1,1,0
memory_region_dispatch_read,1,1,0
program_interrupt,15,1,-14
pgm_operand,3,1,-2
pgm_addressing,8,2,-6
sdebug,2,1,-1
spkt,5,2,-3
trace_colo_filter_rewriter_pkt_info,1,1,0
ppkt,5,2,-3
ddebug,2,1,-1
iocanreadhandler,4,1,-3
qemu_chr_fe_set_handlers,5,1,-4
qemu_chr_fe_get_driver,2,1,-1
mux_chr_set_handlers,1,1,0
be-,4,1,-3
chardriver,2,1,-1
vcpu-,2,1,-1
is_dcbzl,1,1,0
helper_dcbz,1,1,0
powerpc_excp_970,3,1,-2
gen_helper_dcbz,1,1,0
tcgv_addr,1,1,0
haddr,2,1,-1
tlb_vaddr_to_host,3,1,-2
reserve_addr,1,1,0
dcbz_size,1,1,0
dcbz,2,1,-1
e500mc,3,1,-2
spr_970_hid5,3,1,-2
tcgv_is_dcbzl,1,1,0
do_dcbz,1,1,0
vinput-,1,1,0
qio_channel_add_watch,2,1,-1
listen_tag,1,1,0
dr_cpu_enabled,1,2,1
dynamic-reconfig/hotplug,1,1,0
mailing,1,1,0
qemu-tech.html,1,1,0
hacking,1,1,0
consult,1,1,0
contact,1,1,0
applications,6,1,-5
=======,1,1,0
guidelines,1,1,0
involve,2,1,-1
integration,3,1,-2
//lists.nongnu.org/mailman/listinfo/qemu-devel,1,1,0
platforms,5,1,-4
integrate,2,1,-1
mail,1,1,0
project,2,1,-1
wishing,1,1,0
hypervisors,1,1,0
near,4,1,-3
spaprcpucore,2,1,-1
ppc_get_vcpu_dt_id,1,1,0
cpucore,1,1,0
cpu_core,1,1,0
spapr_dr_connector_type_cpu,2,1,-1
spapr_cpu_core,2,1,-1
blk_new,4,1,-3
blk_insert_bs,4,1,-3
took,3,3,0
.description,4,1,-3
blk_ref,1,2,1
qmp_output_get_visitor,5,1,-4
range1,1,1,0
g_list_next,2,1,-1
"0,1",2,1,-1
l-,3,2,-1
"1,2",1,1,0
next-,1,1,0
doorbell,1,2,1
assistance,1,2,1
0x00000f60,1,1,0
98,3,1,-2
excp_vectors,2,1,-1
99,4,1,-3
powerpc_excp_doori,1,1,0
book3s_cpu_power8,1,1,0
powerpc_excp_reset,1,1,0
ppc2_fp_cvt_s64,2,1,-1
iii,1,1,0
helper_raise_exception,2,2,0
powerpc_excp_decr,1,1,0
technically,2,2,0
0x0000000000040000ull,1,1,0
routed,1,1,0
49,4,1,-3
attached_aio_context,1,1,0
nbd_einval,1,1,0
nr_segments,1,1,0
src-,11,2,-9
plane,4,2,-2
read_event_kind,3,1,-2
'test_dir,1,1,0
get_cpu_index,1,1,0
spapr_allocate_lsi,2,1,-1
error_reportf_err,4,1,-3
check_exception_irq,2,1,-1
timer_pending,3,1,-2
ohci_die,1,1,0
target_nr_timerfd_create,1,1,0
318,1,1,0
312,1,1,0
fcs,3,2,-1
size-4,1,1,0
dict2,4,1,-3
string1,2,1,-1
qapi_free_userdeftwo,1,2,1
udp-,1,1,0
string0,2,2,0
validate_teardown,1,1,0
dict1,4,2,-2
string2,1,1,0
device-list-properties,1,2,1
'typename,1,2,1
guest_hdr_len,2,1,-1
memb.optional,2,2,0
generate_visit_enum,1,1,0
c_type=var.type.c_name,1,1,0
builtin_types.keys,3,1,-2
.copy,1,1,0
generate_visit_alternate,1,1,0
parse_args,3,1,-2
base.members,3,1,-2
enum_full_value,1,1,0
name=c_name,1,1,0
c_enum_const,4,1,-3
variants.tag_member,1,1,0
variants.tag_name,5,1,-4
memb.name,3,2,-1
variants.tag_member.name,5,1,-4
del,2,1,-1
memb,2,2,0
expr.get,11,2,-9
generate_visit_list,1,1,0
name=memb.name,1,2,1
discriminator_find_enum_define,2,1,-1
rxbuffersize,1,1,0
added_chunks,1,1,0
max_outputs,2,1,-1
qdev_fw_name,5,1,-4
fd_msr_rqm,1,1,0
fd_msr_nondma,1,1,0
~fd_msr_rqm,1,1,0
device\n,2,2,0
dname,1,1,0
prefix=,6,3,-3
input_file,1,1,0
qga-,1,2,1
continue_after_map_failure,1,1,0
map_client_list_lock,1,1,0
reschedule_dma,1,1,0
check_enum,1,1,0
'myenum,4,1,-3
'data',3,1,-2
add_enum,5,1,-4
expr_elem,8,1,-7
check_event,1,1,0
tests/qapi-schema/enum-clash-member.json:2,1,1,0
tests/qapi-schema/enum-missing-data.json:2,1,1,0
expr.has_key,6,1,-5
cpus-,3,1,-2
max_cpumask_bits,11,1,-10
cur++,1,1,0
config_spice,4,2,-2
35c5379760aa1fea5e38f7a78b090f92bb7813ee,1,1,0
bmdma_page_size,1,1,0
dma_regs,1,2,1
oformat_json,1,1,0
oformat_human,2,1,-1
output_format,2,1,-1
dump_json_image_check,1,1,0
dump_human_image_check,1,1,0
h1,1,2,1
seek_data,1,1,0
d3,3,1,-2
seek_hole,1,1,0
h4,1,1,0
forget,3,1,-2
d4,2,1,-1
-enxio,2,1,-1
holes,3,1,-2
mcr,4,1,-3
fifo8_pop,1,1,0
loopback,1,1,0
uart_mcr_loop,2,1,-1
backing_qiov,1,1,0
shortened,2,1,-1
target_nr_sigreturn,2,1,-1
0x001f0000,1,1,0
ppc2_dfp,8,1,-7
.ctl,2,1,-1
timeridx,1,1,0
oldval,1,1,0
cp15.c14_timer,1,1,0
config_linux_aio,4,1,-3
use_aio,4,1,-3
aio_ctx,5,1,-4
event_notifier_ready,1,1,0
boot_info.bootstrap_pc,1,1,0
0x0fffffff,6,1,-5
last_ram_offset,2,3,1
precision,8,2,-6
apic_irq_delivered,1,1,0
\x7f\xff\xff\xff\xff\xff\x00\x00,1,1,0
extra_data_size,1,1,0
tx_data_dev,1,1,0
tx_control_dev,1,1,0
apic_id,13,1,-12
acpi_cpu_hotplug_id_limit,4,1,-3
intregm_pending,1,1,0
intbit_to_level,1,1,0
sclpconsole,1,1,0
gen_qemu_ld64,2,1,-1
last_offset,1,1,0
last_seen_block,1,1,0
last_version,1,1,0
usercreatableclass,3,2,-1
rngbackend,1,1,0
user_creatable_class,3,2,-1
ucc,3,2,-1
msg.address,8,1,-7
vfio_allow_kvm_msix,1,1,0
vfio_allow_kvm_msi,1,1,0
host.function,7,1,-6
msg.data,9,1,-8
kvm_irqchip_add_msi_route,2,1,-1
optimize,10,1,-9
kvm_arch_get_supported_cpuid,20,1,-19
-uuid,1,1,0
4600cb32-38ec-4b2f-8acb-81c6ea54f2d8,1,1,0
data.num_cpus,1,1,0
n800,1,1,0
-rtc,2,1,-1
master_abort_mem_priority,1,1,0
master_abort_mem,1,1,0
master_abort_mem_ops,1,1,0
pci-master-abort,1,1,0
master_abort_mem_write,1,1,0
memory_region_add_subregion_overlap,12,2,-10
master_abort_mem_read,1,1,0
_a,2,1,-1
_b,1,1,0
binary_device_tree_file,2,1,-1
fdt_size,4,1,-3
nonsense,1,1,0
cmd_read_dma,1,1,0
occasionally,1,1,0
1-63,1,1,0
unsets,1,1,0
qcow2_feat_type_incompatible,1,1,0
144,1,1,0
qcow2_incompat_mask,1,1,0
data.n,2,1,-1
qemu_aio_wait_all,1,1,0
qemu/iov.h,5,1,-4
.options,2,1,-1
wp,5,1,-4
dfl_hdr,1,1,0
acpi_table_header,3,1,-2
ext_hdr-,1,1,0
le16_to_cpupu,1,1,0
easier,7,2,-5
allen,1,1,0
has_header,1,1,0
acpi_table_pfx_size,1,1,0
body,3,1,-2
acpi_payload_size,1,1,0
acpi_table_hdr_size,1,1,0
_length,2,1,-1
cpu_to_le16wu,1,1,0
usb_ret_success,1,1,0
tcg_gen_ext32u_tl,5,1,-4
tcg_gen_not_tl,1,1,0
sent_cb,2,1,-1
pageentry_u8,1,1,0
openpic,4,1,-3
pixman_version_encode,1,1,0
pixman_version,1,1,0
splits,1,1,0
qtailq_entry,11,2,-9
core.o,1,1,0
usb_ret_async,3,3,0
qtailq_last,5,1,-4
hw/usb.h,1,1,0
iov.h,2,2,0
usbport,4,1,-3
ferror,2,1,-1
fprintf_func,4,1,-3
.long,3,1,-2
reg.id,2,1,-1
finds,3,1,-2
spr_hior,2,1,-1
.slbe,1,1,0
sregs.u.s.ppc64.slb,1,1,0
bats,1,2,1
kvm_sregs,4,1,-3
cpu_physical_memory_is_dirty,3,1,-2
~code_dirty_flag,3,1,-2
cpu_physical_memory_set_dirty_flags,3,1,-2
seeing,3,1,-2
async_stepdown,1,1,0
.priority,2,1,-1
osdep.h,1,1,0
245,2,1,-1
fdatasync,3,1,-2
clock_getres,1,1,0
sched_get_priority_max,1,1,0
sched_get_priority_min,1,1,0
pipe2,1,2,1
sched_getparam,1,1,0
242,1,1,0
getpeername,3,2,-1
sched_getscheduler,1,1,0
253,1,1,0
2012-01-13,4,1,-3
mmap2,1,1,0
sendto,2,2,0
semget,1,1,0
ram_list.phys_dirty,1,1,0
herve,1,1,0
0x74,4,1,-3
pci.h,2,1,-1
prone,1,1,0
xn,6,2,-4
arm_feature_lpae,1,1,0
pxn,2,2,0
intrmask,1,1,0
virtio_load,2,2,0
.lba,1,1,0
scsi_readcapacity16,1,2,1
iscsi_unmap_task,2,1,-1
rc16,1,2,1
scsi_readcapacity10,1,2,1
rc16-,1,2,1
returned_lba,1,2,1
iscsi_aio_discard,1,1,0
rc10-,1,2,1
block_length,1,2,1
rc10,1,2,1
.bdrv_aio_discard,1,1,0
unmap_list,1,1,0
iscsi_create_context,1,1,0
iscsi_unmap_cb,1,1,0
virtio_blk_f_scsi,2,1,-1
virtio_blk_s_unsupp,2,1,-1
vdev.guest_features,3,1,-2
ag,1,1,0
kvm_irqchip_set_irq,1,1,0
kvm_cap_irq_routing,2,1,-1
jan.kiszka,3,1,-2
pci_enabled,4,2,-2
kvm/apic.o,1,1,0
obj-i386-,1,1,0
i8259_irq,2,1,-1
kvm_pic_init,1,1,0
jan,3,1,-2
kvm/clock.o,1,1,0
siemens,1,1,0
kiszka,3,1,-2
hw/apic_internal.h,1,1,0
memory_region_init_reservation,2,1,-1
piccommonstate,1,1,0
siemens.com,2,1,-1
openthread,1,1,0
getcurrentprocess,1,1,0
synchronize,8,2,-6
qemuthreaddata,1,1,0
racy,3,1,-2
joinable,1,1,0
cur_l1_bytes,1,2,1
qcowsnapshot,2,1,-1
hdr.status,1,1,0
/0,1,1,0
qlist_insert_head_rcu,2,1,-1
constcond,1,1,0
linking,5,1,-4
xtensa_get_cintlevel,2,1,-1
do_interrupt,9,2,-7
exception_taken,1,1,0
ps_intlevel_shift,1,1,0
232,1,1,0
tcause,1,1,0
target_xtensa,2,2,0
ar4,1,1,0
ar14,1,1,0
ar1,1,1,0
ar9,1,1,0
0x0105,1,1,0
ar13,1,1,0
debugger,1,2,1
ar6,1,1,0
c_cpu-,2,1,-1
ar10,1,1,0
0x0107,2,1,-1
0x010c,1,1,0
0x010e,1,1,0
ar0,1,1,0
xtensa,4,1,-3
ar7,1,1,0
ar12,1,1,0
0x0101,1,1,0
ar15,1,1,0
get_reg32,1,1,0
ar11,1,1,0
0x0006,2,1,-1
68,2,3,1
ar5,1,1,0
0x010d,1,1,0
ar8,1,1,0
0x0103,1,1,0
ar2,1,1,0
ar3,1,1,0
g_cpu,2,1,-1
modification,1,1,0
0x0102,2,1,-1
uregs,2,1,-1
commandline,1,2,1
'writeback,2,1,-1
directsync,2,1,-1
'writethrough,1,1,0
bdrv_o_cache_mask,1,1,0
'unsafe'\n,1,1,0
cache=writethrough,2,1,-1
notifications,3,1,-2
lduw_p,4,1,-3
authenticate,1,1,0
spice_server_set_sasl_appname,1,1,0
'qemu,4,1,-3
spice_server,6,1,-5
controlled,9,1,-8
gssapi,1,1,0
opl-,1,1,0
max_pils,2,1,-1
cpu_irqs,4,1,-3
virtio_net_s_link_up,2,1,-1
virtio_net_set_status,1,1,0
out_filename,3,1,-2
out_bs,2,1,-1
bdrv_o_flags,5,1,-4
bdrv_new_open,6,1,-5
mmuregs,1,1,0
cdrom,6,1,-5
qemu_accept,1,1,0
fd_cloexec,5,1,-4
f_setfd,5,1,-4
o_cloexec,4,1,-3
accept4,1,2,1
/dev/kvm,1,1,0
stddef.h,1,1,0
pipefd,2,1,-1
htons,3,1,-2
self_announce_rounds,2,1,-1
ethertype,1,1,0
rarp,1,1,0
warn_unused_result,1,2,1
qemu_bh_poll,4,1,-3
defheading,3,2,-1
file2,2,1,-1
installing,3,1,-2
packet-,2,1,-1
send_queue,1,1,0
vlanpacket,1,1,0
cw,1,1,0
vga_sync_dirty_bitmap,2,2,0
cga,2,2,0
multi_scan,1,1,0
0xc0000,4,2,-2
b/bios/rombios32.c,2,1,-1
we've,1,1,0
signed-off-by,3,1,-2
a/bios/rombios32.c,2,1,-1
brook,1,1,0
acpi_table_header_def,3,1,-2
mptable_init,1,1,0
ih_size,1,1,0
bhp,1,1,0
qemu_bh_schedule_idle,1,1,0
ch=,1,1,0
fs_dma_ctrl,1,1,0
ctrl-,2,1,-1
icount_decr.u16.high,2,1,-1
keys\n,3,1,-2
nb_keycodes,1,1,0
separator,2,2,0
nb_keycodes++,1,1,0
q++,3,2,-1
do_sendkey,2,1,-1
target_sh4,2,1,-1
pgm_reg_first_trans,2,1,-1
pgm_aste_valid,1,1,0
forwarded,2,1,-1
pgm_reg_sec_trans,2,1,-1
pgm_ale_seq,1,1,0
pgm_protection,3,1,-2
tprot,1,1,0
pgm_ext_auth,1,1,0
pgm_page_trans,2,1,-1
pgm_reg_third_trans,2,1,-1
pgm_alen_spec,1,1,0
s390_cpu_virt_mem_handle_exc,2,1,-1
pgm_aste_seq,1,1,0
fetching,4,2,-2
int_pgm_code,3,1,-2
pgm_alet_spec,2,1,-1
r_lqspi_cfg,2,1,-1
cache=none,1,1,0
id=iothread0,1,1,0
aio=native,1,1,0
silent=,1,1,0
10000000,1,1,0
bootindex=0,1,1,0
//bugzilla.redhat.com/show_bug.cgi,1,1,0
300,2,1,-1
'speed,1,1,0
pci-bridge,3,1,-2
well-formed,1,1,0
virtual_cssid,1,1,0
is_virtual,1,1,0
object_class_property_add_bool,2,1,-1
ccw_dev-,3,1,-2
bus_id.devid,1,1,0
bus_id,1,1,0
cssdevid,3,1,-2
bus_id.valid,1,1,0
bus_id.ssid,1,1,0
bus_id.cssid,1,1,0
subchannel,4,1,-3
config_nettle_kdf,2,1,-1
rusage_thread,1,1,0
af_inet6,4,2,-2
worked,1,1,0
detaching,1,1,0
spapr_lmb_release,2,1,-1
outdev,2,1,-1
'outdev,3,1,-2
error_class_device_not_found,8,1,-7
define_prop_on_off_auto,1,1,0
shpc_free,1,1,0
sm,2,1,-1
baum-,1,1,0
unicore32cpu,1,1,0
unicore32_cpu,2,1,-1
yet\n,1,2,1
query-hotpluggable-cpus,1,1,0
schemainfolist,1,1,0
si-,5,1,-4
common_args,1,2,1
qapierrorclass_lookup,1,2,1
g_hash_table_destroy,2,2,0
.cmd,2,1,-1
query-spice,2,1,-1
g_str_hash,4,1,-3
visit_type_schemainfolist,1,1,0
g_hash_table_new,2,1,-1
config_pci,1,1,0
query-xen-replication-status,1,1,0
tail-,1,2,1
error_class_device_not_active,2,1,-1
error_class_command_not_found,3,2,-1
domainnamelen,1,1,0
psid,1,1,0
hresult,4,1,-3
lookupaccountsidw,1,1,0
lpwstr,1,1,0
hresult_from_win32,2,1,-1
bufferlen,1,1,0
convertstringsidtosidw,1,1,0
localfree,3,1,-2
sid,4,1,-3
hr,8,1,-7
grouptype,1,1,0
domainname,1,1,0
supervisor_mode,1,1,0
mips_hflag_mode,1,1,0
mips_hflag_sm,2,1,-1
get_physical_address,1,2,1
access_int,2,2,0
type_info.name,3,1,-2
pvr_pcc,2,1,-1
colo_old_packet_check_one_conn,1,1,0
g_queue_find_custom,2,1,-1
checkpoint,16,1,-15
conn_list,2,2,0
conn,4,2,-2
memory_region_get_dirty,3,1,-2
memory_region_reset_dirty,4,1,-3
blk_perm_write_unchanged,5,1,-4
obtained,5,1,-4
blk_perm_write,5,1,-4
rtas_out_no_such_indicator,5,1,-4
buf_free_count,2,1,-1
hmp_handle_error,5,1,-4
blk_perm_all,6,1,-5
0x08000000u,1,1,0
tcgv_env,1,1,0
di-,1,1,0
g_assert_null,2,1,-1
0x0000001c,2,1,-1
reset_value,1,1,0
.unaligned,1,1,0
.valid,5,1,-4
'arg3,1,1,0
'arg1,1,1,0
feat_hyperv_edx,1,1,0
migrate_postcopy_ram,3,1,-2
dst_only,1,1,0
comparing,2,1,-1
tcg_gen_extr_i64_i32,1,1,0
tcg_gen_shli_i32,2,1,-1
tcg_gen_neg_i32,1,1,0
tcg_gen_shri_i32,4,1,-3
tcg_gen_movcond_i64,2,1,-1
tcg_gen_movcond_i32,3,1,-2
tcg_gen_shl_i64,1,1,0
tcg_gen_extu_i32_i64,5,1,-4
coldfire,1,1,0
releases,6,1,-5
guest_notifier,1,1,0
virtio_queue_get_guest_notifier,1,1,0
switched,7,1,-6
04186319181298083ef28695a8309028b26fe83c,1,1,0
sockop_socketpair,1,1,0
sockop_getsockopt,1,1,0
sockop_send,1,1,0
sockop_sendmsg,2,1,-1
sockop_recvmsg,1,1,0
among,3,1,-2
sockop_accept4,1,1,0
sockop_getsockname,1,1,0
sockop_connect,1,1,0
sockop_getpeername,1,1,0
optname,1,1,0
sockop_setsockopt,1,1,0
sockop_socket,1,1,0
sockop_sendto,1,1,0
sockop_bind,1,1,0
optval,1,1,0
sockop_shutdown,1,1,0
do_accept4,1,1,0
sendmmsg,1,1,0
sockop_recv,1,1,0
recvmmsg,1,1,0
sockop_recvfrom,1,1,0
sockop_listen,1,1,0
vptr,2,1,-1
sockop_accept,1,1,0
0x42000000,1,1,0
target_openrisc,2,1,-1
target_unicore32,4,1,-3
handle_pending_signal,2,1,-1
strict,8,1,-7
connector,1,1,0
plugged,11,2,-9
brought,1,1,0
base_core_type,1,1,0
0x00002000,1,3,2
0x00004000,1,3,2
reaches,2,1,-1
usbsts_frindex,1,1,0
ehci_raise_irq,1,1,0
frindex++,1,1,0
blksszget,1,1,0
ioc_r,4,1,-3
mk_ptr,7,1,-6
type_long,1,1,0
attribute_unused,1,1,0
accounting,1,3,2
next_slice_time,3,1,-2
1000000000ull,2,1,-1
dispatched,3,1,-2
quota,2,1,-1
slice_ns,1,1,0
limit-,3,1,-2
slice_quota,3,1,-2
zpci_msi_vec_bits,1,1,0
s390_pci_find_dev_by_fid,1,1,0
s390_pci_generate_error_event,1,1,0
pbdev-,11,2,-9
pbdev,5,2,-3
hpte64_v_valid,3,1,-2
avpn,1,1,0
hpte64_v_compare,2,1,-1
g_list_append,2,1,-1
ppi,4,1,-3
gic_version,3,1,-2
gictype,1,1,0
attr.flags,1,1,0
has_pmu,2,1,-1
irqflags,1,1,0
gic_fdt_irq_ppi_cpu_start,1,1,0
kvm_arm_pmu_create,1,1,0
gic_fdt_irq_ppi_cpu_width,1,1,0
attr.group,2,1,-1
virtual_pmu_irq,2,1,-1
attr.addr,2,1,-1
armcpu-,2,1,-1
priority_mask,2,1,-1
fiq_level,1,1,0
gic_acknowledge_irq,1,1,0
best_irq,1,1,0
gic_set_irq,2,1,-1
fiq,8,1,-7
running_priority,2,1,-1
visit_type_null,1,1,0
+512m,1,1,0
test_img2,1,1,0
common.rc,3,1,-2
test_img_file,3,1,-2
zero-initialized,1,1,0
size=1024m,1,1,0
object_property_set,1,1,0
sdl_grab_end,1,1,0
check_hwrena,1,1,0
qemu_img_pipe,1,1,0
notrun,1,1,0
excp06_illop,3,1,-2
ud,1,1,0
hf_osfxsr_mask,1,1,0
cpuid_ext2_features,8,1,-7
prefix_data,3,1,-2
bdrv_nb_sectors,3,1,-2
pl1,3,1,-2
sdr-,1,1,0
sensor_owner_number,1,1,0
s2-,2,1,-1
xadc_reg,1,1,0
zynq_xadc_num_adc_regs,1,1,0
xadc_cmd,1,1,0
dcmd_size,2,1,-1
tt_priv_insn,1,1,0
cputimer,2,1,-1
cpu_tmp0,7,1,-6
g_main_loop_new,4,2,-2
gsourcefunc,5,1,-4
gthread,1,1,0
g_main_context_iteration,2,1,-1
g_idle_add,3,2,-1
gmainloop,4,2,-2
pcmachineclass,5,1,-4
pc_machine_get_class,5,1,-4
pcmc,5,1,-4
pcmc-,7,1,-6
hotplug_memory,3,2,-1
err',1,1,0
errarg,1,1,0
visit_optional,1,1,0
need_cast,1,1,0
need_cast=false,2,1,-1
arg_type.members,3,1,-2
c_type=memb.type.c_name,1,1,0
gen_err_check,3,1,-2
need_cast=true,1,1,0
cast=cast,1,1,0
err=errarg,1,1,0
memb.type.name,1,1,0
gen_visit_fields,2,1,-1
prefix=prefix,2,1,-1
device_type_list,1,1,0
xlnx,1,1,0
qom-tree,1,1,0
fsl,3,1,-2
versatile_pci,1,1,0
introspection,1,1,0
realview_pci,3,1,-2
qlist_foreach_entry,4,1,-3
nonexistent,2,1,-1
unionkind,2,1,-1
alt,5,2,-3
'alt1,2,1,-1
alternates,5,1,-4
'empty,1,2,1
'nested,2,1,-1
divide_conf,1,1,0
apic_dm_nmi,1,1,0
initial_count,1,1,0
str++,1,1,0
apic_lvt_timer,1,1,0
apic_common,4,1,-3
spurious_vec,3,1,-2
one-shot,2,2,0
tsc-deadline,2,1,-1
tpr,2,1,-1
apic_lvt_masked,1,1,0
tmr,1,1,0
apic_lvt_lint0,2,1,-1
lvt,2,1,-1
apiccommonstate,6,1,-5
esr,1,2,1
apic_lvt_lint1,1,1,0
dest_mode,2,1,-1
num_children,4,2,-2
unparent,1,1,0
waitformultipleobjects,5,1,-4
/dev/fdset/,1,1,0
bdrv_is_sg,2,1,-1
set_cc_static,2,1,-1
update_cc_op,1,1,0
gen_op_calc_cc,1,1,0
mvc,1,1,0
crossing,3,1,-2
vhost_set_log_base,1,1,0
vhost_call,1,1,0
lsock,7,2,-5
vnc_client_write_buf,1,1,0
'int',2,2,0
refcount_bits,3,1,-2
refcount-bits,1,1,0
naa,1,1,0
dvd-rom,1,1,0
stq_be_p,1,1,0
drive_serial_str,2,1,-1
identification,3,2,-1
wwn,1,1,0
drive_model_str,1,1,0
vital,1,1,0
vpd,1,1,0
0xe8,2,1,-1
can_write,1,1,0
svga_max_width,2,1,-1
svga_max_height,1,1,0
req_addr,4,1,-3
528,2,1,-1
g_try_new0,2,1,-1
sq,1,1,0
blockrequest,1,2,1
namespaces,2,1,-1
cq,1,1,0
compressed_chunk,2,2,0
uncompressed_chunk,4,2,-2
report_unsupported,1,1,0
0x514649fb,2,1,-1
0x6803f857,2,1,-1
autoclear_features,3,1,-2
qcow2.py,1,1,0
autoclear,1,1,0
'set,1,1,0
set-feature-bit,1,1,0
snapshot_offset,2,1,-1
header_length,3,1,-2
stdin,6,3,-3
bdrv_max_iotype,1,1,0
qemu/typedefs.h,6,1,-5
nr_ops,2,1,-1
nr_bytes,1,1,0
.crm,18,1,-17
pl1_rw,13,1,-12
.cp,14,1,-13
.crn,18,1,-17
pl1_w,5,1,-4
arm_cp_nop,8,1,-7
tcg_gen_ld8u_i64,1,1,0
tcg_gen_ld_i64,7,1,-6
tcg_gen_st_i64,7,1,-6
usp,1,1,0
ir_v0,3,2,-1
unrealistic,1,1,0
uncompressed,3,1,-2
monotonically,1,2,1
cloop,5,1,-4
513,2,1,-1
warns,1,2,1
g_thread_init,2,2,0
threading,1,2,1
g_thread_supported,2,1,-1
cp0_cause,1,1,0
cp0st_cu3,1,1,0
cp0c1_m,1,1,0
cp0_status,14,2,-12
cp0ca_bd,1,1,0
cp0c3_m,1,1,0
bits_per_byte,5,1,-4
manner,4,1,-3
s_fields,3,1,-2
sccb,5,1,-4
pgm_privileged,4,1,-3
psa,4,1,-3
sclp_service_call,2,1,-1
vga_ram_size,7,1,-6
.bits,1,1,0
driver\,2,1,-1
arguments\,2,2,0
virtio-blk-pci,11,1,-10
execute\,2,2,0
drive\,1,1,0
device_add\,2,1,-1
snap_count,1,1,0
zero_beyond_eof,2,1,-1
name=\,1,1,0
romsize,4,1,-3
datasize,3,1,-2
cpu_physical_memory_write_rom,3,1,-2
06zx,1,1,0
of=,2,1,-1
seek=,2,1,-1
conv=notrunc,2,1,-1
bs=1,2,1,-1
sem-,1,1,0
etimedout,2,1,-1
qapischemaerror,3,2,-1
:2:36,1,1,0
next_cpu-,3,1,-2
threadinfo,1,1,0
query_cpu,1,1,0
f|s,1,1,0
fse.fsdev_id,1,1,0
fsle,2,1,-1
fsle-,5,1,-4
no_frame,1,2,1
-no-frame,1,1,0
no_quit,2,1,-1
gtk,2,1,-1
sdl,12,4,-8
alt_grab,1,1,0
ctrl_grab,1,1,0
unassigned_mem_ops,2,1,-1
unassigned_mem_write,1,1,0
480/font_height,1,1,0
bg,2,1,-1
font_height,2,2,0
qemu_create_dummy_surface,1,1,0
640/font_width,1,1,0
color_table_rgb,1,1,0
font_width,1,1,0
qemu_create_displaysurface,2,1,-1
xenstore_write_be_int,2,1,-1
/config-host.mak,1,1,0
max_serial_ports,3,1,-2
qemu_chr_fe_claim_no_fail,2,1,-1
chr_name,4,1,-3
qemu_chr_fe_claim,1,1,0
handle_dependencies,3,1,-2
4296447488,1,1,0
write_count,1,2,1
backing_len,1,1,0
test_complete_top,1,1,0
'query-block,1,1,0
sync='top,1,1,0
accel_initialised,1,1,0
cpuid_xlevel,2,1,-1
vol,1,1,0
sdm,3,1,-2
eax=cpuid_level,1,1,0
cpuid_level,2,1,-1
iscsi_inquiry_sync,1,1,0
iscsi_readcapacity16_sync,1,1,0
task.complete,1,1,0
inq,1,1,0
portal,1,1,0
type_rom,5,1,-4
interrupt_packet-,1,1,0
usbredir,1,1,0
usbredir_already_in_flight,1,1,0
ram_memory,4,1,-3
pci_address_space,3,1,-2
i440fx_pam,1,1,0
pam,2,1,-1
device.lmp_name,2,1,-1
lmp_name,1,1,0
hci-,3,1,-2
tcg_gen_goto_tb,3,1,-2
numbered,1,1,0
hav,2,1,-1
nbd_client_put,1,2,1
pci_err_root_status,1,1,0
__copy_from_user,2,1,-1
copy_from_user,2,1,-1
si_float_regs,1,1,0
70,3,1,-2
~0xff,4,1,-3
69,3,1,-2
chksum,1,1,0
67,4,1,-3
eesk,1,1,0
pci_default_read_config,2,1,-1
pci_default_write_config,6,1,-5
qemu_opt_has_help_opt,1,1,0
is_help_option,2,1,-1
isoc,1,1,0
usb_ep_set_ifnum,1,1,0
usb_ep_set_type,1,1,0
blength,1,1,0
devep,3,2,-1
descr,2,1,-1
usb-linux,1,1,0
usb_dt_config,1,1,0
usb_dir_in,1,1,0
usb_host_read_file,1,1,0
bdescriptortype,1,1,0
buffer_reset,1,1,0
size=3221227008,1,1,0
017,1,1,0
196,1,1,0
filling,4,1,-3
io_zero,1,1,0
./common.pattern,5,1,-4
packet.ep-,1,1,0
involved,6,2,-4
curr-,2,1,-1
.p,1,1,0
usb_packet_is_inflight,1,1,0
usb_packet,2,1,-1
usb_ep_get,2,1,-1
qapi-dir,2,1,-1
h_file,1,1,0
/scripts/qapi-visit.py,1,1,0
/scripts/qapi-types.py,1,1,0
/scripts/qapi-commands.py,1,1,0
printing,2,1,-1
i386|x86_64|alpha|arm|cris|hppa|ia64|lm32|m68k|microblaze|mips|mips64|ppc|ppc64|s390|s390x|sparc|sparc64|unicore32,1,1,0
experimental,3,1,-2
arch=tci,1,1,0
.log_stop,1,1,0
vhost_dev_cmp_memory,1,1,0
.log_start,1,1,0
ioapic_init,2,1,-1
isa_irq_state-,1,1,0
strcat,6,2,-4
nan,6,1,-5
default_nan_mode,2,1,-1
a.high,1,1,0
0x3ff,6,1,-5
-25,1,1,0
-24,1,1,0
check_rxov,1,1,0
set_ics,1,1,0
fast-path,1,1,0
rtas_get_time_of_day,1,1,0
rtas_power_off,1,1,0
tm.tm_hour,1,1,0
get-time-of-day,1,1,0
tm.tm_sec,1,1,0
tm.tm_mday,1,1,0
1900,2,1,-1
hcall-dabr,1,1,0
tm.tm_mon,1,1,0
tm.tm_min,1,1,0
h_set_dabr,1,1,0
tm.tm_year,1,1,0
rtas_display_character,1,1,0
ins,1,1,0
num_bat_entries,2,1,-1
nums=,1,1,0
sum=,1,1,0
u1,2,1,-1
rxtx,1,1,0
mcast_idx,1,1,0
mcg_ctl_p,3,1,-2
sigtimedwait,1,1,0
mca,5,1,-4
mci_status_miscv,2,1,-1
msr_mcg_status.data,1,1,0
mci_status_ar,3,1,-2
excpetion,1,1,0
sigpending,1,1,0
kvm_mce_in_exception,1,1,0
kvm_msr_entry,3,1,-2
kvm_get_msr,1,1,0
mci_status_en,2,1,-1
action.sa_sigaction,1,1,0
mcg_ser_p,1,1,0
kmsrs-,1,1,0
waitset,1,1,0
mce_cap_def,3,1,-2
kvm_get_msrs,2,1,-1
srao,2,1,-1
action.sa_flags,1,1,0
msr_mcg_status,1,1,0
mci_status_addrv,2,1,-1
mcg_status_eipv,2,1,-1
action.sa_handler,1,1,0
nmsrs,3,1,-2
kvm_msrs,5,1,-4
sa_siginfo,2,1,-1
mci_status_s,2,1,-1
kmsrs,1,1,0
einprogress,5,1,-4
relationships,3,1,-2
blkdebug.o,1,1,0
parallels.o,1,1,0
block-nested-y,1,1,0
qsort,3,1,-2
src_iov,1,1,0
blkverify.o,1,1,0
cur-,1,1,0
hpet_ram_readl,1,1,0
expiration,1,1,0
hpet_tn_cmp,1,1,0
qemu_timer,1,1,0
qemu_irq_pulse,5,1,-4
timer_id,1,2,1
t-,20,1,-19
hpet_id,1,1,0
hpet_ram_readl\n,1,1,0
range\n,1,1,0
bdrv_snapshot_create,1,1,0
compare_sectors,1,1,0
optind++,5,2,-3
old_backing,1,1,0
new_backing,1,1,0
out_basefmt,1,1,0
happy,6,2,-4
before\n,1,1,0
rebasing,1,1,0
'-u,2,1,-1
renaming,4,1,-3
uhf,1,1,0
bs_new_backing,2,1,-1
bs_old_backing,2,1,-1
brdv_o_flags,1,2,1
backing_name,1,1,0
corrupted.\n,1,1,0
corrupted\n,1,1,0
l2_offset=,2,1,-1
ram_save_flag_full,1,1,0
inflateinit,1,2,1
bdrv_hash_block_size,1,1,0
z_stream,1,1,0
zstream.avail_in,2,1,-1
inflate,1,1,0
qemu_get_be16,5,1,-4
ram_cblock_magic,1,1,0
z_stream_end,2,1,-1
zstream.next_in,2,1,-1
obsolete,5,1,-4
z_ok,3,2,-1
ram_load_dead,1,1,0
zstream,2,2,0
i+=,1,1,0
zstream.next_out,2,1,-1
iobuf_size,1,1,0
zstream.avail_out,2,1,-1
ua,1,1,0
dbms,1,1,0
qemu_put_8s,3,1,-2
msg_action,1,1,0
msg_len,1,1,0
ctest2,1,1,0
mmws,1,1,0
dmode,1,1,0
pci_device_load,3,1,-2
qemu_get_8s,3,1,-2
pci_device_save,2,1,-1
dbc,4,1,-3
sfs,1,1,0
dnad64,1,1,0
mmrs,1,1,0
qemu_get_sbe32s,3,1,-2
lsistate,2,1,-1
ccntl1,1,1,0
sbms,1,1,0
current_dma_len,2,1,-1
qemu_put_be32s,6,1,-5
drs,1,1,0
ppc_feature_has_altivec,1,1,0
ppc_float,7,1,-6
0x00000400,2,2,0
get_feature,3,1,-2
altivec,6,1,-5
0x00000800,1,2,1
ppc_spe_single,2,1,-1
0x00000040,4,2,-2
0x00000100,6,2,-4
nvrreg,1,1,0
0x00000200,6,2,-4
ppc_spe_double,2,1,-1
ppc_feature_has_vsx,1,1,0
ppc_405_mac,2,1,-1
elf_class,4,1,-3
ppc_spe,2,1,-1
0x00020000,4,1,-3
ppc_feature_has_dfp,1,1,0
output.buffer,2,1,-1
vnc_client_io_error,1,1,0
vnc_disconnect_finish,2,1,-1
guest.ds,1,2,1
vnc_tls_client_cleanup,1,1,0
input.buffer,1,1,0
disable-gfx-check,1,1,0
vnc_display_open,1,1,0
graphical,4,1,-3
sdl=,1,1,0
compiling,1,1,0
check_gfx=,1,1,0
cocoa,3,2,-1
displays,2,1,-1
vnc_socket_local_addr,1,1,0
check_gfx,1,1,0
-sector_num,1,1,0
bdrv_check_byte_request,2,1,-1
2tb,1,1,0
get_cluster_table,1,1,0
config_h,7,1,-6
pagedesc,5,2,-3
page_find_alloc,1,1,0
l1_map,2,1,-1
fsr_ftt_nmask,1,1,0
objs=,1,1,0
cross_prefix=,1,1,0
\\\-laa,1,1,0
static-libs,1,1,0
cross_prefix,6,1,-5
aalib-config,1,1,0
121,2,1,-1
enable-mingw32,1,1,0
mingw32=,1,1,0
-lt,2,1,-1
's/,3,1,-2
-lpthread,1,1,0
aa,1,1,0
disas_swi,2,1,-1
readline_start,3,1,-2
monitor_handle_command1,2,1,-1
io_mem_romd,2,1,-1
buffered,5,1,-4
pfl,3,1,-2
wcycle,2,1,-1
total_len,4,1,-3
fl_mem,1,1,0
++addr,1,1,0
addr++,2,1,-1
qemu_send_packet,5,1,-4
tpsr,1,1,0
tcnt,1,1,0
gen_op_mov_reg_t0,1,1,0
ot,7,1,-6
optimized,6,1,-5
r_esp,6,1,-5
add16,1,1,0
r_ecx,18,1,-17
tf_mask,4,1,-3
r_esi,5,1,-4
r_edx,24,1,-23
r_ebp,5,1,-4
r_eax,22,1,-21
qemu.h,1,1,0
2003,2,1,-1
r_edi,5,1,-4
tss,2,1,-1
if_mask,3,1,-2
r_ebx,14,1,-13
0xe6,2,1,-1
readlinestate,2,1,-1
sdhc,1,1,0
attr=,1,1,0
admasysaddr,1,1,0
admasysaddr=0x,1,1,0
mismatch\n,1,1,0
errprint,1,1,0
dscr.attr,1,1,0
addr=,6,1,-5
=0x,1,1,0
adma,1,1,0
dprint_l1,1,1,0
buffer\n,3,1,-2
response\n,1,1,0
dprint_l2,1,1,0
data_count,1,1,0
proxypassword,1,1,0
proxyusername,1,1,0
tpm_op_canceled,1,1,0
bdrv_drained_begin,4,2,-2
info.flags,2,1,-1
nvic_first_irq,2,1,-1
0x380,1,1,0
non-secure,19,1,-18
nonsecure,10,1,-9
get_v7m_sp_ptr,1,1,0
frameptr,1,1,0
pushed,4,1,-3
xpsr_it,1,1,0
targets_secure,1,1,0
switch_v7m_security_state,3,1,-2
frame_sp_p,1,1,0
destruction,1,1,0
parallel_hds,2,1,-1
separators,1,1,0
2.10.0,1,1,0
test_server_connect,1,1,0
reconnect=1,1,1,0
test_server_create_chr,1,1,0
blx,1,1,0
literal,5,1,-4
exchange,1,1,0
p_end,1,1,0
html,2,1,-1
check-block,2,1,-1
.phony,8,1,-7
check-speed,2,1,-1
config-host.mak,4,1,-3
v=1,2,1,-1
check-clean,2,1,-1
check-qtest-target,1,1,0
regenerate,1,1,0
check-qapi-schema,3,1,-2
check-qtest,2,1,-1
check-unit,2,1,-1
check-report.html,1,1,0
bdrv_password_cb,2,1,-1
error_class_device_encrypted,1,1,0
hmp_cont_cb,1,1,0
monitor_read_block_device_key,2,1,-1
readline_opaque,1,1,0
bdev-,1,1,0
password_opaque,1,1,0
monitor_read_password,2,1,-1
key_is_missing,1,1,0
encryption_key_missing,3,2,-1
qmp_cont,1,1,0
monitor_read_bdrv_key_start,2,1,-1
bdev,1,1,0
blockinfolist,2,1,-1
bdrv_add_key,1,1,0
bdev_list,1,1,0
bdrv_key_required,5,2,-3
bdrv_o_no_io,3,1,-2
block_passwd,1,1,0
blk_by_name,8,1,-7
monitor_read_command,3,1,-2
completion_cb,1,1,0
password_completion_cb,1,1,0
qmp_query_block,1,1,0
bdrv_get_encrypted_filename,3,1,-2
qcryptoblockinfo,1,1,0
q_crypto_block_format_luks,2,1,-1
spec_info,1,1,0
u.luks,2,1,-1
erase,1,1,0
'luks,2,1,-1
u.qcow,1,1,0
spec_info-,2,1,-1
qapi_free_qcryptoblockinfo,1,1,0
qcrypto_block_get_info,1,1,0
imageinfospecific,1,1,0
'aes,1,1,0
'qcryptoblockinfoluks,1,1,0
'format,2,1,-1
q_crypto_block_format_qcow,1,1,0
nbd_client_closed,1,1,0
resizing,2,1,-1
in-flight,13,1,-12
patb_entry,1,1,0
hcall,1,1,0
registration,3,1,-2
gr,3,1,-2
mmu-book3s-v3.h,2,1,-1
lpcr_uprt,2,1,-1
patbe1_gr,1,1,0
said,3,1,-2
spapr_hpt_shift_for_ramsize,1,1,0
mess,1,1,0
key-fragments,1,1,0
key-fragment,1,1,0
rooted,1,1,0
ii,1,1,0
consist,1,1,0
keyval,1,1,0
flaw,1,1,0
compare_chr_send,1,1,0
comparestate,3,1,-2
g_main_loop_run,3,1,-2
chr_out,2,1,-1
g_queue_pop_head,1,1,0
colo_compare_connection,2,1,-1
packet_destroy,2,1,-1
connection_track_table,1,1,0
worker_context,4,1,-3
compare_loop,2,1,-1
g_queue_is_empty,2,1,-1
walks,1,1,0
opts_visitor_new,4,1,-3
genuinely,1,1,0
server-,7,1,-6
qmp_marshal_qmp_capabilities,1,1,0
invalid_qmp_mode,2,1,-1
is_cap,1,1,0
virtio_init_region_cache,1,1,0
virtfs.uid,1,1,0
virtfs.gid,1,1,0
virtfs.mode=,1,1,0
tmp_rdev,1,1,0
virtfs.mode,1,1,0
virtfs.rdev,1,1,0
virtfs.uid=,1,1,0
rdev,1,1,0
attr_max,1,1,0
update_map_file,2,1,-1
virtfs.rdev=,1,1,0
virtfs.gid=,1,1,0
pt_setxattr,1,1,0
lsetxattr,2,1,-1
qio_channel_websock_upgrade_websocket,1,1,0
canonicalize,1,1,0
no-cache,1,1,0
nl,1,1,0
tmp++,2,1,-1
sep,4,1,-3
g_strstr_len,1,1,0
obj_path,1,1,0
scsi_write_data,1,1,0
smi_negotiated_features,1,1,0
cpu_interrupt_smi,3,1,-2
lpc-,8,1,-7
pcr_supported,1,1,0
pcr_compat_2_07,2,1,-1
oldest,1,1,0
ac97linkstate,1,1,0
m25p80,1,1,0
ne,2,1,-1
a4,3,1,-2
slli,1,1,0
a15,3,1,-2
a5,1,1,0
eqi,4,1,-3
has_size,3,1,-2
poweroff,1,1,0
no_shutdown,2,1,-1
2.8,13,1,-12
g_array_append_vals,3,1,-2
post_plug,1,1,0
g_array_new,7,1,-6
nvdimmfitbuffer,2,1,-1
hdc-,2,1,-1
bioslinker,4,1,-3
hdc,2,1,-1
nvdimm_acpi_hotplug,2,1,-1
acpi_nvdimm_state.dsm_mem,1,1,0
dsm_mem,9,1,-8
fit_buf,1,1,0
hotplug_handler_get_class,2,1,-1
hotplughandlerclass,2,1,-1
table_offsets,10,1,-9
fit_buf-,3,1,-2
plugged_dev,2,1,-1
structures-,1,1,0
pc_dimm_post_plug,1,1,0
fit-,2,1,-1
pc_machine_device_post_plug_cb,1,1,0
nvdimm_build_nfit,2,1,-1
plug_handler,2,1,-1
nvdimm_build_ssdt,3,1,-2
acpi_nvdimm_state,3,1,-2
hotplug_handler_post_plug,1,1,0
dsm_dma_arrea,1,1,0
acpinvdimmstate,4,1,-3
nvdimm_get_plugged_device_list,4,1,-3
archheading,1,1,0
colo_compare_udp_miscompare,1,1,0
colo_filter_rewriter_conn_offset,1,1,0
colo_filter_rewriter_debug,1,1,0
stb,1,1,0
sta,1,1,0
net/filter-rewriter.c,1,1,0
colo_filter_rewriter_pkt_info,1,1,0
colo_compare_miscompare,1,1,0
colo_compare_icmp_miscompare,1,1,0
ppc2_bctar_isa207,1,1,0
ppc_integer,1,1,0
stacks,1,1,0
host_ia64,1,1,0
virtio_scsi_free_req,1,1,0
ppc_segment_64b,6,1,-5
raise_exception_err,11,1,-10
idt,1,1,0
is_int,3,1,-2
hf_cpl_mask,3,1,-2
/logging/parse_path,1,1,0
test_parse_path,1,1,0
g_dir_make_tmp,1,1,0
q_unix-,3,1,-2
nbd_config,2,1,-1
setcc,5,1,-4
s390_set_status_code,1,1,0
zpci_pci_ls_err,1,1,0
iommu_mr,2,1,-1
s390_iommu_ops,1,1,0
pal,1,1,0
iommu-s390,1,1,0
iscsi_co_get_block_status,2,1,-1
msr_ri,2,1,-1
lpes1,1,1,0
qapi_free_userdefnativelistunion,1,2,1
visit_type_foo_members,1,1,0
advancing,3,1,-2
qapi_free_userdefonelist,2,1,-1
qapi_free_userdefone,1,1,0
confirm,8,1,-7
ud2,1,1,0
visit_type_foo,2,1,-1
ud2-,2,1,-1
construction,1,1,0
fb-,3,2,-1
socket_connect_data_free,1,1,0
qcryptotlscredsendpoint,1,1,0
u.inet.data-,2,1,-1
crypto/tlscreds.h,1,1,0
socket_address_kind_inet,7,1,-6
virtio_panic,1,1,0
eai_family,1,1,0
ai_family,2,1,-1
sa-,1,1,0
.sin6_family,1,1,0
has_ipv4,6,1,-5
eai_addrfamily,1,1,0
ai_protocol,1,1,0
sin6,1,1,0
in6addr_loopback_init,1,1,0
.sin6_addr,1,1,0
check_bind,1,1,0
has_proto,1,1,0
has_ipv6,5,1,-4
sa_family,2,1,-1
sockaddr_in6,1,1,0
ai_socktype,1,1,0
observer,1,1,0
nchars,1,1,0
uhci_async_find_td,2,1,-1
uhci_async_free,2,1,-1
dev_rndis_config_value,1,1,0
dev.config-,1,1,0
vmxnet3,1,1,0
rx_pkt,1,1,0
to_replace-,1,1,0
replaced_bs,1,1,0
replaced_bs-,1,1,0
packet.\n,1,1,0
pcnet_debug_rmd,1,1,0
4092,2,1,-1
cred,11,1,-10
trace_qcrypto_tls_creds_get_path,1,1,0
io_iterator_t,1,1,0
kernresult,1,1,0
bsdpath,1,1,0
mediaiterator,1,1,0
getbsdpath,1,1,0
kern_return_t,1,1,0
atapi_cmd_table,2,1,-1
block_max_iotype,1,1,0
'set-state,1,1,0
'drive1,3,1,-2
'124k,1,1,0
sync='incremental,1,1,0
kwargs.iteritems,1,1,0
eliminate,3,2,-1
'new_state,1,1,0
self.img_create,2,1,-1
self.assertnotequal,2,1,-1
self.add_bitmap,1,1,0
self.check_backups,1,1,0
'inject-error,2,1,-1
'blkdebug,2,1,-1
self.add_node,1,1,0
self.make_reference_backup,1,1,0
io_write_patterns,1,1,0
self.assertfalse,2,1,-1
self.drives,2,1,-1
'32k,1,1,0
'transaction,1,1,0
kwargs,2,1,-1
'state,2,1,-1
format=drive0,1,1,0
'32m,1,1,0
'bitmap0,2,1,-1
xenforeignmemory_unmap,1,1,0
apis,6,1,-5
fbmfns,2,1,-1
xenforeignmemory_open,1,1,0
xenfb-,5,1,-4
xc_map_foreign_bulk,2,1,-1
xenforeignmemory_handle,1,1,0
fmem,1,1,0
fbpages,2,1,-1
n_fbdirs,1,1,0
xen_fmem,1,1,0
xenforeignmemory_map,1,1,0
xc_handler_initial_value,2,1,-1
pgmfns,1,1,0
map_shared,11,1,-10
type_qcrypto_tls_creds_x509,1,1,0
crypto/tlscredspriv.h,2,1,-1
nodir,1,1,0
config_gnutls,3,1,-2
parent_obj.dir,1,1,0
qcrypto_tls_creds_dh_params,1,1,0
qcrypto_tls_creds_x509,1,1,0
gnutls_x509_fmt_pem,2,1,-1
rv,7,1,-6
qcrypto_tls_creds_get_path,2,1,-1
qcrypto_tls_creds_get_dh_params_file,2,1,-1
nada,1,1,0
credential,2,1,-1
parent_obj.endpoint,1,1,0
dhparams,1,1,0
qcryptotlscredsx509,1,1,0
parent_dev-,3,1,-2
complicate,1,1,0
cpu_hp_io_base,1,1,0
135,1,1,0
net_dump_init,1,1,0
vnc_client_read_buf,1,1,0
buffer_end,1,1,0
listen_id,1,1,0
infop-,3,1,-2
get_user_u64,3,1,-2
virtio_rng_load_device,1,1,0
virtio_rng_process,3,1,-2
block_op_type_eject,2,1,-1
blit_region_is_unsafe,1,1,0
cp0st_sr,1,1,0
cp0st_nmi,1,1,0
cp0st_ksu,2,1,-1
0x00180000,1,1,0
blk_op_unblock_all,1,1,0
blk_op_is_blocked,1,1,0
block_op_type_dataplane,1,1,0
blk_op_block_all,1,1,0
kvm_mp_state,2,1,-1
cpu_state_operating,4,1,-3
cpu_state,1,1,0
kvm_mp_state_stopped,1,1,0
env.cpu_state,2,1,-1
cpu_state_stopped,4,1,-3
cpu_state_load,1,1,0
cpu_state_check_stop,1,1,0
mp_state.mp_state,2,1,-1
kvm_set_mp_state,2,1,-1
sd0,1,1,0
lazy-refcounts,2,1,-1
format-specific,2,1,-1
ide1-cd0,3,1,-2
floppy0,3,1,-2
actual-size,3,1,-2
detect_zeroes,4,1,-3
qemu_aio_context,4,1,-3
aio_context_new,3,1,-2
v6,5,1,-4
fpen,3,1,-2
cpacr,1,1,0
cp15.c1_coproc,1,1,0
arm_feature_v6,6,1,-5
.buf,2,1,-1
quorum_read_pattern_fifo,1,1,0
read_pattern,1,1,0
read_fifo_child,1,1,0
ex_ptr,1,1,0
statically,2,1,-1
pty_chr_state,2,1,-1
percentage,2,1,-1
0.5,2,1,-1
quorum=,1,1,0
0x42,8,1,-7
rewrite_count,1,1,0
x-,1,1,0
pc_dimm_addr_prop,3,1,-2
new_addr,4,1,-3
pc_dimm_size_prop,3,1,-2
hotplug_memory_base,1,1,0
spans,7,1,-6
page_reserved,3,1,-2
new_ptr,1,1,0
h2g_valid,10,1,-9
h2g,10,1,-9
page_set_flags,5,1,-4
0x30b,1,1,0
0x308,1,1,0
spr_dabr,1,1,0
dabr,1,1,0
spr_read_ureg,1,1,0
gen_spr_7xx,1,1,0
gen_spr_book3s_dbg,1,1,0
hw/qdev-properties.h,4,1,-3
powerpc_servercpu_properties,1,1,0
propertyinfo,6,1,-5
excp_fiq,2,1,-1
arm_current_pl,3,1,-2
el1,8,1,-7
cpsr_read,1,1,0
arm_log_exception,1,1,0
exclusive_addr,2,1,-1
internals.h,3,1,-2
0x600,1,1,0
excp_bkpt,2,1,-1
mandated,3,1,-2
daif,3,1,-2
exception.vaddress,6,1,-5
excp_swi,2,1,-1
xregs,5,1,-4
excp_prefetch_abort,4,1,-3
excp_data_abort,5,1,-4
excp_irq,1,1,0
next_cluster_index,1,1,0
free_cluster_index++,1,1,0
.o,12,1,-11
do_cc,2,2,0
sequence\n,2,1,-1
log_dis,1,2,1
multiplier,2,1,-1
blockdev_init,2,1,-1
elfmag3,1,1,0
must_swab,2,1,-1
ehdr.e_machine,2,1,-1
em_ppc,3,1,-2
em_386,2,1,-1
data_order,1,1,0
pgm_specification,13,1,-12
ill,1,1,0
st_gen,1,1,0
p9_stats_gen,1,1,0
isolated,6,1,-5
first_x86_cpu-,1,1,0
p_flags,1,1,0
adds,12,1,-11
p_offset,2,1,-1
vmcore,2,1,-1
lersek,3,1,-2
p_vaddr,1,1,0
e_type,1,1,0
p_filesz,2,1,-1
ersek,3,1,-2
identifying,3,1,-2
super,2,1,-1
halfway,1,1,0
.__init__,1,1,0
laszlo,3,1,-2
tqe_next,1,1,0
joined,1,1,0
host-virtual,1,1,0
e_shentsize,2,1,-1
em_x86_64,3,1,-2
guest_phys_blocks_init,1,1,0
e_phnum,2,1,-1
e_ehsize,1,1,0
guest-physical,1,1,0
predecessor_size,1,1,0
e_phentsize,1,1,0
e_machine,2,1,-1
struct.struct,1,1,0
p_align,1,1,0
traversal,2,1,-1
elfdata2lsb,1,1,0
ev_current,1,1,0
env.hflags,2,1,-1
simplicity,6,1,-5
sh_info,1,1,0
gdb.parse_and_eval,1,1,0
tqh_first,1,1,0
x86-64,3,1,-2
continuity,1,1,0
guest_phys_blocks_append,1,1,0
firing,1,1,0
co.,6,1,-5
virtio_scsi_device_exit,1,1,0
virtio_scsi_common_exit,1,1,0
vhost_scsi_exit,1,1,0
worthwhile,1,1,0
at_hwcap,2,1,-1
.word,2,1,-1
facility_ext_imm,4,1,-3
stfle,1,1,0
facilities,2,1,-1
supported.\n,1,1,0
hwcap,1,1,0
z/architecture,2,1,-1
qemu_getauxval,1,1,0
facility_zarch_active,1,1,0
sigill,2,1,-1
facility_long_disp,1,1,0
31-bit,5,1,-4
translator,4,1,-3
immediates,3,1,-2
facility_gen_inst_ext,2,1,-1
cow_test_bit,1,1,0
bits_per_bitmap_sector,1,1,0
bitnum,1,1,0
cow_find_streak,1,1,0
num_same,1,2,1
ece025f5980bae88fa677bc9c0d24d2e580e205d,1,1,0
enable_write_target,1,1,0
bdrv_create,2,1,-1
unicast,2,1,-1
qemu_get_nic_opaque,7,1,-6
.2x,2,1,-1
./,6,1,-5
test_visitor_in_native_list_int8,1,1,0
test_visitor_in_native_list_int16,1,1,0
visit_type_userdefnativelistunion,2,1,-1
test_visitor_in_native_list_int,1,1,0
.0,1,1,0
token_get_value,3,1,-2
fractional,1,1,0
virtio_net_f_mac,6,1,-5
kbd_put_keycode,2,1,-1
qemu_set_nonblock,3,1,-2
get_opt_name,5,1,-4
0123,1,1,0
parse_uint,1,1,0
-321,1,1,0
last_in_offset+read_off,1,1,0
last_out_offset,1,1,0
read_off,1,1,0
chunk_count,1,1,0
last_out_offset+read_off,1,1,0
vga_crtc_cursor_end,1,1,0
vga_crtc_cursor_start,1,1,0
vga_cga_hacks,1,1,0
cga_hacks=,1,1,0
vga_crtc_max_scan,1,1,0
ar_flip_flop,1,1,0
opts++,1,1,0
vga_crtc_overflow,1,1,0
~0x10,1,1,0
0x3c0,2,2,0
ar_index,1,1,0
font,1,1,0
ega/vga,1,1,0
crtc,1,1,0
vga_cga_hack_font_height,1,1,0
cr_index,3,1,-2
hack1,1,1,0
vga_cr11_lock_cr0_cr7,1,1,0
cr7,1,1,0
vga_crtc_v_sync_end,1,1,0
vga_cga_hack_palette_blanking,1,1,0
0x3d5,1,1,0
'+,4,1,-3
nextopt,2,1,-1
hacks,6,1,-5
fonts,1,1,0
hack2,1,1,0
palette_blanking,1,1,0
blanking,1,1,0
capturing,1,1,0
warning-generating-errors,1,1,0
obvious,2,1,-1
developers,5,1,-4
disable-werror,1,1,0
rerun,2,1,-1
enable-werror,2,1,-1
config.log,2,1,-1
rerunning,1,1,0
ir_a3,1,1,0
sysret,4,1,-3
trapnr,6,1,-5
badf,3,1,-2
zd\n,1,1,0
0xaa,7,1,-6
nbd_send_reply,1,1,0
usbcmd,1,1,0
last_run_ns,4,1,-3
250000000,1,1,0
ehci_queues_rip_unused,2,1,-1
addess,1,1,0
.bdrv_co_is_allocated,1,1,0
cow_is_allocated,1,1,0
.bdrv_is_allocated,3,1,-2
tsc_freq,3,1,-2
strtosz_suffix,1,1,0
strtosz_defsuffix_b,2,1,-1
fdrivetype,1,1,0
fd_type,1,1,0
fdrive_drv_none,1,1,0
parg++,1,1,0
msg.msg_controllen,1,1,0
strrchr,4,1,-3
parg,1,1,0
nc.info_str,2,1,-1
max_op_per_instr,1,1,0
208,1,1,0
warp,5,1,-4
qemuclock,6,1,-5
qemu_timer_expired,3,1,-2
warp_delta,2,1,-1
-for,1,1,0
active_timers,8,1,-7
warps,1,1,0
externally,2,1,-1
continously,1,1,0
extreme,1,1,0
qemu_icount_bias,1,1,0
earliest,1,1,0
cur_time,1,1,0
qemu_clock_warp,5,1,-4
statements,4,1,-3
qemu_next_deadline,1,1,0
icount_warp_rt,2,1,-1
clocks,7,1,-6
synchronized,3,1,-2
computed,7,1,-6
reader,6,1,-5
config_smartcard_nss,1,1,0
ct,8,1,-7
invalid_display,1,1,0
records,2,1,-1
dedicated,6,1,-5
.event,2,1,-1
x4,1,1,0
'count,3,1,-2
pthread_mutex_initializer,2,1,-1
__sync_fetch_and_add,1,1,0
s.\n,1,1,0
pthread_cond_t,2,1,-1
cc_dst,5,1,-4
pprint_int32,2,1,-1
pprint_int64,1,1,0
llogfile,2,1,-1
flock,3,1,-2
pprint_str,1,1,0
proc_id,1,1,0
virtqueue_avail_bytes,1,1,0
cursor.mask,2,1,-1
virtio_f_bad_feature,5,1,-4
get_features,2,1,-1
.get_features,2,1,-1
.vlan,1,1,0
qdev_unplug,4,1,-3
set_rate_limit,1,1,0
vnc_set_bit,1,1,0
dirty_row,1,1,0
old_data,2,1,-1
mtrr_fixed,2,1,-1
msr_mtrrphysmask,1,1,0
mtrr_var,3,1,-2
mtrr_deftype,2,1,-1
mtrrs,1,1,0
cirrus_id_clgd5446,1,1,0
bustype,1,1,0
vga_io_memory,1,1,0
vga_reset,1,1,0
/qemu-img,3,1,-2
mandir,1,1,0
/qemu-nbd,1,1,0
116,3,1,-2
110,3,1,-2
118,1,1,0
111,3,1,-2
119,2,1,-1
target_alpha,14,1,-13
target_io,1,1,0
lock/unlock,1,1,0
115,1,1,0
_ior,1,1,0
termios,1,1,0
target_cris,3,1,-2
_iow,1,1,0
ldx,1,1,0
p1,6,1,-5
sdr_sh,1,1,0
msk,2,2,0
pp_check,2,1,-1
batu,2,1,-1
powerpc_mmu_601,4,1,-3
~bl,1,1,0
get_bat,2,1,-1
batl,3,1,-2
bl,9,1,-8
nb_bats,5,1,-4
blp,1,1,0
0x00001ffc,1,1,0
validp,1,1,0
powerpc_flag_dwe,1,1,0
powerpc_flag_401x2,1,1,0
powerpc_flag_none,1,1,0
powerpc_flag_tgpr,1,1,0
0x00000008,4,1,-3
powerpc_flag_ce,1,1,0
powerpc_flag_401x3,1,1,0
powerpc_flag_pmm,3,1,-2
powerpc_flag_se,3,1,-2
powerpc_flag_401,1,1,0
0x00000010,4,1,-3
powerpc_flag_be,3,1,-2
powerpc_flag_de,1,1,0
powerpc_flag_px,1,1,0
powerpc_flag_uble,1,1,0
cc_op_logicb,1,1,0
access_ok,3,1,-2
wrapped,4,1,-3
page_find,1,1,0
page_valid,2,1,-1
page_check_range,1,1,0
==0,1,1,0
