token,0,1,sub
fi,146,66,-80
error_exit,16,11,-5
compile_object,1,3,2
compile_prog,40,24,-16
write_c_skeleton,1,1,0
compiler,16,10,-6
c,342,214,-128
ok,35,19,-16
works,33,13,-20
anything,30,21,-9
second,32,21,-11
tcg_gen_qemu_ld64,2,2,0
reset,101,46,-55
qemu_clock_get_ns,17,12,-5
tcgv_i64,24,6,-18
third,2,2,0
used,261,122,-139
no_exit,7,4,-3
qemu_clock_virtual,29,11,-18
values,105,66,-39
helper,67,32,-35
timer,86,43,-43
get_field,11,9,-2
interrupt,82,46,-36
care,26,19,-7
fake,13,7,-6
.,1510,857,-653
cpu,516,200,-316
get_address,3,1,-2
also,128,62,-66
d1,8,2,-6
first,154,110,-44
r3,16,7,-9
store,63,29,-34
d2,5,2,-3
operand,3,2,-1
disascontext,78,33,-45
tcg_temp_new_i64,18,4,-14
fields,88,42,-46
tcg_gen_sub_i64,2,2,0
ssf,2,2,0
negative,30,25,-5
0,244,130,-114
exitstatus,7,6,-1
cpu_env,83,47,-36
def_helper_flags_1,4,3,-1
env,762,333,-429
extract,5,5,0
i64,19,10,-9
time,109,61,-48
fetch,26,9,-17
operands,1,2,1
tcg_gen_mov_i64,7,5,-2
uint64_max,13,16,3
modifying,3,1,-2
tcg_gen_addi_i64,5,1,-4
in1,3,2,-1
in2,10,2,-8
tmp,119,96,-23
cputm,5,2,-3
tcg_call_no_rwg,5,4,-1
regs,118,48,-70
*,1267,751,-516
tcg_temp_free_i64,21,7,-14
disasops,6,4,-2
addr1,18,11,-7
cpus390xstate,35,4,-31
b2,2,1,-1
os,38,27,-11
could,86,55,-31
get_mem_index,6,4,-2
get,175,89,-86
b1,3,4,1
n't,361,247,-114
load,48,29,-19
process,43,42,-1
einval,166,147,-19
length,154,77,-77
nbd_max_buffer_size,5,3,-2
priu32,16,11,-5
errp,507,353,-154
error_setg,285,216,-69
null,1344,945,-399
dc,140,84,-56
uses,60,37,-23
reason,35,38,3
board,10,9,-1
user_creatable,4,13,9
support,171,81,-90
serial_hds,13,7,-6
multiple,73,33,-40
cpus,70,30,-40
realize,34,19,-15
info,209,113,-96
monitor_disas_is_physical,1,1,0
read_memory_func,1,1,0
bfd_byte,2,1,-1
bfd_vma,1,1,0
cpu_physical_memory_read,12,7,-5
monitor_read_memory,1,1,0
cpu_memory_rw_debug,4,6,2
myaddr,1,2,1
container_of,77,27,-50
is_physical,1,3,2
memaddr,1,2,1
config,125,55,-70
conf,64,52,-12
udev,4,2,-2
offset,319,242,-77
amount,12,9,-3
max,121,78,-43
encoutput,1,2,1
allow,75,45,-30
wioc,2,2,0
buffers,11,7,-4
rawoutput,1,2,1
qio_channel_websock_max_buffer,1,2,1
note_size,3,3,0
cpu_to_dump64,1,2,1
cpu_to_dump32,1,2,1
div_round_up,33,11,-22
kh,1,2,1
name_size,5,6,1
bs,458,327,-131
bdrv_set_backing_hd,4,4,0
bdrv_attach_child,1,1,0
failed,32,43,11
backing,56,33,-23
sasl,6,5,-1
vnc_debug,10,8,-2
ioc,15,26,11
vs,79,58,-21
datalen,6,3,-3
mechs,1,1,0
expect,17,14,-3
message,29,17,-12
method,41,11,-30
major,9,3,-6
minor,11,3,-8
username,5,3,-2
conn,7,5,-2
got,19,8,-11
auth,16,4,-12
len,327,218,-109
ret,798,587,-211
val,241,144,-97
subauth,5,2,-3
err,221,200,-21
display,22,8,-14
state,281,138,-143
data,583,363,-220
name,611,333,-278
ref,11,5,-6
view,11,3,-8
somebody,1,1,0
atomic_inc,4,5,1
atomic_rcu_read,7,6,-1
flatview,1,2,1
typeof,4,2,-2
as-,2,1,-1
concurrently,4,4,0
returns,132,73,-59
ptr,68,44,-24
false,46,20,-26
flatview_ref,1,1,0
replaced,13,4,-9
current_map,2,4,2
gchar,41,19,-22
fd,212,157,-55
value,485,256,-229
qobject_to_qdict,30,11,-19
status,182,131,-51
fixture,4,2,-2
g_assert_cmpint,40,24,-16
set,381,209,-172
check,389,194,-195
list,165,96,-69
cmd,108,86,-22
qlist_first,16,7,-9
qdict_haskey,30,9,-21
qdict_get_qlist,2,4,2
qlist,31,10,-21
g_test_add_data_func,9,4,-5
back,67,39,-28
qdict_get_int,22,6,-16
qmp_fd,3,4,1
g_free,315,386,71
g_strdup_printf,86,54,-32
old,79,48,-31
g_assert_nonnull,7,4,-3
entry,161,92,-69
testfixture,2,1,-1
g_assert_cmpstr,18,12,-6
qdecref,59,39,-20
g_assert,151,90,-61
qdict_get_try_str,16,12,-4
qlistentry,8,3,-5
qdict,114,48,-66
current,113,63,-50
fix,37,20,-17
g_usec_per_sec,2,1,-1
qmp_assert_no_error,1,1,0
prid64,51,32,-19
g_getenv,1,1,0
gconstpointer,12,7,-5
run_state_paused,4,8,4
run_state_postmigrate,2,3,1
run_state_finish_migrate,2,5,3
dprintf,84,54,-30
pow2floor,3,3,0
inited,6,4,-2
/**,136,57,-79
resize,13,7,-6
pagecache,2,5,3
success,60,44,-16
cache,68,34,-34
num_pages,2,1,-1
struct,33,12,-21
size,589,434,-155
new_cache,1,2,1
pointer,87,44,-43
page_size,21,6,-15
cache_init,2,3,1
extra,24,22,-2
error,544,362,-182
-1,23,31,8
keep,48,24,-24
new,89,51,-38
move,21,9,-12
case,142,93,-49
page,125,59,-66
freed,14,12,-2
@,198,94,-104
pages,52,32,-20
finished,6,13,7
json,55,25,-30
types_seen,1,2,1
number,163,87,-76
alternate,18,7,-11
conflict,4,7,3
qapisemerror,7,1,-6
qtype,14,7,-7
str,129,78,-51
raise,47,27,-20
two,69,40,-29
tests,122,58,-64
string,82,52,-30
qapi,49,23,-26
schema,44,20,-24
alt,9,5,-4
num,59,42,-17
key,98,54,-44
one,187,120,-67
conflicting,4,1,-3
member,37,16,-21
tpmdriverops,1,1,0
type,462,186,-276
desc,99,38,-61
qapi_enum_parse,6,4,-2
be_drivers,1,1,0
strcmp,156,56,-100
error_report,240,175,-65
assert,499,339,-160
minimum,16,2,-14
signature_low,1,1,0
forth,3,2,-1
disk,57,46,-11
code,247,102,-145
strlen,77,41,-36
readb,5,6,1
x86,15,7,-8
firmware,18,9,-9
bytes,152,124,-28
feature,44,16,-28
boot_sector,1,2,1
signature_addr,1,1,0
q35,4,5,1
sector,58,35,-23
bug,29,27,-2
g_str_equal,16,5,-11
arch,31,24,-7
based,61,28,-33
boot_code,1,1,0
static,25,8,-17
script,3,3,0
const,16,4,-12
open,73,89,16
+,50,31,-19
use,332,166,-166
char,22,8,-14
write,255,149,-106
sizeof,13,7,-6
qtest_get_arch,14,5,-9
high,24,11,-13
signature,24,8,-16
boot_sector_address,1,1,0
g_malloc0,96,75,-21
?,135,83,-52
memory,199,94,-105
instead,71,45,-26
signature_offset,1,1,0
signature_high,1,1,0
uint8_t,4,2,-2
system,75,39,-36
boot,25,12,-13
requires,34,28,-6
memcpy,112,61,-51
machine,128,65,-63
512,7,14,7
low,31,9,-22
sprintf,23,9,-14
g_assert_not_reached,26,11,-15
hypercalls,1,2,1
device,359,211,-148
internal,39,24,-15
handling,41,20,-21
blk_bs,23,14,-9
handle,111,63,-48
remove,58,47,-11
pio_aiocb,1,1,0
temporary,17,12,-5
workaround,9,10,1
functions,72,26,-46
xxx,153,80,-73
blk,100,51,-49
whether,110,48,-62
overlapping,3,5,2
's,215,126,-89
done,138,89,-49
file,365,263,-102
reject,11,7,-4
portion,5,4,-1
another,43,28,-15
files,65,41,-24
purpose,74,37,-37
filesz,1,1,0
packed,5,3,-2
virtual,41,16,-25
address,232,74,-158
invalid,98,71,-27
world,1,1,0
field,96,38,-58
spec,31,18,-13
using,80,44,-36
flash,4,2,-2
checking,30,18,-12
end,177,107,-70
considered,16,9,-7
somewhat,1,2,1
scheme,7,2,-5
mem_size,8,2,-6
j,51,32,-19
physical,50,16,-34
detect,17,19,2
represents,6,3,-3
truncate,10,8,-2
loader,8,6,-2
assume,34,22,-12
common,145,76,-69
rejected,4,4,0
p_type,1,2,1
phdr,3,3,0
later,158,81,-77
overlaps,8,11,3
ph,5,3,-2
rom,32,19,-13
header,101,84,-17
p_memsz,1,2,1
p_paddr,1,2,1
segment,25,8,-17
try,72,45,-27
elf_phdr,2,1,-1
would,88,60,-28
explicitly,30,12,-18
segments,8,7,-1
embedded,7,3,-4
specifies,15,11,-4
file_size,3,6,3
elf,5,10,5
e_phnum,2,2,0
means,64,47,-17
runtime,13,12,-1
overlap,18,13,-5
honour,1,1,0
loaded,19,10,-9
execution,43,16,-27
ehdr,5,3,-2
like,78,42,-36
even,117,83,-34
paddr,17,1,-16
array_size,84,54,-30
n,262,146,-116
args,89,59,-30
args_tmp,1,1,0
min,128,83,-45
cap,14,13,-1
self,92,54,-38
target_img,5,4,-1
images,28,31,3
rate,16,7,-9
infinite,4,6,2
loop,111,37,-74
overflow,16,52,36
dev_info,2,3,1
parent_class,15,3,-12
oc,48,11,-37
max_batch,2,1,-1
s390flicstateclass,1,1,0
parent_realize,4,3,-1
fail,139,161,22
class_size,17,6,-11
adapter_routes_max_gsi,2,1,-1
dev,459,317,-142
devicerealize,5,3,-2
qi_enabled,1,1,0
vtd_set_clear_mask_long,1,1,0
descriptors,20,10,-10
iqa_val,1,1,0
iq,1,2,1
-,176,82,-94
queued,9,5,-4
entries,64,46,-18
guests,22,17,-5
vtd_gsts_qies,1,1,0
vtd_iqa_qs,1,1,0
dmar_gsts_reg,1,1,0
way,53,41,-12
inteliommustate,12,3,-9
right,54,41,-13
windows,26,20,-6
vtd_get_long_raw,1,1,0
dmar_fsts_reg,1,1,0
prix16,5,1,-4
tail,20,15,-5
iq_size,1,1,0
driver,106,59,-47
vtd_fsts_iqe,1,1,0
vtd_iqa_iqa_mask,1,1,0
vtd_queued_inv_enable_check,1,1,0
x+8,1,1,0
known,23,12,-11
report,36,30,-6
violation,5,1,-4
iq_tail,1,1,0
away,24,19,-5
invalidation,5,3,-2
2^,1,1,0
kvm_enabled,94,32,-62
pcms,28,9,-19
object,302,167,-135
is_nvdimm,2,1,-1
local_err,153,118,-35
type_nvdimm,6,2,-4
object_dynamic_cast,29,26,-3
acpi_nvdimm_state,6,2,-4
is_enabled,4,1,-3
power,30,24,-6
request,96,87,-9
register,144,50,-94
bit,177,108,-69
indicate,27,9,-18
toggle,3,1,-2
setting,39,24,-15
manually,11,12,1
bootloader,2,2,0
usually,9,9,0
interested,2,3,1
keeps,7,4,-3
qemu_system_shutdown_request,5,7,2
shutdown_cause_guest_shutdown,2,3,1
indicator_state,1,1,0
caller,59,31,-28
least,43,29,-14
drc,18,10,-8
must,279,141,-138
counted,1,1,0
ds,38,37,-1
f,209,145,-64
qemu_fclose,4,6,2
psize,1,5,4
exponent,1,3,2
uint64_t,10,6,-4
16,15,12,-3
binary,12,12,0
units,9,9,0
iec,2,2,0
correction,1,3,2
switch,15,14,-1
return,233,113,-120
responsible,7,8,1
floor,2,3,1
makes,36,18,-18
higher,12,10,-2
part,41,27,-14
mib,10,14,4
allows,33,17,-16
human,6,3,-3
integer,29,17,-12
suffixes,5,2,-3
div,2,3,1
minus,3,5,2
see,234,96,-138
gives,14,10,-4
returned,48,24,-24
us,63,43,-20
kib,14,20,6
passing,5,4,-1
priu64,30,17,-13
1000,3,2,-1
1024,3,2,-1
readable,8,4,-4
/,37,26,-11
log2,2,4,2
big_endian,1,1,0
addr,398,209,-189
addressspace,18,7,-11
ram_size,40,27,-13
note,148,78,-70
tool,7,4,-3
takes,16,11,-5
//web.archive.org/web/20051222085335/http,1,1,0
idle,16,15,-1
needed,81,47,-34
//www.user.cityline.ru/~maxamn/amnhltm.zip,1,1,0
//www.vmware.com/software/dosidle210.zip,1,1,0
install,14,7,-7
//web.archive.org/web/20060212132151/http,1,1,0
solve,4,1,-3
host,174,86,-88
cycles,5,3,-2
problem,19,21,2
utility,3,4,1
url,6,4,-2
diag,1,2,1
block,199,130,-69
max_transfer,6,4,-2
guarantees,4,2,-2
bl,41,11,-30
sanity,6,11,5
qemu_is_aligned,11,5,-6
request_alignment,20,4,-16
layer,24,14,-10
explicit,8,8,0
memset,136,110,-26
height,27,26,-1
cursor,9,7,-2
update,80,62,-18
hardware,38,24,-14
ram_addr_t,55,31,-24
test_and_clear_bit,2,1,-1
target_page_size,65,33,-32
start,180,101,-79
dirty,45,26,-19
nr,27,13,-14
within,42,19,-23
target_page_mask,66,23,-43
rb,12,12,0
bitmap,48,31,-17
global,45,21,-24
ram_addr,13,9,-4
space,97,51,-46
idstr,7,11,4
rs,23,17,-6
clear_bit,10,2,-8
next,239,124,-115
target_page_bits,33,14,-19
test_bit,18,6,-12
ssd,6,13,7
saddr,16,14,-2
cleanup,24,22,-2
limits,13,9,-4
limit,89,46,-43
pc,176,73,-103
generate,40,27,-13
upper,33,14,-19
opc,20,5,-15
modrm+sib+ofs,1,1,0
since,100,69,-31
1,169,80,-89
following,88,37,-51
4,55,32,-23
15,12,6,-6
want,74,32,-42
6,18,10,-8
25,4,2,-2
prefix,43,18,-25
pc_start,11,7,-4
decode,9,3,-6
illegal_op,16,12,-4
illegal,8,14,6
ir,12,9,-3
imm,8,5,-3
instruction,80,33,-47
14,9,3,-6
cancel,7,17,10
regardless,11,7,-4
qemu_bh_cancel,2,4,2
completion_bh,1,4,3
someone,4,4,0
anyway,22,17,-5
pool,15,12,-3
scheduled,10,7,-3
meanwhile,1,3,2
else,40,33,-7
function,191,82,-109
restart,14,11,-3
safely,10,11,1
completion,24,21,-3
goto,4,3,-1
previously,9,12,3
attempting,3,4,1
avoid,92,70,-22
though,26,12,-14
blowing,1,1,0
still,73,43,-30
likely,29,21,-8
retaddr,21,4,-17
really,29,14,-15
target,119,69,-50
!,140,66,-74
tb_lock,11,9,-2
tb_find_pc,4,1,-3
zero,98,63,-35
survived,1,1,0
restore,29,15,-14
ended,3,3,0
forgotten,2,1,-1
early,21,14,-7
cpu_restore_state,14,3,-11
fixed,25,25,0
recursive,6,7,1
r,153,150,-3
kvm_cpu_exec,1,1,0
reads,34,17,-17
current_cpu,8,9,1
exit_request,14,13,-1
barrier,10,8,-2
sig_setmask,4,7,3
smp_rmb,5,3,-2
smp_wmb,7,5,-2
immediate_exit,1,6,5
dummy_signal,1,1,0
atomic_set,16,13,-3
pthread_sigmask,2,3,1
matching,17,11,-6
kvm_set_signal_mask,2,1,-1
cpustate,212,105,-107
cpu-,13,4,-9
read,239,129,-110
sa_handler,5,7,2
sig,17,21,4
kvm_check_extension,45,12,-33
sigact,1,3,2
kvm_run,11,6,-5
object_unref,22,30,8
bus,163,98,-65
unrealize,22,11,-11
uas,3,2,-1
usb_msd_unrealize_bot,1,1,0
msdstate,2,1,-1
usbdevice,15,8,-7
uc,17,12,-5
bits,172,83,-89
pte1,11,10,-1
slb,8,13,5
prot,48,13,-35
pte,22,10,-12
permissions,17,10,-7
srr1,1,3,2
page_read,28,7,-21
either,94,52,-42
protection,20,7,-13
slb_vsid_n,2,1,-1
access,161,48,-113
noexec,2,1,-1
execute,37,15,-22
srr1_noexec_guard,1,1,0
violates,1,1,0
take,58,24,-34
page_write,31,5,-26
basic,16,4,-12
pp_prot,1,2,1
exec,9,5,-4
hpte64_r_g,3,1,-2
vsid,10,5,-5
no-execute,1,1,0
guarded,7,1,-6
storage,18,18,0
powerpccpu,37,24,-13
page_exec,21,6,-15
amr_prot,1,2,1
hpte64_r_n,3,1,-2
ppc_hash_pte64_t,6,6,0
guard,8,5,-3
rpath,15,25,10
fstatfs,2,2,0
buffer,133,115,-18
path,138,131,-7
statfs,3,5,2
o_rdonly,9,18,9
close_preserve_errno,1,21,20
stbuf,7,7,0
lsock_tag,1,1,0
led,2,2,0
vd,24,16,-8
link,32,20,-12
oldpath,1,7,6
o_nofollow,1,9,8
openat_dir,1,7,6
serrno,4,9,5
export_flags,7,12,5
v9fs_sm_mapped_file,2,10,8
ctx,157,137,-20
virtfs_meta_dir,3,8,5
local_mapped_attr_path,1,6,5
errno,153,138,-15
newpath,2,6,4
sure,71,50,-21
blocks,38,15,-23
particular,82,42,-40
ramblocks,1,1,0
fails,12,24,12
older,16,11,-5
mis,6,7,1
from_src_file,1,1,0
dirtying,1,1,0
possible,55,40,-15
complicated,2,4,2
ram_list,15,7,-8
make,145,91,-54
huge,10,12,2
vms,9,1,-8
whole,37,17,-20
destination,23,15,-8
cpu_to_be64,17,13,-4
source,49,42,-7
probably,18,17,-1
combinations,7,6,-1
nice,4,1,-3
fine,16,8,-8
failure,51,65,14
ram,61,26,-35
different,57,31,-26
gets,18,14,-4
test,233,122,-111
clear,57,40,-17
migration,67,34,-33
grain,1,2,1
ram_pagesize_summary,1,1,0
potential,5,6,1
summary,3,2,-1
mismatch,4,4,0
sizes,11,10,-1
need,237,140,-97
getpagesize,9,13,4
ensure,46,31,-15
passed,40,17,-23
sending,10,17,7
equivalent,11,3,-8
never,73,56,-17
qemu,314,188,-126
causes,13,12,-1
performed,17,9,-8
b,107,61,-46
dest,40,13,-27
place,33,15,-18
qlist_foreach_rcu,4,1,-3
normal,19,23,4
ramblock,16,8,-8
prix64,73,48,-25
qemu_get_be64,3,2,-1
utils,5,3,-2
result,129,93,-36
lower,29,14,-15
directory,105,57,-48
test_data,3,5,2
range,57,33,-24
2,217,90,-127
mod,8,3,-5
lgpl,18,9,-9
util,19,10,-9
true,91,42,-49
exesuf,61,19,-42
variables,12,8,-4
unit,53,18,-35
terms,133,56,-77
left,32,26,-6
zero-extended,1,1,0
pointers,15,5,-10
copying.lib,18,8,-10
shift,37,33,-4
top-level,84,38,-46
unsigned,14,13,-1
gnu,133,61,-72
version,224,113,-111
outside,23,11,-12
int32_max,7,10,3
stored,34,10,-24
128-bit,1,1,0
shifted,1,5,4
gcov,9,6,-3
work,139,73,-66
licensed,93,36,-57
obj,360,166,-194
words,13,7,-6
64-bit,31,14,-17
count,132,79,-53
res,71,67,-4
depth,13,18,5
optarg,36,20,-16
qemu_strtoul,5,2,-3
int_max,39,28,-11
pattern,21,21,0
strtoul,14,7,-7
max_req,3,1,-2
rc,88,78,-10
exp,15,11,-4
property,90,36,-54
aer_cap,1,1,0
pci_dev,41,35,-6
usage,19,11,-8
error_report_err,26,26,0
aer_log,1,1,0
clip,1,2,1
pcidevice,66,52,-14
iov,47,58,11
copy,116,75,-41
xen_rmb,3,1,-2
ioreq_t,2,2,0
req,82,86,4
hw_error,25,22,-3
handle_ioreq,1,2,1
debug_tb_check,1,1,0
//,96,39,-57
define,64,23,-41
mhz,2,2,0
encountered,5,5,0
qs,5,5,0
terminates,7,2,-5
application,8,5,-3
rcu_read_unlock,6,4,-2
rcu_read_lock,7,3,-4
plugged,14,3,-11
hot,5,4,-1
changed,46,21,-25
generic,35,32,-3
re-synchronize,1,1,0
ev,9,8,-1
...,46,37,-9
initial,22,10,-12
dynamic,11,10,-1
qmp,61,38,-23
abort,104,72,-32
vcpus,7,11,4
wo,20,15,-5
point,70,29,-41
event,148,88,-60
re-enable,5,4,-1
cpu_foreach,16,8,-8
created,53,53,0
states,20,8,-12
e.g.,3,5,2
added,38,16,-22
id,205,108,-97
realized,15,7,-8
fully,14,8,-6
preconditions,1,1,0
binaries,1,3,2
latest,4,3,-1
disable,68,32,-36
vcpu,23,14,-9
called,118,58,-60
properly,19,11,-8
ring,11,12,1
smaller,14,19,5
queue,67,29,-38
virtio_cleanup,2,7,5
define_prop_uint16,2,4,2
index,156,77,-79
virtionet,9,8,-1
queues,15,6,-9
priu16,6,5,-1
help,75,71,-4
net_conf,2,2,0
rx,9,8,-1
always,137,72,-65
guest,221,113,-108
virtio,34,17,-17
vqs,2,3,1
rx_queue_size,1,1,0
virtqueue_max_size,3,3,0
without,134,85,-49
larger,21,12,-9
virtio_add_queue,6,3,-3
vdev,131,89,-42
dummy_bus,1,1,0
backend,49,31,-18
dummybus,1,1,0
dummydev,1,1,0
instance_finalize,12,9,-3
dummy_dev,1,1,0
specifying,5,3,-2
tagged,2,1,-1
generated,25,22,-3
consecutive,5,3,-2
cat,59,29,-30
facility,9,4,-5
yes,54,26,-28
compliant,1,2,1
sends,12,7,-5
trace,15,22,7
duplicate,8,4,-4
import,17,23,6
def,116,64,-52
api,22,17,-5
apply,3,8,5
main,131,47,-84
posix,12,6,-6
eof,67,41,-26
feature_not_found,18,4,-14
squash,1,3,2
config_host_mak,48,23,-25
events,71,47,-24
built,17,18,1
join,19,11,-8
pid,19,26,7
cond,26,11,-15
logged,1,3,2
h,73,35,-38
fmt,102,82,-20
tmpc,49,29,-20
limiting,5,5,0
opened,16,9,-7
option,120,59,-61
echo,170,123,-47
log,43,29,-14
include,48,20,-28
level,114,47,-67
may,167,104,-63
names,20,10,-10
perform,15,12,-3
model,77,38,-39
stdip/stfl,1,1,0
s390_feat_idte_segment,1,1,0
s390_feat_long_displacement_fast,1,1,0
bitmap_copy,2,4,2
configured,22,10,-12
stuff,6,3,-3
s390cpu,36,11,-25
s390featbitmap,4,2,-2
s390_cpu,9,5,-4
error_prepend,7,5,-2
s390_feat_def,2,1,-1
missing,24,15,-9
s390_cpu_defs,2,2,0
s390_feat_long_displacement,1,1,0
features,114,26,-88
fixme,97,72,-25
dep,1,1,0
cs,158,70,-88
cached,7,8,1
gen,12,10,-2
s390_feat_local_tlb_clearing,1,1,0
s390_feat_max,4,2,-2
opaque,475,242,-233
tcg,39,19,-20
applied,9,3,-6
s390_feat_bitmap_to_ascii,1,1,0
cpu_id,1,3,2
compatibility,36,20,-16
max_model,1,1,0
kvm,82,31,-51
vary,3,1,-2
default_feat,1,2,1
bitmap_andnot,3,1,-2
z900,1,2,1
properties,30,8,-22
bitmap_empty,4,2,-2
memcmp,29,23,-6
defined,62,20,-42
vhost_ops,7,8,1
irte,3,1,-2
vtdirq,1,1,0
msimessage,9,3,-6
vtd_irte,1,1,0
irq,120,29,-91
3,46,23,-23
thing,13,10,-3
hv,3,12,9
independent,5,3,-2
server,60,37,-23
dr,10,7,-3
32-bit,44,7,-37
enforce,4,5,1
supports,50,17,-33
userspace,11,9,-2
however,55,33,-22
5,18,4,-14
weird,1,4,3
base,220,81,-139
user,130,64,-66
setup,27,20,-7
combination,10,3,-7
appears,3,3,0
processors,4,3,-1
mode,181,106,-75
treat,25,17,-8
msr_pr,8,5,-3
implementations,7,3,-4
real,64,37,-27
translation,49,15,-34
7,18,3,-15
ignore,44,38,-6
ppc_64b,6,4,-2
encoding,17,12,-5
architecture,27,18,-9
msr_ir,6,3,-3
msr_hv,1,4,3
kernel,80,58,-22
msr_dr,7,3,-4
insns_flags,16,4,-12
nr_threads,8,3,-5
object_child_foreach,6,8,2
threads,32,12,-20
sc,23,13,-10
child,48,24,-24
cc,103,21,-82
nlmsg_len,1,1,0
nlmsg_data,1,1,0
ifa,2,1,-1
tswap32,9,7,-2
nlh,1,1,0
tswap16,5,3,-2
tmpo,5,6,1
q,55,43,-12
grep,24,15,-9
hb,1,4,3
last,64,55,-9
pos,23,20,-3
qemu_bh_schedule,20,20,0
meaningless,3,1,-2
pcie,6,4,-2
secondary,25,11,-14
full,62,51,-11
exit,287,184,-103
2.3,1,1,0
walking,7,1,-6
conventional,3,2,-1
pci_bus_is_root,3,3,0
recognized,1,2,1
pci_bus_num,7,6,-1
buses,4,4,0
change,92,33,-59
exactly,11,12,1
obtain,5,1,-4
chap,1,1,0
complex,14,3,-11
connects,2,3,1
legacy,31,11,-20
override,27,5,-22
msi,16,16,0
pass,53,24,-29
devices,97,35,-62
every,25,18,-7
bus_n,1,1,0
devfn,28,19,-9
bridges,3,2,-1
attached,25,8,-17
pci,76,34,-42
parent,100,44,-56
several,13,11,-2
pci_is_express,5,2,-3
zeroed,4,3,-1
proxy,20,19,-1
parse,28,14,-14
root,58,23,-35
specific,59,25,-34
directly,41,20,-21
tree,18,11,-7
parent_dev,5,4,-1
upstream,6,4,-2
topology,6,3,-3
requester,1,2,1
getting,6,6,0
error_printf,10,5,-5
invoke,9,4,-5
might,50,34,-16
bridge,20,15,-5
format,105,54,-51
required,56,28,-28
including,54,27,-27
marks,4,3,-1
crash,6,18,12
skip,32,24,-8
g_test_add_func,35,11,-24
coroutine,31,21,-10
freelist,2,1,-1
assumes,16,12,-4
sentinel,2,1,-1
node,83,32,-51
hotplug,28,11,-17
defines,19,6,-13
lmbs,2,2,0
hotplug_memory,4,4,0
get_index,3,3,0
drck,11,3,-8
spapr_dr_connector_get_class,7,3,-4
reconfiguration,1,1,0
memory_region_size,16,8,-8
marked,13,13,0
create,88,60,-28
cpu_to_be32,22,13,-9
assigned,11,5,-6
spapr,59,44,-15
hotpluggable,11,5,-6
spapr_dr_connector_type_lmb,1,3,2
spaprdrconnectorclass,7,2,-5
rma,1,6,5
lmb,1,1,0
spaprdrconnector,8,4,-4
reserved,61,28,-33
gap,2,5,3
region,77,19,-58
valid,121,63,-58
ibm,39,28,-11
--,37,24,-13
mr,99,43,-56
maxram_size,7,4,-3
flag,67,38,-29
information,47,17,-30
get_system_memory,20,7,-13
tp,10,6,-4
replay_mode,17,2,-15
events_enabled,2,1,-1
replay_mode_none,10,1,-9
aml_append,21,4,-17
unused,43,22,-21
default,106,44,-62
tpm,10,2,-8
irqs,32,7,-25
rewrite,12,5,-7
conflicts,3,1,-2
usbredirdevice,1,1,0
ep,11,17,6
icp,10,9,-1
previous,23,20,-3
g_hash_table_lookup,5,3,-2
release,27,18,-9
config_addr,1,5,4
msis,1,2,1
g_hash_table_remove,6,2,-4
first_irq,1,3,2
phb,13,9,-4
initialized,20,26,6
uninitialized,1,12,11
cpux86state,44,13,-31
x86cpu,47,8,-39
rom_paddr,1,1,0
x86_cpu,18,5,-13
hwaddr,140,56,-84
cpu_synchronize_state,13,12,-1
qemu_packed,24,12,-12
abi_ulong,37,21,-16
u64,11,8,-3
u32,10,5,-5
virtio_9p,1,1,0
v9fsstate,15,4,-11
virtio_device,7,11,4
tag,54,41,-13
fs_root,7,6,-1
devicestate,133,59,-74
unregister_savevm,2,10,8
virtiodevice,27,25,-2
vdc,8,10,2
iothread,23,12,-11
object_initialize,20,1,-19
x-data-plane,1,1,0
define_prop_bit,12,3,-9
none,75,43,-32
per-device,2,2,0
error_abort,88,58,-30
specified,90,27,-63
virtioblock,5,4,-1
removed,31,13,-18
internal_iothread_obj,1,1,0
type_iothread,5,2,-3
user_creatable_complete,2,2,0
drop,31,21,-10
pci_bus_is_express,7,2,-5
virtiopciclass,1,1,0
pci_config_size,2,3,1
virtio_pci,3,2,-1
virtiopciproxy,12,10,-2
cap_present,8,4,-4
qdev,84,57,-27
qemu_pci_cap_express,1,1,0
invocations,1,2,1
flags,328,162,-166
virtio_pci_class,1,1,0
virtio_pci_flag_disable_modern,2,2,0
pci_config_space_size,6,6,0
future,28,17,-11
klass,44,24,-20
g_poll,8,2,-6
eintr,35,25,-10
ignored,25,25,0
errors,59,47,-12
pfd,13,6,-7
timeout,44,19,-25
qapi_free_blockinfolist,1,2,1
head,65,26,-39
dm,2,4,2
e,96,73,-23
cxx,4,1,-3
elif,52,24,-28
__clang__,1,1,0
arg,69,41,-28
unix,10,10,0
kind,72,25,-47
empty,48,43,-5
optional,56,18,-38
foo,12,17,5
command,144,69,-75
oops,9,3,-6
unionkind,2,2,0
clash,8,3,-5
success_response,6,2,-4
g_new0,72,48,-24
ctxt,7,2,-5
niv,2,4,2
nkey,3,5,2
blocksize,8,3,-5
cipher,7,8,1
iv,8,5,-3
aes_block_size,1,2,1
error_propagate,109,57,-52
visit_type_str,11,8,-3
v,143,89,-54
prop,31,22,-9
o_binary,6,6,0
o_creat,11,11,0
o_trunc,4,5,1
qemu_open,5,5,0
o_wronly,7,11,4
o_rdwr,6,10,4
filename,122,91,-31
blocked,10,5,-5
blk_remove_aio_context_notifier,1,1,0
blk_unref,6,8,2
client,57,46,-11
closing,3,4,1
closed,7,5,-2
qemu_mutex_lock_iothread,20,17,-3
qemu_mutex_unlock_iothread,21,17,-4
start_addr,15,14,-1
evtchn_port_t,1,1,0
stderr,247,208,-39
xs_daemon_open,3,1,-2
section,71,30,-41
dom,6,5,-1
xenxc,3,2,-1
xc,6,1,-5
enable,79,51,-28
hvmmem_ram_ro,2,1,-1
xen_pfn_t,5,3,-2
xenmapspace_gmfn,2,1,-1
xen_ctrl_version,3,1,-2
int128_get64,13,4,-9
domid_t,1,1,0
xc_gnttab_open,2,1,-1
fprintf,247,203,-44
offset_within_address_space,17,6,-11
xc_interface_open,2,1,-1
xc_hvm_set_mem_type,2,1,-1
pci_slot,18,8,-10
xc_interface,3,2,-1
end_addr,4,8,4
xc_hvm_inject_msi,1,1,0
memoryregionsection,22,8,-14
xen,14,4,-10
xc_domain_add_to_physmap,2,1,-1
4.5,2,1,-1
pci_func,11,5,-6
param,25,11,-14
error_set,54,22,-32
ap,26,17,-9
err_class,3,3,0
errorsetfunc,1,2,1
errorclass,1,2,1
error_set_win32,1,1,0
__va_args__,1,3,2
error_setg_win32,4,3,-1
gcc_fmt_attr,17,5,-12
error_class_generic_error,10,4,-6
tray_open,4,3,-1
is_write,55,20,-35
sg,23,12,-11
io_buffer_offset,1,4,3
ops,68,54,-14
sum,10,8,-2
ncq_tfs,3,5,2
successfully,20,13,-7
consume,8,5,-3
prdtl,1,2,1
described,9,5,-4
cur_prd_addr,1,1,0
l,53,40,-13
ahci_populate_sglist,1,5,4
contain,25,18,-7
ahci_dma_prepare_buf,1,2,1
bm,14,9,-5
dma,35,24,-11
prepare,12,8,-4
add,108,56,-52
many,32,23,-9
total,23,21,-2
idestate,12,9,-3
sglist,2,7,5
ad,4,10,6
available,54,37,-17
remaining,20,11,-9
prepared,1,2,1
x,111,92,-19
struct_entries,1,1,0
type_ptr,1,1,0
qbus,26,15,-11
virtio_ccw_device_plugged,1,1,0
device_plugged,3,2,-1
atomic_xchg,1,4,3
in_use,4,7,3
bounce,6,12,6
atomic_mb_set,8,5,-3
64-bits,1,2,1
ticks_per_sec,7,5,-2
typically,8,6,-2
muldiv64,7,8,1
intermediate,11,6,-5
30,4,2,-2
get_ticks_per_sec,10,8,-2
20,4,5,1
scale,6,3,-3
==,62,34,-28
supplied,7,1,-6
multiply,1,2,1
exceed,9,7,-2
merged,2,1,-1
yield,14,8,-6
deleted,20,16,-4
cleared,19,14,-5
longer,20,9,-11
replace,15,9,-6
anonymous,9,6,-3
bdrv_release_dirty_bitmap,3,2,-1
disabled,45,12,-33
three,7,5,-2
bdrvdirtybitmap,8,4,-4
wish,4,2,-2
r/w,6,3,-3
destined,1,1,0
enabled,90,35,-55
freeze,2,4,2
bdrv_dirty_bitmap_granularity,2,1,-1
bdrv_dirty_bitmap_frozen,1,1,0
operation,59,38,-21
granularity,25,5,-20
bdrv_create_dirty_bitmap,2,2,0
delete,10,7,-3
renamed,1,2,1
cases,49,34,-15
blockdriverstate,222,99,-123
frozen,4,3,-1
less,20,20,0
r1,26,15,-11
calculate,23,16,-7
t1,31,21,-10
mul,2,4,2
compare,29,15,-14
results,15,14,-1
t3,5,4,-1
extract64,9,3,-6
hand,5,4,-1
t2,10,11,1
r2,19,8,-11
give,19,7,-12
object_unparent,16,13,-3
perror,8,10,2
qdev_init,7,14,7
nr_irqs,4,6,2
object_property_set_bool,32,10,-22
nr_servers,2,4,2
error_get_pretty,23,18,-5
qxl,13,22,9
256,8,9,1
mb,23,17,-6
vga,35,22,-13
round,17,7,-10
maximum,50,20,-30
vram_size,4,9,5
nearest,4,2,-2
surface0_area_size,1,2,1
actually,50,35,-15
malloc,25,19,-6
free,139,126,-13
void,31,11,-20
sz,10,8,-2
trivially,2,1,-1
primitives,2,3,1
can't,2,2,0
beyond,17,16,-1
calloc,5,2,-3
__coverity_mark_as_afm_freed__,1,1,0
g_try_realloc,2,2,0
allocation,25,27,2
__coverity_mark_as_afm_allocated__,1,2,1
g_realloc,10,16,6
adding,10,2,-8
realloc,3,11,8
mem,33,23,-10
conditions,44,22,-22
g_try_malloc0,2,11,9
afm_free,1,2,1
glib,8,9,1
check_privileged,3,4,1
iovec,28,29,1
g_new,43,43,0
vec,11,8,-3
guestfwd,1,2,1
g_malloc,63,76,13
g_renew,9,10,1
oneline,1,2,1
fflush,6,3,-3
sigterm,3,4,1
argv,72,43,-29
argc,56,26,-30
qemuio_add_command,1,1,0
cmdinfo_t,1,3,2
latter,5,7,2
necessarily,5,2,-3
printf,96,46,-50
although,10,7,-3
flush,54,35,-19
flushed,13,4,-9
argmin,1,1,0
stdout,16,5,-11
cfunc,1,2,1
argmax,1,1,0
kill,8,11,3
cvtnum,1,2,1
cmd_nofile_ok,2,2,0
streams,2,1,-1
__function__,11,5,-6
__func__,65,52,-13
port,92,55,-37
hbitmap,2,3,1
levels,9,2,-7
nalloc,1,4,3
qiov,38,46,8
cpu_interrupt_hard,13,2,-11
apic_update_irq,2,1,-1
apic_accept_pic_intr,2,1,-1
busdev,19,5,-14
isa_pic,3,1,-2
pic_get_output,2,1,-1
cpu_reset_interrupt,4,1,-3
sigjmp_buf,1,2,1
qcow2_check,2,1,-1
bdrv_fix_leaks,1,3,2
bdrv_fix_errors,6,3,-3
object_property_add_link,10,1,-9
object_property_allow_set_link,2,3,1
propname,1,2,1
type_irq,1,1,0
obj_prop_link_unref_on_release,7,2,-5
pins,3,1,-2
params,49,26,-23
g_strcmp0,1,3,2
fsconf,3,2,-1
define_virtio_9p_properties,1,1,0
error_free,54,43,-11
emulating,6,2,-4
msr_de,2,1,-1
control,86,29,-57
watchpoint_hit,2,1,-1
cpu_abort,25,12,-13
cannot,24,19,-5
book3s,3,1,-2
enoent,21,24,3
dbg,1,4,3
breakpoint,9,3,-6
share,7,5,-2
bp_mem_read,3,2,-1
e500,2,1,-1
bp,13,6,-7
resources,13,4,-9
booke,3,2,-1
cpuppcstate,53,30,-23
resource,8,6,-2
cpuwatchpoint,5,1,-4
priority,27,6,-21
debug,37,25,-12
supported,106,55,-51
target_ulong,144,74,-70
enosys,28,15,-13
eexist,4,8,4
vaddr,36,13,-23
kvm_find_sw_breakpoint,1,2,1
excp_model,7,6,-1
watchpoint,5,2,-3
cenv,7,4,-3
array,47,24,-23
supporting,6,3,-3
bp_mem_write,1,2,1
sufficient,13,4,-9
achieve,7,4,-3
singlestep_enabled,17,4,-13
exception,114,45,-69
design,1,4,3
configurations,5,2,-3
guest_malloc,1,2,1
pc_alloc_uninit,3,1,-2
iscsilun,24,22,-2
bitmap_new,9,8,-1
sector_lun2qemu,9,2,-7
num_blocks,3,5,2
total_sectors,28,31,3
top,51,23,-28
ppc,32,13,-19
crf,1,5,4
situation,5,9,4
odd,10,7,-3
positive,13,7,-6
wrote,15,26,11
temp,7,16,9
mapping,41,12,-29
target_einval,3,14,11
magic,38,16,-22
nul,2,2,0
terminate,8,8,0
p2,5,4,-1
arg3,26,14,-12
snprintf,95,35,-60
logic,15,6,-9
worry,3,3,0
get_errno,16,7,-9
sign,7,9,2
bad,29,18,-11
short,11,13,2
earlier,5,11,6
line_offset,2,7,5
vbe_size,1,3,2
lists,5,6,1
commands,38,18,-20
non,40,28,-12
reference,35,33,-2
group,46,19,-27
checked,16,9,-7
single,69,19,-50
aio_read,2,2,0
paths,11,7,-4
defining,7,3,-4
analysis,1,2,1
seed,3,3,0
expected,25,17,-8
layout,13,5,-8
parts,8,11,3
symbols,1,4,3
able,34,23,-11
l2,30,27,-3
installed,5,3,-2
constraints,5,5,0
g,48,27,-21
regression,1,1,0
corrupted,6,9,3
nb_snapshots,4,10,6
please,5,7,2
convert,32,17,-15
automatically,23,9,-14
element,18,8,-10
external,17,12,-5
actions,4,3,-1
interruption,1,1,0
dangerous,2,4,2
contains,38,15,-23
useful,54,35,-19
qcow2,47,34,-13
rarely,5,2,-3
configuration,33,17,-16
keyboard,6,2,-4
argument,39,21,-18
environment,9,8,-1
test_img,46,52,6
scratch,5,6,1
structure,26,26,0
aio_write,2,4,2
internally,8,3,-5
per,42,29,-13
iotests,23,13,-10
subset,7,6,-1
logs,7,2,-5
image,108,129,21
l1,29,27,-2
exists,32,14,-18
entire,10,7,-3
select,27,10,-17
creation,11,8,-3
ones,8,10,2
module,18,11,-7
exist,30,16,-14
specification,21,4,-17
extensions,20,9,-11
calls,31,21,-10
executed,25,13,-12
describe,5,5,0
py,10,9,-1
writes,47,21,-26
call,121,73,-48
generator,3,4,1
recommended,5,5,0
parameters,35,20,-15
provide,38,18,-20
vector,39,22,-17
variable,24,8,-16
randomly,1,3,2
details,55,28,-27
l1_table_offset,10,19,9
executes,4,3,-1
snapshots,10,13,3
correct,57,21,-36
placed,4,3,-1
arguments,26,16,-10
requirements,5,3,-2
action,45,29,-16
modify,94,38,-56
overall,4,2,-2
testing,20,21,1
equality,1,2,1
input,70,44,-26
potentially,9,6,-3
rules,17,3,-14
mandatory,13,1,-12
accept,20,18,-2
package,10,3,-7
core,44,23,-21
//www.gnu.org/licenses/,61,48,-13
dumps,1,1,0
integers,4,5,1
providing,4,3,-1
img,28,19,-9
indicates,26,14,-12
aliases,10,5,-5
tables,28,22,-6
overwritten,4,4,0
interfaces,18,5,-13
otherwise,128,66,-62
form,13,10,-3
unsafe,6,4,-2
position,14,7,-7
generation,20,8,-12
behavior,13,11,-2
io,66,28,-38
discard,21,18,-3
python,5,7,2
example,40,21,-19
bitmasks,1,2,1
parameter,32,19,-13
random,9,14,5
retrieved,1,2,1
etc,24,10,-14
chapter,4,2,-2
creates,8,11,3
rely,12,11,-1
interactions,2,2,0
accepts,12,3,-9
finish,17,14,-3
related,13,6,-7
cluster,47,46,-1
strings,14,19,5
description,19,9,-10
inject,16,9,-7
working,10,5,-5
via,74,42,-32
elements,16,10,-6
boundary,22,5,-17
create_image,3,6,3
far,14,11,-3
general,63,28,-35
inner,1,2,1
generates,7,4,-3
assumed,11,5,-6
containing,17,3,-14
qemu_try_blockalign,3,14,11
buf,237,181,-56
waiocb,2,2,0
qemu_blockalign,6,19,13
intervals,1,2,1
crypt_method,5,5,0
z,42,25,-17
uint8,2,2,0
cluster_bits,18,19,1
zip,1,1,0
uint32,2,3,1
except,45,27,-18
auxiliary,1,1,0
selector,16,12,-4
uint64,1,4,3
selects,1,1,0
mask,139,78,-61
produces,5,3,-2
u,75,34,-41
l1_size,13,24,11
positions,4,2,-2
reduce,4,2,-2
refcount_table_clusters,3,8,5
refcount_table_offset,5,10,5
provides,13,6,-7
included,44,22,-22
replaces,6,3,-3
backing_file_offset,5,8,3
tuple,1,5,4
interval,5,6,1
selection,3,3,0
backing_file_size,2,6,4
constraint,2,1,-1
incompatible_features,5,11,6
depending,19,11,-8
decimal,8,5,-3
p,220,129,-91
pick,8,6,-2
validate,9,8,-1
lambda,3,2,-1
rng,5,4,-1
snapshots_offset,2,8,6
uniformity,1,1,0
sample,2,6,4
compatible_features,5,5,0
choice,6,6,0
bltheight,2,1,-1
srcpitch,2,2,0
dstpitch,2,2,0
memory_region_is_mapped,5,5,0
seg,5,1,-4
object_get_canonical_path_component,10,1,-9
aio_context_acquire,27,11,-16
aio_context_release,27,13,-14
aiocontext,58,25,-33
bdrv_get_aio_context,40,22,-18
create_options,4,1,-3
displaystate,8,6,-2
qemuconsole,5,3,-2
object_property_set_int,17,6,-11
consoles,1,3,2
object_property_set_link,5,1,-4
console_type,1,2,1
new_console,1,1,0
text_console,1,1,0
text_console_fixed_size,1,1,0
mapped,34,11,-23
msix,6,9,3
pirq,2,1,-1
response,41,24,-17
arglen,1,1,0
stopping,6,6,0
version_id,70,35,-35
vmstate_validate,2,3,1
socket_error,4,3,-1
strerror,72,46,-26
user_data,8,5,-3
gboolean,21,7,-14
chan,6,2,-4
g_signal_connect,3,1,-2
pty,6,2,-4
terminal,5,3,-2
text,11,3,-8
g_io_add_watch,3,1,-2
gpointer,20,6,-14
virtualconsole,2,4,2
g_io_channel_unix_new,2,1,-1
guint,11,4,-7
g_io_in,21,5,-16
giochannel,4,2,-2
vc,27,14,-13
g_callback,3,1,-2
giocondition,8,2,-6
chr,71,50,-21
slave_fd,2,3,1
master_fd,2,3,1
qemu_chr_be_write,3,1,-2
pathname,7,3,-4
catalog_size,1,11,10
extents,4,4,0
qemu_io,43,63,20
_use_sample_img,3,16,13
is_power_of_2,18,4,-14
bochs,8,8,0
large,22,35,13
bz2,3,16,13
small,19,20,1
_filter_qemu_io,30,59,29
4k,13,8,-5
bdrv_sector_size,70,52,-18
poke_file,14,40,26
_filter_testdir,17,38,21
test_dir,67,72,5
extent,5,11,6
_make_test_img,35,44,9
rm,53,43,-10
cluster_size,58,42,-16
imgfmt,68,60,-8
qcow2_snapshot_load_tmp,1,1,0
snap,4,9,5
snapshot,30,16,-14
qemu_img,32,31,-1
formatting,43,51,8
_cleanup_test_img,21,24,3
sn,10,9,-1
amounts,2,3,1
types,52,22,-30
lengths,6,6,0
64,31,19,-12
truncating,1,2,1
dmg_sectorcounts_max,1,1,0
chunk,12,14,2
converting,3,2,-1
sectorcounts,4,4,0
prevent,21,18,-3
refcount_table_index,1,4,3
block_index,2,3,1
qa,19,23,4
_cleanup,19,22,3
_supported_fmt,24,24,0
seq,30,26,-4
output,79,66,-13
filter,37,35,-2
_supported_os,21,21,0
redhat,31,24,-7
linux,98,60,-38
_supported_proto,21,20,-1
rw,52,25,-27
basename,22,23,1
com,39,26,-13
pwd,21,22,1
trap,33,33,0
block_size,18,18,0
vpc,11,3,-8
owner,40,30,-10
kwolf,8,8,0
spr_lpcr,3,9,6
run_on_cpu,12,3,-9
cp,26,5,-21
2nd,2,1,-1
spr,39,27,-12
powerpc_cpu,14,7,-7
si_errno,6,6,0
queue_signal,6,5,-1
si_signo,6,6,0
target_sigtrap,3,2,-1
gen_window_check1,1,3,2
target_enomem,1,4,3
qtest_init,4,5,1
qtest_chrdev,2,2,0
qtest_log,2,2,0
b8b4eea9d9ad58a73b22a6060d3ac1c419c26d,1,1,0
subproject,18,26,8
commit,35,35,0
softmmu,15,11,-4
x86_64,22,13,-9
i386,45,16,-29
acpi,47,9,-38
iotest,2,4,2
tb,115,32,-83
imgopts,11,9,-2
yyy,17,30,13
_img_info,4,7,3
xx,17,32,15
sec,30,32,2
index_in_cluster,3,5,2
float_rounding_mode,2,3,1
status_var,7,6,-1
representable,1,3,2
largest,2,4,2
returning,13,12,-1
float_flag_invalid,12,5,-7
halfprec,1,2,1
float_raise,9,5,-4
codepath,1,2,1
smallest,3,2,-1
float_flag_overflow,2,3,1
float_flag_inexact,2,4,2
increment,14,8,-6
affect,9,7,-2
22,2,3,1
lost,4,6,2
ignoring,4,5,1
float_flag_underflow,2,3,1
harmless,5,4,-1
single-precision,1,2,1
ieee,1,4,3
23,6,4,-2
encrypted,12,4,-8
users,19,7,-12
alternative,5,4,-1
item,66,31,-35
password,35,5,-30
itemize,1,1,0
security,48,11,-37
initialization,17,11,-6
plaintext,3,4,1
strongly,3,3,0
characters,9,4,-5
compromise,1,2,1
discouraged,4,2,-2
luks,8,9,1
protect,12,6,-6
modern,7,4,-3
technologies,8,5,-3
encryption,12,5,-7
qcow,16,11,-5
secure,60,5,-55
crypt,1,2,1
program,36,16,-20
cryptography,1,2,1
thus,39,24,-15
original,24,12,-12
aes,3,6,3
standards,1,1,0
vectors,14,14,0
keys,26,10,-16
existence,2,1,-1
dqui,1,1,0
dquit,1,1,0
monitor,88,38,-50
k,89,49,-40
dqu,1,1,0
uas_rc_invalid_info_unit,2,1,-1
usb_uas_queue_response,2,1,-1
object_class_is_abstract,5,3,-2
qerr_invalid_parameter_value,24,10,-14
qerror_report,31,13,-18
preventing,2,11,9
refcount,29,36,7
_check_test_img,10,11,1
corruptions,13,15,2
_filter_imgfmt,4,4,0
corrupt,4,17,13
found,72,47,-25
l2_entry,6,2,-4
inactive,4,4,0
repairing,4,6,2
dump,8,10,2
inconsistencies,6,5,-1
table,112,70,-42
assumption,5,6,1
clusters,23,33,10
metadata,11,16,5
waste,1,6,5
leaked,5,16,11
oflag_copied,2,1,-1
uint16_max,4,5,1
fdset,1,2,1
class,40,17,-23
launch,12,9,-3
fdname,1,3,2
ran,15,13,-2
send,49,35,-14
qmptestcase,9,6,-3
assertequal,6,4,-2
teardown,9,8,-1
getfd,1,1,0
assert_qmp,19,12,-7
shutdown,22,21,-1
scm,1,1,0
fdset_id,2,2,0
genericerror,9,4,-5
vm,60,33,-27
dumpstate,5,3,-2
target_end,4,3,-1
rest,18,10,-8
size_in_block,1,1,0
qtailq_foreach,47,22,-25
write_data,6,3,-3
guest_phys_blocks,3,5,2
next_block,1,1,0
qtailq_first,12,12,0
guestphysblock,3,1,-2
target_start,3,3,0
qemu_get_guest_memory_mapping,2,1,-1
clamp,2,4,2
begin,12,16,4
host_addr,6,5,-1
guestphysblocklist,2,2,0
cpu_index,40,20,-20
next_cpu,26,10,-16
env_ptr,17,7,-10
qemu_get_cpu,13,2,-11
cpuarchstate,17,10,-7
first_cpu,45,23,-22
env_get_cpu,24,4,-20
thread_id,9,5,-4
jobs,13,9,-4
bdrv_in_use,3,1,-2
running,72,35,-37
re-,5,1,-4
dataplane,3,3,0
has_mode,4,1,-3
bdrv_find,8,2,-6
started,18,18,0
backup,19,9,-10
on_target_error,3,3,0
sync,46,26,-20
has_speed,3,3,0
blockdevsnapshot,3,1,-2
transaction_action_kind_drive_backup,1,1,0
has_on_target_error,1,2,1
drivebackupstate,1,2,1
drive_backup,1,1,0
speed,35,18,-17
has_format,3,3,0
block_job_cancel_sync,1,6,5
blktransactionstate,1,1,0
blockjob,18,15,-3
blockdevonerror,1,3,2
newimagemode,2,1,-1
do_upcast,45,19,-26
on_source_error,3,3,0
error_is_set,22,18,-4
instance_size,42,18,-24
drive,51,28,-23
blockdev,9,8,-1
drivebackup,1,2,1
has_on_source_error,1,3,2
job,47,41,-6
ldl_be_p,5,2,-3
read_capacity_10,1,2,1
max_lba,1,6,5
closesocket,4,10,6
sock,17,22,5
busy_stat,2,3,1
actual,38,22,-16
virtio_pci_queue_max,8,7,-1
ppc_input,1,2,1
ics_state,1,1,0
kvmppc_smt_threads,7,4,-3
ppc_env_get_cpu,12,5,-7
smp_threads,15,7,-8
icp_state,2,1,-1
power7_input_int,1,1,0
xics_irq_base,1,1,0
xics_irqs,1,2,1
xics_system_init,1,2,1
ics,7,5,-2
icp_server_state,1,1,0
smp_cpus,28,9,-19
ss,11,11,0
xics_cpu_setup,3,1,-2
controller,23,12,-11
irq_inputs,3,3,0
ppc970_input_int,1,1,0
next_irq,1,1,0
pkg_config,16,9,-7
protocol,29,15,-14
spice,9,7,-2
atleast,7,8,1
cloop_close,1,1,0
offsets,18,16,-2
bdrv_pread,19,14,-5
uncompressed_block,1,2,1
logfilename,1,2,1
fname,4,3,-1
qemu_logfile,1,2,1
fopen,17,12,-5
sem,1,2,1
acb,40,44,4
qemu_aio_release,8,12,4
qemu_vfree,9,22,13
cancelled,11,11,0
qemu_aio_wait,15,6,-9
einprogress,12,10,-2
inst,4,2,-2
object_class_dynamic_cast,12,6,-6
object_get_class,1,1,0
memmove,10,10,0
history,2,2,0
qemu_opts_del,13,19,6
qemuopts,55,21,-34
opts,125,79,-46
qemu_find_opts_err,1,1,0
qemu_opts_find,7,3,-4
br,6,4,-2
address_space_mem,4,4,0
memory_region_destroy,3,8,5
w,55,23,-32
pcibridge,1,3,2
forward,8,11,3
subregions,4,2,-2
address_space_io,7,6,-1
memory_region_del_subregion,9,7,-2
alias,33,5,-28
memoryregion,103,48,-55
other_cpu,1,1,0
mvp,1,3,2
cp0_mvpcontrol,1,1,0
vpe,1,1,0
sleep,22,12,-10
disturb,1,1,0
wake,12,3,-9
cpumipsstate,12,12,0
cp0mvpco_evp,1,1,0
wfi,4,1,-3
date,4,4,0
bcd,1,2,1
rtc_reg_b,2,2,0
qtest_add_func,26,18,-8
strncpy,18,13,-5
pstrcpy,30,22,-8
strdup,14,14,0
cpu_model,40,13,-27
g_strdup,83,46,-37
mhandler,19,13,-6
ret_data,12,5,-7
monitor_get_fd,4,2,-2
user_print,9,4,-5
qerr_device_not_active,3,2,-1
qdict_get_str,33,13,-20
qerr_add_client_failed,1,2,1
chardriverstate,29,19,-10
monitor_user_noop,6,2,-4
mon,96,52,-44
qemu_chr_find,4,2,-2
qobject,90,42,-48
cur_mon,11,7,-4
using_spice,3,2,-1
tls,19,13,-6
skipauth,1,2,1
qdict_get_try_bool,3,3,0
cmd_new,12,7,-5
qerr_invalid_parameter,11,5,-6
close,88,103,15
xor,5,3,-2
temps_are_copies,1,1,0
movi,6,4,-2
tcg_opt_gen_movi,2,1,-1
gen_opc_buf,1,2,1
sub,13,11,-2
op_to_movi,1,1,0
gen_args,1,2,1
expression,6,1,-5
simplify,2,3,1
op,58,20,-38
bdrv_acct_done,2,4,2
aiocb,24,19,-5
acct,3,14,11
currently,86,47,-39
reachable,1,2,1
qed,9,12,3
block_job_completed,7,7,0
add_drive,11,6,-5
wait,73,49,-24
get_qmp_events,4,4,0
abstract,9,3,-6
drive0,16,12,-4
test_set_speed,2,1,-1
backing_file,32,25,-7
active,56,26,-30
pack,4,6,2
devicenotfound,6,2,-4
test_device_not_found,1,1,0
supported_fmts,8,3,-5
unsupported,12,5,-7
block_job_cancelled,1,2,1
mid,2,2,0
__name__,7,4,-3
testsingledrive,3,1,-2
backing_img,2,7,5
query,29,10,-19
__main__,5,4,-1
completed,28,25,-3
nonexistent,3,1,-2
cancel_and_wait,3,3,0
find,61,37,-24
testsetspeed,1,1,0
image_len,8,5,-3
rom_bar,2,1,-1
drivers,22,9,-13
crc32,3,2,-1
qid,4,3,-1
heads,18,3,-15
qxlrom,1,2,1
isr,4,6,2
qxlurect,1,1,0
num_of_monitors,1,1,0
requested,30,15,-15
zlib,2,5,3
width,43,27,-16
interrupts,54,13,-41
monitor-,1,1,0
xors,1,1,0
0xffffffff,1,4,3
vdagentmonitorsconfig,1,2,1
handled,32,22,-10
memory_region_get_ram_ptr,12,9,-3
compatible,15,7,-8
bottom,26,14,-12
qxl_interrupt_client_monitors_config,1,1,0
pciqxldevice,3,8,5
qxl_send_events,1,2,1
vdagentmonconfig,1,1,0
clearly,1,1,0
rect,3,2,-1
num_heads,1,3,2
undo,4,3,-1
context,30,32,2
client_monitors_config,1,2,1
sin,6,3,-3
monitors_config,2,2,0
int_mask,4,3,-1
monitors,2,1,-1
test_page_addr,1,1,0
qemu_host_page_mask,3,1,-2
aligned,43,16,-27
map_fixed,4,2,-2
already,112,55,-57
map_failed,9,8,-1
populate,6,3,-3
host_page_align,2,3,1
suggested,6,1,-5
host_size,1,1,0
allocated,53,31,-22
prot_none,3,4,1
munmap,9,11,2
validate_guest_space,1,1,0
allocate,34,29,-5
qemu_log,21,15,-6
commpage,2,1,-1
real_size,2,2,0
leave,17,25,8
guest_size,1,1,0
reserved_va,5,1,-4
map_anonymous,10,4,-6
mmap,26,8,-18
suitable,10,5,-5
qemu_host_page_size,5,2,-3
map_private,6,4,-2
host_start,1,1,0
have_guest_base,2,1,-1
guest_base,3,2,-1
tried,1,3,2
map_noreserve,2,1,-1
mmap_next_start,1,1,0
lies,1,1,0
sense_code,10,8,-2
write_protected,1,1,0
ascq,4,4,0
scsisense,3,2,-1
protected,20,8,-12
fallthrough,7,4,-3
bdrv_is_read_only,13,6,-7
scsi_check_condition,5,5,0
asc,13,7,-6
qemu_chr_accept_input,5,2,-3
qemu_iovec_destroy,5,17,12
page_sizes_prop,1,1,0
fdt_property,5,6,1
fdt,41,29,-12
page_shift,7,8,1
sps,3,8,5
page_sizes_prop_size,1,1,0
enc,2,5,3
_fdt,17,14,-3
vga_dirty_log_start,1,1,0
vga_dirty_log_stop,1,2,1
gint,9,6,-3
g_main_context_query,3,1,-2
poll_fds,6,1,-5
max_priority,3,1,-2
poll_timeout,3,1,-2
n_poll_fds,5,1,-4
todo,136,61,-75
bdrv_is_inserted,15,12,-3
no_medium,1,2,1
',110,49,-61
sed,15,13,-2
readonly,12,8,-4
io_index,3,3,0
l2_size,11,9,-2
subpage_t,1,2,1
cpu_register_physical_memory_log,1,1,0
lp,9,2,-7
iomem,8,7,-1
subpage,4,2,-2
physpagedesc,4,1,-3
destroy_l2_mapping,1,1,0
pd,12,2,-10
destroy_all_mappings,1,1,0
l2_bits,3,3,0
phys_offset,8,5,-3
ehci,16,17,1
usbsts_errint,1,1,0
allowed,41,14,-27
itd,2,2,0
transactions,3,7,4
fall,36,21,-15
dir,25,20,-5
rndis_state,1,2,1
rndis_data_initialized,1,2,1
is_rndis,1,2,1
io_mem_ram,7,4,-3
log_dirty,1,3,2
memory_size,6,8,2
know,40,16,-24
region_add,3,2,-1
slots,10,11,1
memory_region_is_logging,4,2,-2
sync_dirty_bitmap,1,2,1
kvm_set_migration_log,1,1,0
kvm_physical_sync_dirty_bitmap,2,2,0
memorylistener,8,5,-3
offset_within_region,11,2,-9
io_mem_unassigned,7,6,-1
migration_log,1,2,1
kvm_set_phys_mem,2,2,0
kvm_client_set_memory,1,1,0
set_memory,1,2,1
kvm_client_migration_log,1,1,0
log_sync,1,2,1
kvm_client_sync_dirty_bitmap,1,1,0
io_mem_rom,4,4,0
memory_region_is_ram,12,3,-9
target_phys_addr_t,62,26,-36
memory_listener_register,7,3,-4
listener,10,7,-3
read-only,19,9,-10
region_del,1,2,1
kvm_dirty_pages_log_change,1,2,1
kvm_log_stop,2,2,0
phys_addr,15,5,-10
kvm_log_start,2,2,0
syscalls,7,7,0
nb,16,3,-13
disconnected,1,5,4
outer,1,3,2
jump,20,7,-13
improve,4,2,-2
successful,16,6,-10
64bit,10,4,-6
ip,22,17,-5
push,9,6,-3
indirect,5,3,-2
descriptor,37,23,-14
messages,13,7,-6
connection,49,29,-20
written,45,29,-16
save,35,22,-13
considers,3,1,-2
privilege,3,6,3
upto,2,2,0
live,8,7,-1
looks,10,7,-3
typ,6,4,-2
lines,17,7,-10
aio,36,14,-22
propagation,2,2,0
wfds,13,1,-12
deletion,2,3,1
ioh,4,4,0
fd_read,10,5,-5
rfds,13,2,-11
fd_isset,9,2,-7
read/write,14,7,-7
handlers,18,5,-13
qlist_remove,26,15,-11
qemu_free,45,50,5
fd_write,8,2,-6
it_shift,2,2,0
cpuwritememoryfunc,9,2,-7
memoryregionops,29,13,-16
mmio,26,15,-11
cpureadmemoryfunc,7,2,-5
mmio_index,1,2,1
old_mmio,4,4,0
cpu_register_physical_memory,15,9,-6
rc4030,2,1,-1
cpu_unregister_io_memory,1,2,1
memory_region_init_io,27,13,-14
nd,11,9,-2
memory_region_add_subregion,46,9,-37
cpu_register_io_memory,10,6,-4
device_native_endian,17,7,-10
address_space,10,1,-9
endianness,36,13,-23
requests,52,24,-28
optind,13,12,-1
font_data,1,1,0
qemu_co_mutex_unlock,6,8,2
lock,60,24,-36
end_transfer_fn_idx,2,1,-1
transfer_end_table,1,1,0
pag,2,3,1
bprm,3,3,0
seek_set,14,9,-5
qcow_filename,1,4,3
rest_size,1,1,0
lseek,11,9,-2
i32,37,15,-22
window_base,1,4,3
n1,6,8,2
delta,7,10,3
nareg,1,4,3
underflow,4,3,-1
def_helper_3,11,13,2
def_helper_1,13,10,-3
def_helper_2,24,15,-9
window_start,2,4,2
phys,5,6,1
ps,13,12,-1
window,32,11,-21
epc1,1,4,3
sregs,13,14,1
ps_excm,1,3,2
def_helper_0,6,3,-3
memory_region_init_alias,14,5,-9
escc_bar,1,1,0
escc_mem,1,1,0
dbdma_mem,1,1,0
ide_mem,1,1,0
nvr,1,1,0
cuda_mem,1,1,0
hdev,4,15,11
msi_enabled,3,4,1
pci_get_word,15,6,-9
msi_uninit,2,2,0
msi_cap_sizeof,2,1,-1
qemu_pci_cap_msi,3,1,-2
msi_flags_off,3,1,-2
chardev,16,10,-6
cpu_v0,1,3,2
neon_2rm_vqmovn,1,1,0
undef,14,6,-8
miscellaneous,3,1,-2
line,70,36,-34
insn,64,25,-39
gen_neon_narrow_op,1,1,0
arm,40,22,-18
correspond,7,1,-6
includes,16,5,-11
constants,11,3,-8
unallocated,17,8,-9
symbolic,2,1,-1
unknown,27,16,-11
2reg-misc,1,1,0
ddi0406b,1,1,0
neon,5,2,-3
neon_2rm_vmovn,1,1,0
float,5,2,-3
vadd,1,1,0
vpadd,1,1,0
rd,35,16,-19
rn,13,12,-1
vsub,1,1,0
insns,12,6,-6
polynomial,2,1,-1
condition,25,20,-5
catch,15,10,-5
vabd,1,1,0
vpmin/vpmax,1,1,0
spapr_vio_find_by_reg,2,2,0
rets,8,10,2
rtas_ld,4,5,1
token,33,17,-16
viospaprdevice,7,2,-5
rtas,8,9,1
rtce_table,1,1,0
children,23,14,-9
rtce_window_size,2,1,-1
viospaprbus,2,1,-1
quiesce,3,6,3
bypass,13,5,-8
nargs,5,8,3
viospapr_rtce,1,1,0
nret,4,7,3
qlist_foreach,51,27,-24
rtas_st,7,9,2
vio_bus,2,2,0
sibling,11,5,-6
spaprenvironment,11,10,-1
spapr_rtas_register,1,7,6
cpu_physical_memory_write,27,10,-17
ide_dma_cb,2,1,-1
blockdrivercompletionfunc,15,11,-4
ide_dma_submit_check,1,1,0
dma_cb,2,1,-1
virtio_pci_set_host_notifier_internal,1,1,0
ioeventfd_disabled,1,2,1
virtio_pci_stop_ioeventfd,1,2,1
virtio_pci_start_ioeventfd,1,1,0
xsave,3,2,-1
kvm_vcpu_ioctl,18,9,-9
shows,2,2,0
net,24,15,-9
fairness,1,2,1
virtios390device,4,2,-2
virtqueue,11,15,4
good,33,16,-17
ebusy,5,13,8
sent,19,17,-2
virtio_config_s_driver_ok,9,8,-1
matches,25,9,-16
define_prop_int32,4,3,-1
vq,37,38,1
packets,24,10,-14
syborgvirtioproxy,1,2,1
ensures,15,11,-4
latency,8,3,-5
performance,15,5,-10
guaranteed,12,6,-6
tx,14,6,-8
hwdef,2,2,0
debugging,10,3,-7
aliased,3,1,-2
software,82,46,-36
addresses,24,13,-11
mmu,33,13,-20
padded,1,2,1
accesses,39,13,-26
neither,4,5,1
qemu_strdup,17,2,-15
qemu_error_new,7,1,-6
qerr_undefined_error,2,3,1
monitor_has_error,4,1,-3
monitor_ctrl_mode,9,2,-7
mon_cmd_t,9,2,-7
mon_debug,1,1,0
extension,29,10,-19
ftruncate,4,7,3
-2,1,2,1
expr_error,2,2,0
e2big,6,3,-3
uppercase,2,2,0
needs,53,33,-20
happen,43,29,-14
additional,27,15,-12
simulate,9,2,-7
modifiers_state,1,2,1
sym,2,1,-1
vnc,18,8,-10
zstream,2,4,2
qemu_mallocz,27,12,-15
items,14,6,-8
pci_create,3,1,-2
pcibus,31,22,-9
pci_get_bus_devfn,3,2,-1
devaddr,4,7,3
pci_nic_init_nofail,1,2,1
pci_create_noinit,1,1,0
pci_nic_init,1,3,2
nd_table,13,7,-6
nicinfo,3,1,-2
pci_nic_names,1,1,0
models,16,5,-11
qemu_error,2,3,1
cluster_offset,20,20,0
nvectors,2,2,0
config_write,2,4,2
msix_write_config,2,1,-1
pci_command_master,5,1,-4
pci_command,8,3,-5
cpu_sr,6,8,2
tcg_gen_movi_tl,9,14,5
pvr,12,10,-2
pvr0_use_barrel_mask,1,1,0
nop,14,13,-1
opcode,38,26,-12
pvr0_use_div_mask,1,1,0
mmu_user_idx,2,2,0
pvr2_use_mul64_mask,1,1,0
pvr2_use_pcmp_instr,1,1,0
esr_ec_illegal_op,1,3,2
subcode,1,1,0
pvr2_use_msr_instr,1,1,0
mem_index,6,3,-3
sr_esr,1,3,2
pvr0_use_hw_mul_mask,1,1,0
pvr2_opcode_0x0_ill_mask,1,1,0
tb_flags,1,4,3
cpu_mmu_index,6,2,-4
pvr2_ill_opcode_exc_mask,1,3,2
hertz,1,1,0
isa,17,15,-2
dolog,2,3,1
ticks,5,5,0
init,89,36,-53
audio,5,6,1
pci_bus,14,6,-8
drv,80,50,-30
period,13,7,-6
qemu_del_timer,12,10,-2
vmchangestateentry,1,4,3
qemu_add_vm_change_state_handler,5,4,-1
ts,45,21,-24
pic,18,7,-11
dma_bdrv_cb,1,2,1
sector_num,85,58,-27
dbs,3,4,1
cur_len,2,2,0
cur_addr,4,4,0
cmdlen,1,3,2
tcg_temp_new,26,26,0
r_tmp1,3,1,-2
r_tmp2,1,1,0
tcgv,46,34,-12
gen_set_label,11,10,-1
gen_new_label,11,10,-1
tcg_type_i64,4,3,-1
tcg_gen_br,3,4,1
l3,7,3,-4
cpu_t,9,2,-7
bdrvvmdkstate,4,3,-1
l2_table,17,22,5
l2_offset,17,22,5
st_size,4,3,-1
insufficient,1,1,0
backing_hd,20,14,-6
cluster_sectors,12,12,0
hd,10,16,6
occur,15,5,-10
bdrv_pwrite,10,14,4
handler,59,25,-34
bdrv_open,27,12,-15
l1_index,3,8,5
get_cluster_offset,1,3,2
ro,9,6,-3
race,6,19,13
l2_index,9,14,5
cpu_to_le32,35,17,-18
bdrv_truncate,14,5,-9
stat,19,19,0
m_data,4,3,-1
iomemtype,2,2,0
fifo,12,11,-1
fdctrl,10,9,-1
data_len,1,6,5
allowing,5,5,0
updates,10,9,-1
processed,26,7,-19
completely,18,7,-11
worker,2,1,-1
permitted,15,8,-7
'll,26,14,-12
threshold,2,11,9
determine,16,11,-5
force,41,17,-24
vnc_state_update_none,1,1,0
thread,52,37,-15
pending,76,44,-32
put,47,18,-29
encodedrawlength,1,1,0
points,16,12,-4
forced,6,3,-3
half,28,7,-21
lets,8,3,-5
throttle,4,6,2
ioctl,55,19,-36
vfio_spapr_tce_iommu,1,2,1
v2,16,2,-14
container,27,12,-15
iommu_type,1,1,0
vring_used_idx,1,1,0
shadow_avail_idx,1,1,0
last_avail_idx,5,6,1
vring,15,14,-1
qosstate,2,3,1
qtest_shutdown,3,1,-2
qpcidevice,5,8,3
qpci_io_writel,1,2,1
qpci_devfn,5,4,-1
qpci_device_enable,2,3,1
bar0,2,2,0
pci_test_start,1,1,0
non-existent,3,3,0
qpci_io_writeb,1,1,0
qpci_iomap,2,3,1
qpci_device_find,5,5,0
mpu,8,2,-6
privileged,7,10,3
secstate,1,2,1
armmmuidx_muser,1,2,1
idx,50,32,-18
meanings,1,1,0
negpri,2,1,-1
el,17,9,-8
tlb,47,19,-28
armmmuidx_mnegpri,1,1,0
priv,3,2,-1
arrange,1,2,1
armmmuidx_mpriv,1,2,1
permission,40,17,-23
arm_to_core_mmu_idx,1,2,1
ie,27,12,-15
mmu_idx,51,7,-44
armmmuidx,9,3,-6
profile,7,5,-2
simply,25,12,-13
contrast,1,2,1
qobject_is_equal,1,1,0
issue,12,8,-4
stay,1,5,4
qstring,31,12,-19
big,15,11,-4
callers,11,10,-1
typed,2,2,0
bds,22,9,-13
come,12,7,-5
unchanged,5,7,2
options,111,45,-66
objects,17,9,-8
correctly,21,7,-14
qstring_get_str,23,12,-11
qdict_get,19,12,-7
according,21,10,-11
omit,3,1,-2
blockdev_add,1,2,1
qobject_to_qstring,11,6,-5
specify,14,12,-2
reopen_state,4,1,-3
pseudo,3,1,-2
require,37,20,-17
members,30,15,-15
therefore,28,28,0
rebuilding,2,2,0
ppc_set_compat,2,4,2
compat_pvr,3,5,2
efault,14,8,-6
kvm_device_access,2,1,-1
kvm_dev_arm_vgic_grp_ctrl,2,1,-1
dev_fd,4,1,-3
tb_ctx,6,4,-2
out_num,10,12,2
in_num,13,9,-4
ti,14,7,-7
tcg_ctx,18,8,-10
profile_getclock,3,1,-2
make_floatx80,1,1,0
pi,1,1,0
10,14,8,-6
ln,3,1,-2
make_floatx80_init,1,1,0
acpirsdtdescriptorrev1,2,2,0
rsdt_table,1,2,1
tables_nr,1,2,1
xen_pt_err,1,3,2
error_out,1,1,0
cfg,14,9,-5
burst,1,6,5
avg,8,5,-3
throttle_value_max,3,2,-1
average,1,4,3
throttle_is_valid,4,2,-2
bkt,3,7,4
throttle_enabled,1,1,0
hdr,27,17,-10
flushed_file_offset,1,1,0
new_hdr,1,1,0
new_offset,1,5,4
log_guid,2,1,-1
last_file_offset,1,1,0
bdrv_getlength,37,16,-21
mipscpu,4,2,-2
cp0_segctl2,1,1,0
tl,25,16,-9
tcg_gen_ext32s_tl,2,4,2
mips_env_get_cpu,2,1,-1
offsetof,65,28,-37
tcg_gen_ld_tl,6,2,-4
vmstate_uinttl,3,3,0
arg1,30,24,-6
minimum_version_id,38,15,-23
tlb_flush,20,7,-13
cp0_config3,6,4,-2
cp0_segctl1,1,1,0
qcryptohmac,1,1,0
hmac,1,1,0
qcryptohashalgorithm,4,3,-1
alg,4,5,1
eio,47,49,2
quit,9,8,-1
reply,21,16,-5
loglevel,4,6,2
exitcode,6,2,-4
logging,11,6,-5
fdt_offset,2,2,0
qemu_s390_flic,1,1,0
kvm_s390_flic,1,1,0
fs,27,16,-11
io_int_word,4,1,-3
kvms390flicstate,2,1,-1
fsc,4,2,-2
s390_io_interrupt,1,1,0
ais_mode_mask,1,1,0
kvm_set_device_attr,7,3,-4
attr,20,11,-9
flic,3,1,-2
qemus390flicstate,1,1,0
s390flicstate,5,1,-4
ais_supported,2,1,-1
simm,1,1,0
css_get_adapter_id,1,1,0
isc,4,2,-2
kvm_device_attr,9,4,-5
nimm,1,1,0
exact_filename,4,2,-2
unusable,3,8,5
block_job_create,2,6,4
dangling,2,5,3
block_job_unref,2,3,1
block_job_ref,1,2,1
instantaneously,1,1,0
decreased,2,3,1
goes,6,11,5
int,39,17,-22
qemu_progress_print,2,2,0
publish,29,15,-14
signal,44,23,-21
comes,12,9,-3
progress,32,16,-16
acquired,3,1,-2
refcnt,13,5,-8
ready,20,11,-9
ehcistate,6,4,-2
timer_new_ns,6,4,-2
frame_timer,3,2,-1
qemu_bh_new,18,12,-6
async_bh,2,2,0
uframes,1,2,1
skipped_uframes,1,1,0
g_strfreev,8,8,0
compat_str,1,1,0
compat=power7,1,1,0
inpieces,1,1,0
backwards,9,6,-3
g_strjoinv,1,3,2
stripping,1,1,0
compat_by_pvr,2,2,0
spaprmachinestate,15,12,-3
excise,1,1,0
visitor,49,33,-16
object_property_set_str,5,4,-1
cas,1,4,3
spaproptionvector,1,4,3
compat,16,15,-1
negotiated,3,4,1
compatinfo,2,2,0
-cpu,4,2,-2
power8,8,6,-2
negotiation,10,9,-1
applying,2,3,1
cas_legacy_guest_workaround,1,2,1
hack,50,13,-37
error_fatal,23,9,-14
newprops,1,1,0
max-cpu-compat,1,1,0
sense,27,14,-13
ppc_cpu_parse_features,1,1,0
ov5,2,3,1
spapr_cpu_parse_features,1,1,0
compat=,1,1,0
g_strsplit,8,2,-6
g_str_has_prefix,3,2,-1
max_compat_pvr,3,3,0
ov5_cas,3,4,1
pseries,5,6,1
cas_reboot,1,2,1
client-architecture-support,1,2,1
parser,23,14,-9
vmreset_report,1,1,0
vmreset_silent,1,1,0
shutdown_cause_host_error,1,1,0
qemu_system_reset,6,1,-5
shutdowncause,2,1,-1
shutdown_cause_guest_reset,1,2,1
qemu_shutdown_requested,1,1,0
shutdown_cause__max,1,1,0
panicked,1,2,1
unless,32,19,-13
reset_requested,6,1,-5
various,14,5,-9
sigint,2,2,0
shutdown_requested,6,2,-4
ui,1,3,2
qemu_reset_requested,1,1,0
prevents,7,6,-1
enumeration,4,1,-3
th_ack,3,4,1
ack,5,2,-3
th_seq,3,5,2
ip_dst,4,4,0
stcp,3,4,1
ip_src,6,4,-2
dflag,1,8,7
strcpy,11,8,-3
ppkt,5,4,-1
inet_ntoa,6,6,0
spkt,5,4,-1
ptcp,3,4,1
trace_colo_compare_ip_info,2,1,-1
src,73,34,-39
dst,42,23,-19
ssize,2,6,4
sflag,1,5,4
th_flags,2,4,2
ntohl,7,5,-2
pkt,7,6,-1
qdev_prop_set_uint16,1,1,0
strtol,12,6,-6
object_property_add_bool,14,2,-12
qdev_get_machine,24,19,-5
disables,8,1,-7
css,2,3,1
s390,17,9,-8
enables,8,2,-6
object_property_get_bool,2,1,-1
s390_ccw_machine,2,1,-1
ms,21,18,-3
object_property_set_description,5,1,-4
s390ccwmachinestate,2,1,-1
show,8,7,-1
injection,4,4,0
qobject_from_jsonf,14,10,-4
monitor_printf,48,26,-22
emitted,2,8,6
root_bus,1,2,1
purposes,11,3,-8
qemu_opt_get,43,23,-20
runtime_opts,1,3,2
extracted,1,2,1
qemu_opt_string,35,13,-22
ipv6,8,3,-5
iteration,16,8,-8
qemu_opts_absorb_qdict,7,3,-4
qemu_opts_create,11,6,-5
remainder,3,6,3
num_entries,1,3,2
qdict_del,9,6,-3
qdict_extract_subqdict,1,1,0
qdict_size,13,5,-8
upon,8,5,-3
separate,18,5,-13
rados_conf_set,4,2,-2
strchr,21,11,-10
build,23,9,-14
clean,17,13,-4
keybuf,1,2,1
qdict_array_entries,1,1,0
pdu,13,10,-3
v9fspdu,7,6,-1
active_list,1,1,0
expire_time,14,3,-11
clock,28,12,-16
timer_list,7,2,-5
slot,49,35,-14
device_type,3,1,-2
func,31,17,-14
qvirtiopcidevice,7,4,-3
qvirtiodevice,4,3,-1
qpcibus,10,7,-3
pdev,45,20,-25
qvirtio_pci,5,5,0
cpuobj,9,2,-7
dirfd,8,26,18
attr_path,1,1,0
local_mapped_file_attr,1,1,0
tmp_uid,2,2,0
tmp_gid,2,2,0
modes,12,9,-3
s_iroth,1,1,0
lstat,4,3,-1
s_irgrp,1,1,0
s_iwgrp,1,1,0
openat_file,1,6,5
fs_ctx,12,14,2
s_irusr,1,3,2
g_path_get_dirname,1,12,11
tmp_dev,2,1,-1
local_fopenat,1,2,1
tmp_mode,2,2,0
fp,20,9,-11
s_iwusr,1,3,2
getxattr,3,1,-2
fscontext,14,11,-3
map_dirfd,1,5,4
llistxattr,2,1,-1
xattr_len,3,2,-1
orig_value,4,2,-2
lgetxattr,2,1,-1
copyright,167,78,-89
authors,80,33,-47
local,30,15,-15
mountfd,3,1,-2
gpl,77,29,-48
relative,18,4,-14
stream,23,19,-4
copying,79,29,-50
9p,3,5,2
2017,12,9,-3
opendir,1,1,0
corp.,22,14,-8
utilities,2,2,0
to_qiv,4,2,-2
qobject_input_start_list,1,1,0
qobject_input_get_object,1,1,0
qobject_input_check_list,1,1,0
qobject_input_visitor_new,1,3,2
strtod,3,3,0
start_list,3,2,-1
next_list,1,1,0
qobject_input_start_struct,1,1,0
full_name,1,4,3
qobject_input_check_struct,1,1,0
scalars,1,3,2
qemu_strtosz,6,2,-4
keyval_parse,1,4,3
inc,23,8,-15
hat,63,23,-40
qobject_input_start_alternate,1,1,0
type_size,2,2,0
type_null,1,1,0
type_uint64,3,2,-1
qstr,3,5,2
check_list,1,1,0
type_int64,2,2,0
syntax,5,2,-3
endp,4,7,3
qobject_input_next_list,1,1,0
-erange,1,1,0
qobj,10,12,2
check_struct,2,2,0
qobject_input_pop,1,1,0
refer,4,3,-1
start_struct,2,3,1
qobjectinputvisitor,2,3,1
qiv,13,14,1
qobject_incref,10,3,-7
qerr_invalid_parameter_type,7,7,0
start_alternate,1,2,1
red,67,23,-44
sysclk,2,1,-1
slotid,1,3,2
rather,22,18,-4
calculation,3,6,3
sh_offset,1,1,0
shdr,1,1,0
elf_sym,1,5,4
pread,8,3,-5
symbol,5,3,-2
sh_size,1,2,1
overflowing,4,4,0
raw,36,24,-12
eq,15,5,-10
_unsupported_fmt,1,2,1
gmail,4,1,-3
wrong,27,23,-4
reading,30,19,-11
qp,3,6,3
parse_uint_full,3,5,2
unref,3,1,-2
pixman_image_get_width,3,3,0
pixman_image_get_height,2,2,0
fb,7,14,7
lr,10,6,-4
get_bpp,1,4,3
vram_ptr,3,8,5
blit_is_unsafe,1,4,3
cirrusvgastate,4,4,0
crypto_cfg,1,1,0
virtio_crypto_config,1,1,0
vfio-pci,1,1,0
domain,23,6,-17
representing,5,1,-4
cleaned,4,5,1
walking_handlers,7,3,-4
nodes,17,10,-7
held,24,10,-14
g_source_remove_poll,1,2,1
releasing,4,2,-2
revents,16,2,-14
ca,60,48,-12
mark,38,17,-21
ic,2,2,0
xics,3,3,0
icsstate,4,3,-1
xirr,2,2,0
pending_priority,2,3,1
mfrr,2,2,0
icsirqstate,1,2,1
interfaceinfo,6,2,-4
xicsstate,1,4,3
xics_common,1,1,0
icpstate,5,2,-3
vcpu_id,2,4,2
coroutines,5,8,3
notice,36,17,-19
foreign,1,1,0
eventually,4,3,-1
recursively,3,4,1
co,25,18,-7
filled,12,5,-7
runs,9,10,1
continue,18,16,-2
qemu_coroutine_self,14,9,-5
entered,6,3,-3
laiocb,2,5,3
shortly,2,1,-1
spapr_ovec_cleanup,1,2,1
cpu_update,1,1,0
smc,9,6,-3
ov5_cas_old,1,2,1
spaprmachineclass,3,5,2
spapr_h_cas_compose_response,1,1,0
capabilities,19,11,-8
spapr_ovec_test,1,3,2
dr_lmb_enabled,1,1,0
spapr_ovec_new,2,2,0
wait_for_rings_started,3,1,-2
g_thread_new,3,2,-1
connect_thread,2,1,-1
get_qemu_cmde,3,1,-2
wait_for_fds,3,1,-2
qtest_start,25,13,-12
g_test_trap_subprocess,5,2,-3
qemu_chr_disconnect,2,1,-1
init_virtio_dev,4,1,-3
test_server_free,5,2,-3
qtest_end,13,9,-4
g_test_trap_assert_passed,4,3,-1
test_fail,2,3,1
testserver,8,3,-5
test_server_new,5,1,-4
overhead,5,4,-1
ppc_booke,3,3,0
delayed,4,7,3
books,2,2,0
handles,14,11,-3
deal,36,22,-14
vfio_add_kvm_msi_virq,1,1,0
msg,56,34,-22
qemu_cflags,22,9,-13
c1,2,2,0
nothing,68,29,-39
c_name,21,10,-11
qmp_dispatch,1,3,2
is_empty,2,1,-1
qstring_from_str,24,6,-18
pop_indent,2,3,1
visit_free,6,6,0
mcgen,13,5,-8
s_members,2,1,-1
qdict_put,29,6,-23
push_indent,2,3,1
resp,17,12,-5
qdict_put_obj,16,2,-14
qdict_new,25,3,-22
arg_type,11,3,-8
visit_type_,8,5,-3
qint_from_int,16,3,-13
qobject_decref,24,24,0
iovcnt,4,10,6
pci_set_word,16,8,-8
type_pci_device,4,3,-1
generally,15,1,-14
exp_cap,2,3,1
across,15,9,-6
capability,21,16,-5
changing,14,5,-9
pci_word_test_and_set_mask,1,3,2
let,45,29,-16
bother,8,6,-2
cmask,1,3,2
endpoint,8,7,-1
changes,35,20,-15
migrations,1,1,0
fds,24,10,-14
nfds,14,5,-9
usb_state_default,1,1,0
qemuiovector,30,26,-4
mac,18,9,-9
broken,11,13,2
pci_msi_flags_maskbit,1,1,0
error_append_hint,8,8,0
on_off_auto_auto,3,3,0
on_off_auto_off,1,3,2
intx,6,2,-4
-enotsup,2,5,3
enotsup,32,20,-12
msi_nonbroken,1,1,0
pci_device,3,13,10
silently,7,9,2
programming,10,6,-4
shpc,3,2,-1
msi=auto,1,2,1
msi_used,1,1,0
on_off_auto_on,3,4,1
satisfy,2,3,1
q_unix,7,3,-4
error_setg_errno,39,31,-8
qio_channel,4,3,-1
socketaddress,8,5,-3
socket_address_kind_unix,7,2,-5
unlink,14,12,-2
long_options,2,3,1
getopt_long,4,4,0
findex,12,5,-7
qemu_add_opts,3,2,-1
required_argument,5,3,-2
cmds,2,2,0
texi,3,1,-2
var,57,29,-28
qemu_mutex_init,29,13,-16
des,4,1,-3
especially,3,2,-1
qemu_cond_signal,2,4,2
pagesize,4,3,-1
quit_decomp_thread,1,1,0
qemucond,7,6,-1
qemu_cond_init,7,3,-4
qemumutex,33,12,-21
decomp_param,2,1,-1
qemu_mutex_lock,46,24,-22
qemu_mutex_unlock,43,23,-20
compression,4,6,2
qemu_cond_wait,4,5,1
compbuf,1,1,0
break,17,10,-7
tswapal,2,5,3
__put_user,9,8,-1
__get_user,11,3,-8
tv_nsec,3,2,-1
tv_sec,15,6,-9
coroutineiocompletion,1,1,0
bdrv_co_io_em_complete,2,1,-1
qemubh,25,15,-10
bh,41,24,-17
aio_bh_new,8,5,-3
qemu_bh_delete,13,17,4
guess,5,5,0
giving,3,4,1
target_sigill,4,1,-3
carefully,5,1,-4
easy,8,5,-3
avoids,6,6,0
tinfo,2,3,1
everything,20,15,-5
best,11,4,-7
si_code,7,6,-1
direct,22,7,-15
_addr,6,4,-2
marker,3,2,-1
sextract32,6,3,-3
strip,6,5,-1
rt_sigqueueinfo,1,1,0
figure,5,2,-3
target_sigchld,1,3,2
_sifields,5,6,1
extract32,37,13,-24
tell,23,7,-16
target_sigfpe,2,4,2
made,15,12,-3
_sigfault,5,4,-1
target_sigsegv,4,4,0
knows,6,1,-5
writing,28,26,-2
awkward,2,2,0
target_sigbus,1,1,0
record,15,10,-5
deposit32,7,5,-2
unlikely,65,30,-35
pr,14,17,3
plen,10,3,-7
4096,4,2,-2
cnt,13,7,-6
in_len,5,2,-3
pvscsi_ring_init_data,1,1,0
pvscsi_setup_msg_ring_max_num_pages,1,1,0
pvscsi_setup_rings_max_num_pages,1,1,0
rings,6,5,-1
numpages,1,2,1
cmpringnumpages,1,1,0
reqringnumpages,1,1,0
ri,17,7,-10
rx_buffer,1,1,0
qemu_savevm_state_blocked,2,2,0
error_copy,4,2,-2
migration_blockers,2,1,-1
migration_status_active,5,2,-3
postcopy,9,1,-8
vm_start,8,8,0
asprintf,4,3,-1
d_name,3,5,2
promote_int,3,1,-2
bdrv_drained_end,2,4,2
enough,42,28,-14
notifiers,6,3,-3
run,81,39,-42
ugly,7,4,-3
qemu_get_aio_context,18,8,-10
iterate,5,4,-1
backends,8,6,-2
iterates,2,1,-1
map,54,25,-29
qemu_fd_getpagesize,1,2,1
salt,2,2,0
g_n_elements,5,6,1
hash,35,20,-15
pbkdf2_hmac_sha256,1,1,0
g_gnuc_unused,9,4,-5
stub,13,9,-4
qcrypto_hash_alg_md5,2,2,0
http,45,29,-16
gcry_md_none,1,1,0
gcry_strerror,1,1,0
foundation,42,20,-22
qcrypto_hash_alg_sha256,5,2,-3
merchantability,67,32,-35
library,25,17,-8
gcry_md_md5,1,1,0
and/or,77,34,-43
nsalt,1,1,0
warranty,67,32,-35
gcry_md_sha1,1,1,0
distributed,39,21,-18
lesser,22,16,-6
pbkdf,2,1,-1
nettle,3,1,-2
config_gcrypt_kdf,2,1,-1
published,44,20,-24
received,55,36,-19
hope,46,23,-23
license,49,24,-25
gcry_md_sha256,1,1,0
implied,70,33,-37
2015-2016,1,1,0
fitness,67,32,-35
along,44,21,-23
redistribute,42,20,-22
config_nettle,5,1,-4
public,65,25,-40
crypto,16,6,-10
iterations,10,7,-3
qcrypto_hash_alg__max,2,1,-1
qcrypto_hash_alg_sha1,4,2,-2
inc.,56,21,-35
gcrypt,3,1,-2
hypercall,3,4,1
kvmppc_get_hypercall,2,1,-1
meant,1,2,1
fired,2,2,0
taking,5,5,0
bdrv_aio_flush,1,3,2
bdrv_drain,3,2,-1
i/o,62,27,-35
ongoing,5,3,-2
qed_plug_allocating_write_reqs,1,2,1
bdrvqedstate,5,5,0
arm_feature_v8,16,6,-10
uncached_cpsr,5,7,2
arm_feature,65,17,-48
restoring,5,2,-3
caught,4,1,-3
spsr,1,4,3
banks,9,2,-7
sort,17,6,-11
cpsr,7,3,-4
've,21,12,-9
cpsr_m,3,8,5
msr,18,16,-2
cpsrwritebyinstr,1,3,2
hyp,1,2,1
cpuarmstate,78,11,-67
cps,3,5,2
tricore_feature,1,1,0
tricore_feature_131,1,1,0
git,15,22,7
slof,6,13,7
qapiexprerror,17,7,-10
expr_info,15,5,-10
max_track,3,2,-1
bugs,7,7,0
tighten,1,2,1
bounds,3,8,5
around,29,22,-7
drives,13,7,-6
last_sect,2,2,0
difficult,1,1,0
medium,9,6,-3
correcting,1,2,1
expose,14,9,-5
seek,9,3,-6
fdc,2,1,-1
nasty,1,3,2
fdrive,1,1,0
inserted,10,15,5
match,52,22,-30
geometry,11,2,-9
dict,28,10,-18
wanted,6,2,-4
setter,1,1,0
provider,2,3,1
newval,1,1,0
fields_filter,1,1,0
provider_fields,1,1,0
stats,6,7,1
addrrange_make,1,2,1
signalled,1,1,0
memtxattrs,16,8,-8
eventfd,9,8,-1
ioeventfds,1,2,1
int128_make64,6,4,-2
kvm_eventfds_enabled,1,2,1
attrs,29,10,-19
memtx_ok,3,7,4
memory_listener,1,4,3
ioeventfd,1,3,2
event_notifier_set,8,3,-5
tag_member,14,4,-10
c_key,2,2,0
c_enum_const,4,2,-2
enum_const,1,1,0
simple,27,21,-6
gen_alternate_qtypes,1,1,0
visitors,6,8,2
s_qtypes,2,1,-1
qtypes,1,1,0
visit_get_next_type,1,1,0
branches,7,2,-5
implicit,7,3,-4
_fwdefn,1,1,0
alternate_qtype,3,1,-2
enumerate,3,2,-1
decl,3,2,-1
gen_alternate_qtypes_decl,1,1,0
visit,13,9,-4
qobject_type,42,21,-21
variants,29,8,-21
camel_to_upper,2,1,-1
session,12,4,-8
db,3,3,0
present,56,24,-32
desc_avl_mask,1,1,0
desc_type_shift,6,1,-5
lhs,6,3,-3
desc_b_shift,1,1,0
avl,1,1,0
desc_s_mask,4,1,-3
desc_l_shift,1,1,0
desc_dpl_shift,5,5,0
rhs,6,2,-4
dpl,7,6,-1
desc_p_mask,5,1,-4
desc_g_mask,4,2,-2
bdrv_new,7,6,-1
hajnoczi,5,6,1
coroutine_fn,31,19,-12
ecanceled,3,5,2
block_job_yield,1,2,1
block_job_defer_to_main_loop,8,2,-6
g_test_run,20,6,-14
blockjobdriver,2,2,0
test_block_job_driver,1,2,1
stefanha,10,9,-1
completes,7,6,-1
stefan,7,6,-1
qemu_clock_realtime,9,8,-1
qemu_init_main_loop,10,3,-7
kicks,2,1,-1
aio_poll,25,12,-13
entering,3,4,1
delay,16,14,-2
redhat.com,37,14,-23
block_job_sleep_ns,1,2,1
kick,11,5,-6
qemu_coroutine_enter,20,10,-10
completing,5,4,-1
2015,24,11,-13
bdrv_unref,13,14,1
simulates,1,1,0
block_job_enter,4,3,-1
qemu_coroutine_create,7,4,-3
given,70,29,-41
block_job_is_cancelled,5,6,1
cancellation,3,3,0
g_test_init,25,8,-17
txn,2,2,0
block_job_txn_unref,1,1,0
vfioregion,1,1,0
vfiomsivector,1,1,0
quirk,4,3,-1
mirror,5,7,2
regions,35,13,-22
nr_vectors,2,2,0
peer,24,15,-9
cpu_to_be64w,1,1,0
d64,1,1,0
table_offset,1,8,7
cpu_to_be32w,2,1,-1
rrr_s,1,2,1
rrr_t,1,4,3
gen_window_check2,1,2,1
incoming_fd,1,3,2
shm_fd,1,2,1
flow,8,4,-4
much,20,23,3
initfn,3,3,0
throw,9,2,-7
gracefully,1,6,5
bdrv_sector_bits,43,22,-21
bitmap_size,2,6,4
bmds,3,4,1
init_blk_migration,2,1,-1
dirty_bitmap,6,4,-2
qsimpleq_foreach,2,2,0
bmds_list,1,1,0
block_mig_state,4,5,1
seen,26,10,-16
ident,5,3,-2
msrs,9,4,-5
vmstatefield,39,16,-23
has_msr_hv_crash,1,1,0
vmstatedescription,41,15,-26
hv_x64_msr_crash_p0,1,1,0
indices,5,4,-1
kvm_msr_entry_set,5,3,-2
vmstate_end_of_list,33,15,-18
kvm_msr_list,4,2,-2
hv_x64_msr_crash_ctl,1,1,0
hyperv_crash,2,1,-1
vmstate_uint64_array,1,1,0
hyperv_relaxed_timing,1,1,0
hv_x64_guest_crash_msr_available,1,2,1
define_prop_bool,27,6,-21
edx,34,7,-27
endptr,16,6,-10
out-of-range,2,1,-1
conversion,6,6,0
bsd,5,4,-1
nptr,4,2,-2
prefer,3,3,0
check_strtox_error,2,1,-1
glibc,4,5,1
erange,7,9,2
ip_header_version_4,1,1,0
ip_p,1,1,0
hlen,8,5,-3
ip_header,2,4,2
proto,5,2,-3
ip_header_version,1,1,0
be16_to_cpu,8,8,0
eth_hlen,3,3,0
ip_len,2,3,1
cannot_instantiate_with_device_add_yet,3,4,1
describes,4,4,0
verify,24,31,7
aio_ctx_prepare,2,1,-1
od,3,2,-1
atomic,11,6,-5
hits,1,2,1
o2,2,1,-1
spin,5,7,2
smp_mb,6,7,1
wastes,1,1,0
aio_notify,13,8,-5
foo++,1,1,0
fast,8,6,-2
docs,9,5,-4
sets,21,12,-9
interaction,3,1,-2
're,74,40,-34
gcc,21,10,-11
notifier,41,12,-29
nudge,1,1,0
dispatching,2,1,-1
was_dispatching,2,1,-1
something,34,23,-11
nested,15,10,-5
computing,3,4,1
atomic_add,3,1,-2
blocking,14,11,-3
optimization,7,2,-5
e.g,27,12,-15
pairs,4,8,4
ctx-,2,7,5
simulating,3,1,-2
have_select_revents,1,3,2
bh-,1,3,2
aio_set_dispatching,1,1,0
phase,5,6,1
poll,20,6,-14
side,26,7,-19
machine_kernel_irqchip_allowed,1,2,1
kvm_vm_enable_cap,3,3,0
kvmstate,28,12,-16
machinestate,24,17,-7
hw,27,15,-12
qemu_set_fd_handler,13,8,-5
hwvoicein,1,2,1
hwvoiceout,1,2,1
poll_mode,1,1,0
bits_per_long,3,4,1
word,24,8,-16
area,43,14,-29
avoided,3,2,-1
assignments,1,1,0
long,28,22,-6
atomically,2,3,1
account,10,6,-4
bit_word,1,2,1
%,24,11,-13
counting,8,4,-4
qemu_irq_split,1,1,0
gsi,13,6,-7
qemu_allocate_irq,1,3,2
smi_irq,2,2,0
i8259,8,5,-3
qemu_allocate_irqs,6,9,3
qemu_irq,43,18,-25
bdrvrequestflags,6,2,-4
unaligned,24,12,-12
bdrv_aligned_preadv,1,1,0
mark_request_serialising,1,1,0
qemu_iovec_init_external,3,7,4
bdrvtrackedrequest,5,6,1
iov_base,32,39,7
iov_len,35,39,4
wait_serialising_requests,1,2,1
bdrv_aligned_pwritev,1,1,0
align,48,22,-26
bdrv_req_zero_write,1,1,0
blkdbg_event,1,3,2
tracked_request_end,2,2,0
local_qiov,3,5,2
middle,10,4,-6
constant,16,4,-12
linaro.org,5,2,-3
topmost,5,2,-3
peter,10,4,-6
confusion,2,1,-1
memory_region_write_accessor,2,1,-1
memtxattrs_unspecified,8,8,0
associated,65,21,-44
peter.maydell,2,2,0
maydell,5,2,-3
limited,54,20,-34
semantics,13,5,-8
write_with_attrs,3,2,-1
necessary,42,18,-24
transaction,15,8,-7
attribute,22,7,-15
subsystem,13,4,-9
ctz32,7,5,-2
distinguish,6,2,-4
attributes,10,3,-7
qemu_flush_coalesced_mmio_buffer,1,2,1
linaro,11,3,-8
together,4,5,1
read_with_attrs,3,2,-1
accessors,3,2,-1
master,11,12,1
new-style,1,2,1
memtxresult,4,7,3
args_type,27,13,-14
out_sg,12,9,-3
elem,21,19,-2
resp_size,3,1,-2
req_size,3,1,-2
in_sg,12,7,-5
drop_sync,2,1,-1
read_sync,6,4,-2
dropped,6,5,-1
csock,13,9,-4
save_cpu_state,2,4,2
surface,19,22,3
pf,2,5,3
linesize,5,3,-2
rtas_out_param_error,6,2,-4
pcie_mmcfg_size_max,1,1,0
memory_region_transaction_commit,10,4,-6
memory_region_transaction_begin,9,4,-5
memory_region_set_size,3,1,-2
le16_to_cpu,2,6,4
g_assert_cmphex,15,12,-3
machines,15,7,-8
g_slist_free,7,4,-3
max_transfer_length,6,2,-4
max_discard,9,2,-7
bdrv_refresh_limits,8,1,-7
uint32_max,17,16,-1
unlock_user,5,9,4
target_vec,2,1,-1
ahci_px_is,3,2,-1
ahci_alloc,2,1,-1
pxclb,1,2,1
ahci_px_wreg,2,1,-1
0x20,2,2,0
usleep,7,2,-5
get_ahci_device,1,1,0
bring,3,2,-1
initialize,34,22,-12
fis,1,4,3
possibly,10,15,5
assert_bit_clear,6,4,-2
ich9,4,1,-3
hba,5,5,0
ctzl,1,2,1
g_test_message,6,6,0
ahci_px_tfd,3,3,0
bitset,3,2,-1
significant,7,3,-4
qpci_free_pc,4,8,4
0x100,2,3,1
assert_bit_set,4,3,-1
/***,3,1,-2
0-5,1,1,0
areas,9,5,-4
qpci_config_writeb,2,2,0
ahci,8,14,6
qpci_init_pc,9,5,-4
ports,9,10,1
ahciqstate,3,6,3
engine,1,3,2
ahci_px_tfd_sts_bsy,2,2,0
reg,79,46,-33
qpci_config_readb,2,2,0
interest,1,2,1
libqos,18,4,-14
receive,15,13,-2
logical,22,9,-13
implemented,56,15,-41
pci_vendor_id,9,4,-5
presence,3,5,2
ahci_px_rreg,4,3,-1
acts,1,1,0
ahci_px_serr,1,2,1
36,4,3,-1
locate,4,6,2
***/,3,1,-2
sanity-check,3,1,-2
platform,13,4,-9
startswith,11,8,-3
supported_oses,1,1,0
sys,21,20,-1
look,23,9,-14
dmg,4,1,-3
rounded,5,8,3
search,17,5,-12
info_begin,2,3,1
pthread_mutex_lock,3,3,0
pthread_mutex_unlock,3,3,0
ppc_none,8,8,0
cr,26,16,-10
0b00,1,3,2
tsr,3,4,1
implementation,43,26,-17
instructions,47,11,-36
ppc2_tm,1,4,3
\,12,7,-5
tend,1,2,1
||,14,7,-7
qemu_acl_entry,1,2,1
deny,1,2,1
find_typename_by_alias,1,2,1
object_class_by_name,19,8,-11
resume,13,11,-2
guest_phys_blocks_free,1,1,0
bmap_size,2,1,-1
blocks_in_image,1,2,1
enomem,18,29,11
check_errors,11,9,-2
sector_size,7,7,0
bmap,7,4,-3
_state,7,2,-5
virtio_f_any_layout,7,1,-6
bdrv_acct_write,1,2,1
bdrv_acct_start,1,3,2
bdrv_acct_read,2,2,0
virtio_blk_s_ioerr,1,1,0
virtio_blk_rw_complete,3,2,-1
l2tpv3,1,1,0
config_linux,9,4,-5
qobject_to_json,4,3,-1
va_end,16,10,-6
socket_send,1,1,0
va_list,1,1,0
escape,4,4,0
qobject_from_jsonv,2,3,1
va_copy,1,1,0
g_strdup_vprintf,4,6,2
going,21,12,-9
unnecessary,7,3,-4
props,46,16,-30
device_class,30,12,-18
define_prop_end_of_list,23,9,-14
deviceclass,40,12,-28
virtioblkconf,1,1,0
realization,3,1,-2
bc,7,2,-5
kid,4,4,0
buschild,3,2,-1
occupied,2,2,0
hint,12,4,-8
object_property_get_int,12,5,-7
pcdimmdevice,5,3,-2
set_bit,22,7,-15
type_pc_dimm,5,3,-2
dimms,1,2,1
hotplug_dev,7,7,0
ram_slots,5,2,-3
pc_dimm,3,2,-1
pc_dimm_slot_prop,3,1,-2
find_first_zero_bit,1,1,0
guest_primary,6,1,-5
lowcore,11,4,-7
excp_halted,2,5,3
pixels,5,3,-2
ctpop32,2,1,-1
ctpop64,4,1,-3
cur,5,10,5
type_user_creatable,3,2,-1
objectclass,59,22,-37
pagetable,1,4,3
vhd_max_sectors,1,2,1
scon,4,5,1
chr_read,5,6,1
trigger,26,16,-10
event_pending,2,1,-1
sclp,4,4,0
qemu_irq_raise,13,5,-8
trace_grlib_gptimer_enable,1,1,0
ptimer_set_count,4,1,-3
counter,17,14,-3
ptimer,3,2,-1
produce,8,7,-1
sclpevent,2,1,-1
sigemptyset,4,8,4
kill_qemu,1,1,0
sa_flags,5,7,2
global_qtest,11,6,-5
sigabrt,1,1,0
sigaction,6,7,1
restored,8,2,-6
signo,1,2,1
sa_mask,2,3,1
qteststate,11,4,-7
waitpid,1,5,4
xfer_limit,7,2,-5
bytes_xfer,5,2,-3
bus_master_as,2,1,-1
pci_config_free,1,2,1
bus_master_enable_region,1,2,1
address_space_destroy,2,1,-1
emit,13,7,-6
specifically,5,4,-1
coprocessor,11,3,-8
checks,66,24,-42
rip,3,2,-1
raise_exception,11,12,1
configurable,10,2,-8
accessfn,5,2,-3
gen_set_pc_im,6,3,-3
succeed,2,9,7
tcgv_ptr,6,3,-3
0x0,5,2,-3
failing,2,2,0
due,29,16,-13
tcg_const_ptr,1,1,0
tcg_temp_free_ptr,4,2,-2
armcpreginfo,17,2,-15
cpaccessresult,4,1,-3
cp_access_trap,1,1,0
registers,97,32,-65
category,1,1,0
cause,39,25,-14
*value,1,1,0
translate,26,7,-19
cp_access_ok,4,1,-3
making,9,5,-4
gen_a64_set_pc_im,10,1,-9
syndrome,4,5,1
tmpptr,1,2,1
addition,11,12,1
excp_udef,9,2,-7
0x4,2,1,-1
virtio_blk,3,3,0
virtio_blk_device_exit,1,1,0
mirror_sync_mode_none,2,3,1
qov,13,4,-9
qapideallocvisitor,3,1,-2
to_qov,3,1,-2
qcow2_ol_active_l2,3,2,-1
sections,12,5,-7
bitmask,5,3,-2
qcow2_ol_active_l1,2,2,0
qcow2_ol_refcount_block,2,2,0
snapshots_size,3,4,1
ign,2,1,-1
qcow2metadataoverlap,1,2,1
qcow2_ol_default,3,2,-1
new_l1_table_offset,1,3,2
qcow2_pre_write_overlap_check,2,6,4
new_l1_size2,1,4,3
chk,3,6,3
qcow2_ol_refcount_table,1,3,2
packet,34,24,-10
epctx,4,4,0
usb_packet_cleanup,1,2,1
transfers,2,5,3
qemu_madv_dontfork,2,2,0
qemu_madvise,3,3,0
new_block,12,11,-1
xhciepcontext,1,1,0
iso,1,2,1
running_retry,2,1,-1
asap,5,3,-2
xfer,13,13,0
timed_xfer,1,1,0
xhcitransfer,1,1,0
retry,17,8,-9
xhci,5,13,8
transfer,29,22,-7
kb,2,5,3
qcow2_free_clusters,3,7,4
grain_offset,1,1,0
num_gtes_per_gte,1,1,0
le64_to_cpu,7,6,-1
desc_size,1,3,2
capacity,9,3,-6
qemu_savevm_state_complete,2,3,1
vm_stop_force_state,1,3,2
migrate_finish_set_state,1,2,1
qemu_file_set_rate_limit,4,2,-2
mig_state_error,2,4,2
kvmclockstate,1,1,0
kvm_vm_ioctl,18,8,-10
kvm_clock_data,2,1,-1
clock_valid,1,1,0
post_load,12,12,0
kvmclock_pre_save,1,1,0
runstate_is_running,7,4,-3
kvm_get_clock,1,1,0
pre_save,6,9,3
kvm_state,53,20,-33
stopped,22,9,-13
declare,1,3,2
continued,1,1,0
triggers,8,2,-6
selected,7,2,-5
express,33,14,-19
tb_env,4,1,-3
int64_max,14,16,2
tb_freq,1,1,0
biggest,2,2,0
fclose,14,9,-5
recv_fifo,3,4,1
fifo8_is_empty,3,3,0
fifo8_is_full,1,1,0
alloc,17,8,-9
cocoa_debug,3,3,0
config_len,1,2,1
vm_stop,8,10,2
s390_del_running_cpu,1,3,2
monitor_protocol_event,5,9,4
migrate_use_xbzrle,3,5,2
ram_bulk_stage,1,2,1
apic_state,10,3,-7
x86_cpu_apic_init,1,1,0
apic_mapped,1,1,0
config_qemu_datadir,1,1,0
data_dir_idx,1,2,1
data_dir,4,2,-2
subdir,5,2,-3
os_find_datadir,1,2,1
r_ok,5,2,-3
cpuiomem,1,1,0
sys_bus_device_class,3,1,-2
sysbusdeviceclass,4,1,-3
arm_gic_common,2,1,-1
gicstate,10,3,-7
from_sysbus,6,2,-4
sbd,9,4,-5
sys_bus_device,26,10,-16
sysbusdevice,30,14,-16
sdc,1,1,0
nc,33,16,-17
num_cpu,6,2,-4
sbc,4,2,-2
gic_maxirq,2,1,-1
instance,24,12,-12
num_irq,8,4,-4
ncpu,2,1,-1
sysbus,6,4,-2
sysbus_init_mmio,15,6,-9
gic,20,9,-11
lsi_table,2,1,-1
spapr_pci_msi_win_off,1,1,0
qdev_prop_set_uint64,6,2,-4
dtbusname,7,1,-6
buid,7,5,-2
spapr_pci_mmio_win_off,1,1,0
spapr_pci_io_win_size,2,5,3
pci_host_bridge,2,1,-1
pcihoststate,4,2,-2
qdev_prop_set_uint32,18,5,-13
pci_find_domain,1,1,0
mem_win_addr,4,1,-3
find_phb,1,3,2
spaprphbstate,11,7,-4
define_prop_hex64,2,1,-1
spapr_pci_window_base,1,1,0
define_prop_hex32,2,2,0
busname,1,1,0
sphb,15,6,-9
io_win_addr,5,1,-4
dma_liobn,4,2,-2
msi_win_addr,1,1,0
io_win_size,3,1,-2
windows_base,1,1,0
spapr_create_phb,1,1,0
irq_num,7,3,-4
spapr_pci_mmio_win_size,1,3,2
phbs,4,2,-2
mem_win_size,4,1,-3
pci_register_bus,3,3,0
qdev_prop_set_string,3,2,-1
nentries,2,3,1
acl,5,7,2
pidfile,1,5,4
locked,10,13,3
forever,4,4,0
local_progress,1,1,0
io_buf_size,4,4,0
nb_sectors,82,63,-19
num_sectors,3,2,-1
qxl_set_guest_bug,2,6,4
ov,15,19,4
object_get_typename,20,6,-14
equal,13,7,-6
memorymappinglist,2,2,0
paging,1,4,3
cpu_paging_enabled,1,1,0
max_path,3,3,0
greater,7,8,1
getlasterror,11,9,-2
tmp_filename,2,4,2
get_tmp_filename,1,3,2
eoverflow,1,2,1
tmpdir,3,3,0
qmp_input_push,2,1,-1
list_cpus,1,1,0
cpudef_init,1,1,0
text_console_init,1,1,0
o_nonblock,10,14,4
qemu_chr_open_pty,1,1,0
arg2,27,21,-6
is_error,1,1,0
credp,10,9,-1
chmod,4,4,0
fc_mode,9,6,-3
fc_gid,8,6,-2
fchmod,1,4,3
fchownat,1,4,3
fc_uid,10,6,-4
max_sz,4,1,-3
td,15,4,-11
cbp,1,1,0
gp,2,3,1
qerror,7,2,-5
sh,18,9,-9
errmsg,1,2,1
scripts,9,9,0
definitions,18,6,-12
qerror_table,1,1,0
sd,13,9,-4
card_status,2,6,4
illegal_command,1,2,1
sd_illegal,1,2,1
rtype,1,1,0
qdev_init_nofail,23,15,-8
xml,4,2,-2
num_regs,1,2,1
target_ppc64,10,5,-5
tcg_gen_mov_tl,7,13,6
sprn,4,9,5
tcg_areg0,9,2,-7
target_fmt_lx,28,16,-12
cpu_gpr,8,10,2
spr_write_generic,8,10,2
nip,14,10,-4
powerpc_flag_cfar,1,1,0
powerpc_flag_bus_clk,3,1,-2
spr_noaccess,7,8,1
cpu_fprintf,17,9,-8
tcg_global_mem_new,3,3,0
spr_register,6,5,-1
spr_read_generic,9,11,2
config_user_only,13,6,-7
gprn,3,9,6
formats,6,5,-1
bdrv_invalidate_cache,4,4,0
bdrv_states,2,5,3
invalidate,34,10,-24
meta,16,4,-12
cluster_data,1,3,2
curl,6,5,-1
curlaiocb,2,1,-1
acbs,1,1,0
cb,38,30,-8
curl_easy_setopt,2,4,2
curl_read_cb,1,1,0
curl_num_acb,2,2,0
curle_ok,1,1,0
sect,3,1,-2
tcg_gen_movi_i32,11,8,-3
next_pc,3,2,-1
sr,22,18,-4
gen_jumpi_check_loop_end,2,2,0
xtensa_tbflag_excm,1,2,1
tcg_temp_free,29,32,3
label,23,6,-17
gen_helper_wsr_lend,1,1,0
gen_wsr_lend,1,1,0
gen_jumpi,1,1,0
option_enabled,2,2,0
tcg_cond_eq,12,11,-1
tb_invalidate_phys_page_range,8,4,-4
cpu_r,8,5,-3
tbd,3,5,2
lbeg,1,2,1
tcg_const_i32,34,18,-16
tcgv_i32,36,19,-17
lcount,1,2,1
tcg_gen_brcondi_i32,9,5,-4
xtensa_option_loop,1,2,1
has_option,3,4,1
lend,4,2,-2
qemu_noreturn,5,5,0
do_unassigned_access,4,1,-3
env1,11,7,-4
cpu_unassigned_access,3,1,-2
cpu_single_env,15,9,-6
is_exec,4,1,-3
current_dev,1,1,0
current_req,1,2,1
next_in_flight,3,2,-1
l2_table_cache,6,6,0
qcow2_cache_put,2,6,4
nv,1,1,0
sense_unit_attention,1,1,0
ide_atapi_cmd_error,2,4,2
sense_key,1,2,1
that's,3,1,-2
ide_atapi_cmd,2,2,0
sense_not_ready,1,3,2
asc_medium_may_have_changed,1,1,0
cd,16,7,-9
asc_medium_not_present,1,2,1
done_smc,1,1,0
tcg_temp_new_i32,12,9,-3
tcg_temp_free_i32,24,19,-5
io_buffer,8,4,-4
hflags,27,12,-15
modified,19,12,-7
remapped,2,1,-1
cycle,6,5,-1
sectors,48,21,-27
stop,62,35,-27
slirp_msize,1,1,0
mp_state,7,2,-5
bank_num,2,1,-1
mce,4,2,-2
fault,28,9,-19
mcg_cap,9,2,-7
cpu_interrupt_mce,2,1,-1
kvm_irqchip_in_kernel,15,7,-8
kvm_cpu_synchronize_state,2,2,0
mcg_status,8,4,-4
bank,15,5,-10
interrupt_request,24,9,-15
kvm_x86_mce,3,1,-2
kvm_mp_state_runnable,3,1,-2
halted,20,14,-6
kvm_x86_set_mce,2,1,-1
qemu_system_reset_request,5,4,-1
misc,12,7,-5
mci_status_val,5,1,-4
excp12_mchk,2,1,-1
kvm_cap_mce,1,1,0
triple,2,1,-1
mce_banks,4,1,-3
kvm_has_vcpu_events,1,2,1
exception_injected,2,3,1
has_error_code,3,3,0
vhost_net,5,3,-2
libs,26,8,-18
__attribute__,21,10,-11
constructor,6,3,-3
ust,2,2,0
get_name,2,2,0
efbig,8,15,7
calculate_geometry,1,1,0
increase,7,11,4
qemu-img,1,3,2
secs_per_cyl,1,1,0
cyls,6,2,-4
rounding,5,4,-1
cyls_times_heads,1,1,0
behaviour,19,10,-9
total_size,13,11,-2
qemu_malloc,36,22,-14
pcap_vc,1,1,0
pcap_caplen,1,1,0
info_str,4,3,-1
qemu_new_net_client,1,1,0
vlanclientstate,10,7,-3
vlan,15,9,-6
dump_receive,1,1,0
net_dump_cleanup,1,1,0
qemu_new_vlan_client,1,3,2
snaplen,1,1,0
pci_create_simple,4,3,-1
host_state,3,3,0
pci_device_id,6,2,-4
pci_class_device,3,2,-1
wmask,13,4,-9
interface,77,17,-60
pci_header_type,8,2,-6
pci_status,2,4,2
writeable,1,2,1
pci_revision_id,12,1,-11
pci_class_prog,1,1,0
pci_capability_list,1,2,1
qemu_get_buffer,7,12,5
drives_table,1,1,0
nb_nics,8,2,-6
if_ide,8,3,-5
bdrv,27,10,-17
kvmerr,1,1,0
arch_cflags,12,6,-6
tmpe,13,9,-4
os_cflags,3,3,0
awk,4,2,-2
kvm_cflags,2,1,-1
cpuid_i,3,3,0
ti_bufsz,2,3,1
immediately,25,20,-5
defer,4,5,1
complete,65,40,-25
stat_pio_mask,1,1,0
ti_size,1,1,0
rregs,1,3,2
esp_rstat,1,2,1
implement,57,17,-40
cflags,44,16,-28
ldflags,8,5,-3
lz,2,2,0
cpu_ir,4,2,-2
tcg_gen_movi_i64,9,2,-7
ra,31,15,-16
ohcistate,1,3,2
ohci,6,7,1
qemu_register_reset,17,10,-7
ohci_reset,1,2,1
t0,50,38,-12
m_free,1,2,1
ifm,3,2,-1
prefixes,6,2,-4
disappear,1,2,1
aware,2,5,3
8,32,20,-12
max_threads,1,1,0
power9,1,1,0
iov_to_buf,6,6,0
itask,7,7,0
task,13,14,1
niov,16,20,4
libiscsi_feature_iovector,2,1,-1
dxferp,1,2,1
qemu_iovec_to_buf,2,1,-1
1.4.0,1,1,0
dxfer_len,1,2,1
x3,1,3,2
issuing,4,4,0
exceeded,2,2,0
conservative,2,1,-1
bound,13,5,-8
hard,10,4,-6
framebuffer,7,3,-4
incorrectly,8,3,-5
stops,10,3,-7
factor,1,2,1
socket,44,24,-20
hopefully,1,2,1
growing,2,3,1
disconnecting,2,2,0
vnc_disconnect_start,1,4,3
throttling,12,7,-5
x2,4,3,-1
incremental,2,5,3
reach,7,1,-6
handshake,3,3,0
vncstate,9,12,3
triggered,16,6,-10
worst,1,1,0
malicious,1,1,0
cc_op_dynamic,4,3,-1
handle_request,1,2,1
cancel_cmd,1,1,0
get_tpm_version,1,1,0
cpu_interrupt_exittb,1,3,2
qemu_mutex_iothread_locked,2,4,2
cpu_interrupt,13,4,-9
getpc,15,11,-4
s390_env_get_cpu,16,2,-14
block_job_resume,2,2,0
busy,21,11,-10
aio_co_wake,3,4,1
qemu_coroutine_yield,14,9,-5
$,8,9,1
listening,7,2,-5
conv_keys,1,2,1
bps,3,3,0
node_name,12,5,-7
iops,6,4,-2
ccw,7,4,-3
tgm,1,2,1
throttle_timers,1,1,0
throttle_state,8,3,-5
throttletimers,1,1,0
tt,6,4,-2
throttle_group_member,1,2,1
bdrvqcow2state,3,4,1
refcount_bits,6,2,-4
corruption,6,11,5
suppressed,7,10,3
critical,10,7,-3
qcow2cache,3,2,-1
offset_into_cluster,7,3,-4
qcow2_signal_corruption,6,5,-1
refcount_block_cache,5,11,6
shrink,2,4,2
reftable,1,4,3
refblock,4,4,0
covered,8,6,-2
discarding,1,3,2
marking,7,8,1
mpic,3,2,-1
ppce500params,1,2,1
qdev_get_gpio_in,8,3,-5
irqn,2,1,-1
sysbus_connect_irq,16,3,-13
pci_irq_nrs,1,1,0
maybe,8,5,-3
fatal,5,12,7
fw_max_size,1,3,2
exit_failure,22,13,-9
nops,1,3,2
longjmp,4,5,1
braap.org,1,1,0
mmap_unlock,5,6,1
locks,10,5,-5
emulation,51,20,-31
tb_lookup__cpu_state,1,1,0
translationblock,25,7,-18
cota,1,1,0
atomic_read,25,10,-15
tb_jmp_cache_hash_func,1,1,0
mmap_lock,4,5,1
tb_htable_lookup,1,1,0
tb_jmp_cache,2,2,0
translated,16,5,-11
cpu_get_tb_cpu_state,4,2,-2
taken,24,11,-13
desired,7,6,-1
emilio,1,1,0
tb_gen_code,5,3,-2
threaded,5,2,-3
g.,1,1,0
cs_base,21,6,-15
chance,10,8,-2
inside,20,14,-6
qemu_img_extra_args,1,2,1
sample_img_dir,1,2,1
default_alias_machine,1,1,0
default_machine,1,1,0
qemu_prog,6,3,-3
mkdir,11,5,-6
cstat,1,2,1
ctrl,22,8,-14
channel_prog,2,1,-1
channel,21,9,-12
scsw_ctrl_mask_stctl,2,1,-1
cpa,2,1,-1
sch,15,5,-10
scsw_stctl_status_pend,1,1,0
hard_vcpus_limit,1,1,0
soft_vcpus_limit,2,1,-1
kvm_max_vcpus,2,2,0
kvm_cap_nr_vcpus,2,1,-1
warn_report,1,4,3
kvm_vm_check_extension,5,3,-2
kvm_recommended_vcpus,1,1,0
objectproperty,7,1,-6
object_property_iter_init,1,1,0
object_property_iter_next,1,1,0
strstart,20,7,-13
object_property_get_link,4,2,-2
object_get_root,3,2,-1
iter,16,11,-5
objectpropertyiterator,1,1,0
container_get,4,2,-2
storing,13,6,-7
buflen,10,10,0
occurs,11,5,-6
**errp,9,4,-5
referenced,5,5,0
end-of-file,1,1,0
non-blocking,2,2,0
partial,11,6,-5
behaves,2,3,1
reported,10,14,4
qiochannel,4,5,1
populated,5,1,-4
null-initialized,1,2,1
unexpected,7,5,-2
content,12,8,-4
yielding,1,2,1
bool,27,6,-21
times,17,11,-6
spapr_drc_state_physical_unisolate,1,1,0
unisolate,3,1,-2
configuring,5,4,-1
fragment,6,5,-1
ccs_offset,1,1,0
fdt_offset_next,1,1,0
repeatedly,1,2,1
fdt_start_offset,3,1,-2
configure-connector,1,1,0
ccs_depth,1,1,0
memory_region_init_rom,3,1,-2
memory_region_init_rom_nomigrate,1,1,0
undefined,15,11,-4
clz64,3,3,0
target_bs,3,2,-1
bdrv_o_copy_on_read,1,2,1
bdrv_o_no_backing,5,4,-1
bdrv_o_snapshot,1,3,2
direntry,2,1,-1
array_get,2,1,-1
subdirectory,1,1,0
turned,1,4,3
vtd_switch_address_space_all,1,1,0
dynamically,4,3,-1
iommu,33,9,-24
on/off,2,1,-1
dirty_memory_block_size,1,1,0
vmsvga_state_s,1,4,3
vmstate_uint32_equal,2,1,-1
openpicstate,2,2,0
vmstate_uint16_equal,1,2,1
virtiogpu,1,2,1
max_outputs,3,4,1
queue_size,3,1,-2
nirq,3,1,-2
num_surfaces,2,3,1
vmstate_uint8_equal,1,1,0
new_depth,1,2,1
vmstate_int32_equal,1,3,2
inputs,7,2,-5
nb_cpus,3,4,1
qint,22,5,-17
qbool,13,4,-9
vmstate_uint32,31,5,-26
powerpccpuclass,12,6,-6
hook,10,3,-7
powerpc_cpu_get_class,7,6,-1
management,13,6,-7
pcc,19,7,-12
operating,8,5,-3
restricted,1,3,2
exact,5,5,0
similar,18,5,-13
pvr_match,2,2,0
spr_pvr,3,5,2
determined,7,3,-4
sufficiently,2,5,3
spr_cb,2,4,2
type_powerpc_cpu,6,1,-5
architected,1,1,0
transition,7,1,-6
vhyp,3,3,0
default_value,1,5,4
alignment,34,18,-16
eblake,1,2,1
opt,30,9,-21
blkdebug,4,5,1
constrained,1,1,0
zeroes,14,7,-7
discarded,7,3,-4
quick,19,9,-10
g_test_trap_assert_stdout,3,2,-1
g_assert_false,1,1,0
g_assert_cmpfloat,4,1,-3
g_assert_cmpuint,5,9,4
g_test_trap_assert_stderr,3,2,-1
qr,8,2,-6
g_assert_null,2,2,0
herecurr,13,5,-8
g_assert_no_error,1,2,1
realfile,7,2,-5
spt,3,1,-2
-c,1,1,0
yet,74,45,-29
suppress,13,2,-11
2.6,2,1,-1
le,7,3,-4
|,23,11,-12
compiled,2,5,3
-e,2,1,-1
conditional,18,4,-14
shell,10,4,-6
evaluates,1,1,0
bdrv_get_info,5,3,-2
bdrv_req_may_unmap,6,3,-3
blockdriverinfo,3,2,-1
blk_pwrite,2,3,1
bdi,3,4,1
buffer_is_zero,4,2,-2
nr_sectors,1,5,4
device_get_hotplugged,1,1,0
device_set_hotplugged,1,1,0
hotplugged,8,10,2
cid,3,3,0
vsock,2,1,-1
arm_tbflag_handler,1,1,0
v7m_handler_mode,3,1,-2
v7m,34,10,-24
itr,3,2,-1
retval,17,13,-4
backing_options,1,2,1
arg_name,1,4,3
qerr_qmp_bad_input_object_member,2,3,1
arg_obj,1,2,1
qtype_qdict,22,10,-12
gen_goto_tb,7,1,-6
addi,4,4,0
tcg_gen_addi_tl,4,3,-1
instr,1,4,3
optimizing,2,2,0
better,28,10,-18
existing,23,18,-5
solution,6,2,-4
no-op,4,4,0
timer_free,8,5,-3
ptimer_state,2,1,-1
g_memdup,7,5,-2
policy,3,2,-1
v9fs_string_sprintf,2,8,6
v9fs_string_init,2,7,5
err_end,4,5,1
sm_local_dir_mode_bits,2,1,-1
mkdirat,2,4,2
v9fsstring,11,10,-1
fullname,9,6,-3
v9fs_string_free,3,8,5
dir_path,1,5,4
v9fs_sm_none,5,4,-1
v9fs_sm_passthrough,4,4,0
local_post_create_passthrough,3,3,0
s_ifdir,1,1,0
local_set_xattr,8,6,-2
v9fs_sm_mapped,4,4,0
lock_user_string,1,4,3
lock_user,4,4,0
verify_read,9,5,-4
tuc_sigmask,1,2,1
target_sigset_t,2,4,2
target_set,1,2,1
frame,33,26,-7
enter_pgmcheck,3,4,1
psw_addr,2,3,1
psw_mask_pstate,3,3,0
0x0000,1,2,1
heuristic,3,1,-2
psw_mask_dat,2,1,-1
psw,17,6,-11
pgm_operation,2,2,0
dat,1,2,1
psw_mask,2,1,-1
go,42,24,-18
ldq_phys,4,2,-2
psa,5,4,-1
endless,2,2,0
faulting,1,1,0
psw_mask_asc,5,2,-3
loops,9,4,-5
exceptions,24,12,-12
settings,16,6,-10
pgm,1,1,0
postfix,2,2,0
strtoull,8,5,-3
qemu_opt_get_number,12,8,-4
error_free_or_abort,3,13,10
mach,1,3,2
hwaddr_prix,20,11,-9
mips,25,9,-16
mips64el,4,5,1
gic_timer,1,2,1
aarch64,25,10,-15
mipscpsstate,3,2,-1
charbackend,6,3,-3
parent_obj,27,16,-11
uart,1,5,4
imagination,3,3,0
qemu_log_mask,42,27,-15
chr_event_opened,2,3,1
2016,23,8,-15
serialstate,4,3,-1
boston,4,4,0
microblaze,8,7,-1
log_unimp,9,10,1
rcu_register_thread,1,1,0
safe,38,30,-8
kicked,1,1,0
tcg_kick_vcpu_timer,1,1,0
multi-threaded,2,2,0
tcg_cpu_exec,3,1,-2
thread_kicked,1,2,1
rr,5,1,-4
qemu_tcg_wait_io_event,2,1,-1
qemu_thread_create,11,3,-8
parallel_cpus,9,1,-8
qemu_tcg_cpu_thread_fn,1,1,0
tcg_halt_cond,2,1,-1
start-up,1,1,0
cpu_can_run,3,1,-2
qemu_thread_get_self,3,2,-1
qemu_tcg_mttcg_enabled,1,1,0
qemu_get_thread_id,4,1,-3
handle_icount_deadline,1,1,0
deep,2,2,0
halt_cond,2,1,-1
mttcg,2,2,0
cpu_next,3,1,-2
qemu_cpu_cond,1,1,0
cpu_exec,8,3,-5
can_do_io,3,1,-2
qemu_wait_io_event_common,2,1,-1
thread_name,2,1,-1
cpu_thread_is_idle,2,1,-1
tcg_cpu_thread,2,1,-1
qemuthread,15,5,-10
qemu_thread_joinable,7,3,-4
tcg_gen_or_tl,4,9,5
tcg_gen_and_tl,2,9,7
tcg_cond_ltu,1,2,1
supervisor,3,2,-1
tcg_gen_shri_tl,6,7,1
cy,1,3,2
tcg_gen_andi_tl,9,8,-1
exception_index,39,22,-17
def_helper_flags_2,7,3,-4
cpu_loop_exit_restore,3,3,0
target_long,9,3,-6
tcg_gen_andc_tl,1,5,4
tcg_call_no_wg,5,4,-1
signed,12,6,-6
target_long_bits,1,6,5
tcg_gen_xor_tl,1,7,6
srca,1,2,1
openrisccpu,2,3,1
carry,6,4,-2
tcg_gen_setcond_tl,1,4,3
tcg_gen_deposit_tl,2,3,1
atomic_fetch_inc,1,1,0
mutex,28,16,-12
cpu_relax,1,1,0
shorter,2,2,0
artificially,3,1,-2
qemu_get_current_aio_context,2,4,2
holding,2,7,5
introduce,1,2,1
faster,5,2,-3
happens,29,22,-7
comutex,6,2,-4
pthread_mutex_t,4,2,-2
smp_read_barrier_depends,2,1,-1
wakeup,4,6,2
atomic_cmpxchg,3,5,2
audio_init,1,1,0
cmos,3,1,-2
boot_device,5,5,0
fw_cfg_ram_size,1,1,0
fw_cfg_boot_set,1,1,0
kernel_base,4,2,-2
100,8,2,-6
qdev_create,20,8,-12
powerpc_flag_rtc_clk,1,1,0
frequency,7,3,-4
openbios,7,3,-4
rtc_set_memory,2,2,0
isadevice,7,7,0
cpu_ppc_init,2,1,-1
kernel_filename,9,7,-2
isabus,4,9,5
isa_bus,7,5,-2
601,3,3,0
pci_devfn,8,2,-6
hervé,1,1,0
qdev_get_child_bus,2,1,-1
fw_cfg_max_cpus,1,1,0
max_cpus,36,9,-27
fw_cfg_add_i16,1,3,2
kernel_load_addr,3,4,1
ppc6xx_input_int,1,1,0
bios_name,7,7,0
load_image_targphys,4,10,6
isa_create,3,3,0
poussineau,2,3,1
time-base,1,1,0
7.8125,1,1,0
bios_filename,2,5,3
kernel_size,6,12,6
kernel_cmdline,7,5,-2
initrd_size,6,8,2
rtc,10,5,-5
fw_cfg,29,14,-15
cpu_ppc_tb_init,2,1,-1
fw_cfg_add_i32,6,3,-3
m48t59,3,1,-2
fw_cfg_initrd_size,1,1,0
checksum,26,9,-17
pci_vga_init,4,1,-3
boot_order,3,3,0
initrd_base,6,4,-2
nvram,6,4,-2
initrd_filename,4,5,1
powerpc,26,15,-11
initrd,1,6,5
qdev_connect_gpio_out,4,2,-2
checksums,2,1,-1
object_property_add_child,24,4,-20
qbus_walk_children,1,1,0
src_len,1,4,3
max_len,7,6,-1
registered,20,5,-15
aiohandler,8,2,-6
aio_handlers,8,2,-6
aio_set_event_notifier,7,3,-4
event_notifier_get_fd,7,3,-4
eventnotifierhandler,1,3,2
aio_set_fd_handler,7,1,-6
callbacks,30,13,-17
polling,8,7,-1
eventnotifier,12,7,-5
attempted,1,2,1
monitoring,2,1,-1
ppoll,2,1,-1
fn,18,14,-4
iohandler,11,1,-10
freeing,7,7,0
0x01,2,1,-1
concerned,3,1,-2
scsi_disk_dma_reqops,1,2,1
blockdev_on_error_report,1,3,2
backup_start,2,2,0
job_id,4,3,-1
blockdevbackup,1,2,1
belong,1,2,1
callback,53,29,-24
invoked,9,8,-1
backupblockjob,4,3,-1
define_prop_size,1,1,0
hostmem,9,4,-5
pixman_format_bpp,1,2,1
core.c,1,1,0
validity,6,1,-5
conditionally,3,2,-1
125,1,1,0
identify,6,4,-2
signalling,3,1,-2
ide_abort_command,2,1,-1
implies,8,6,-2
nondata,1,2,1
0.,3,4,1
validation,8,3,-5
transferring,1,1,0
permit,32,17,-15
byte_count_limit,1,1,0
atapi,4,1,-3
ide,16,5,-11
atapi_dma,1,1,0
check_ready,2,3,1
cmd-,1,1,0
exempt,3,1,-2
inline,5,4,-1
bcl,1,1,0
proper,12,8,-4
asidx,1,3,2
atomic_rcu_set,6,4,-2
addressspacedispatch,4,1,-3
cpu_ases,1,3,2
xattr,6,8,2
runstate,4,4,0
migration_status_colo,3,2,-1
migrationincomingstate,4,5,1
migration_incoming_get_current,4,2,-2
old_state,1,3,2
autostart,3,5,2
incoming,12,5,-7
migration_incoming_co,1,1,0
migrate_set_state,2,4,2
migration_status_completed,3,3,0
recover,4,4,0
ov5_hp_evt,1,2,1
spapr_memory_block_size,1,2,1
wb,1,2,1
csum,11,2,-9
special,40,19,-21
getsockname,3,5,2
sockaddr_un,4,1,-3
calling,33,16,-17
qemu_socket,4,4,0
sun_family,3,1,-2
qiochannelsocket,5,2,-3
sock_stream,9,5,-4
un,4,2,-2
sun_path,6,4,-2
bind,10,8,-2
af_unix,6,1,-5
listen,15,8,-7
qio_channel_socket_new,3,1,-2
pf_unix,3,3,0
sockaddr,11,6,-5
divider,1,3,2
fallback,13,7,-6
naturally,2,1,-1
relying,2,2,0
contiguous,11,2,-9
spapr_pci_mem32_win_size,1,3,2
mmio32,2,1,-1
qemu_build_bug_on,18,9,-9
placement,1,1,0
splitting,4,3,-1
mmio64,1,1,0
manual,5,7,2
..,6,5,-1
32,43,20,-23
mem64_win_size,2,1,-1
mmio_offset,1,1,0
2gib,1,3,2
define_prop_uint64,13,3,-10
qemu_align_up,3,7,4
phb's,1,1,0
max_index,3,2,-1
pio,5,7,2
phb_base,1,1,0
kernels,10,9,-1
stacked,1,2,1
31,8,3,-5
outbound,2,1,-1
phb_placement,1,1,0
alignments,1,1,0
gib,3,2,-1
copied,16,6,-10
always_inline,3,3,0
num_sg,3,3,0
arg5,3,7,4
arg6,1,3,2
cpush4state,3,4,1
cpusparcstate,5,3,-2
abi_long,15,10,-5
corresponds,7,2,-5
libc,4,5,1
sparc,20,7,-13
architectures,2,1,-1
raddr,23,13,-10
follow,7,8,1
v9,1,2,1
hwcaps,1,1,0
arg4,9,7,-2
ia64,1,2,1
dump_write,1,1,0
mname,3,4,1
json_message_parser_destroy,1,4,3
main_loop,3,2,-1
g_main_loop_unref,3,3,0
groups,11,2,-9
is_static,2,1,-1
s390_cpu_get_class,4,1,-3
lowest,3,3,0
definition,19,3,-16
emulates,8,2,-6
xcc,3,2,-1
ff,1,1,0
base_feat,1,1,0
s390cpuclass,4,1,-3
s390cpudef,2,1,-1
cpu_def,2,1,-1
cl_size,1,1,0
vhost_user_write,2,3,1
fd_num,2,5,3
qio_channel_has_feature,1,2,1
connected,17,12,-5
backed,6,3,-3
nb_numa_nodes,16,8,-8
numa_info,9,5,-4
long_max,1,6,5
numa,10,3,-7
spapr_max_cores,1,1,0
cores,18,4,-14
spapr_machine,8,5,-3
smt,4,2,-2
core_id,14,3,-11
compat_props,6,2,-4
64k,5,11,6
deals,2,2,0
pte_offset,6,6,0
defsps,1,1,0
mmu_model,18,5,-13
ptem,7,5,-2
ppc_hash64_pteg_search,3,4,1
ppc_segment_page_sizes,1,2,1
effective,4,6,2
warned,1,2,1
activity,5,2,-3
asynchronous,7,2,-5
sleeping,8,2,-6
lots,1,1,0
detected,10,10,0
quiescent,3,4,1
yielded,1,3,2
block_job_pause,2,1,-1
transitions,3,2,-1
pause,11,9,-2
restarted,5,2,-3
paused,7,1,-6
ptel,1,1,0
oses,1,2,1
vte,1,2,1
padding,6,12,6
geo,2,2,0
blk_read,1,4,3
dp,5,2,-3
blk_pread,3,3,0
tmpbuf,1,1,0
blankbuf,1,1,0
so_snd,1,1,0
resulted,1,1,0
sb_cc,1,1,0
bdrv_flags,7,3,-4
bdrv_o_protocol,6,1,-5
encoded,12,5,-7
ppc_slb_t,4,4,0
esid,1,3,2
recent,2,11,9
rpn,1,1,0
deposit64,8,4,-4
eaddr,15,5,-10
encodings,3,3,0
slb_nr,4,2,-2
recompute,4,3,-1
epn,2,1,-1
host_nodes,2,1,-1
object_get_objects_root,5,3,-2
decided,2,1,-1
xbzrle,4,10,6
last_sent_block,1,2,1
identical,1,6,5
dataplane_started,3,4,1
qcow2_cluster_zero,4,2,-2
qcow_oflag_zero,2,1,-1
first_entry,1,1,0
qcow2_cluster_unallocated,2,2,0
qcow2_cluster_normal,1,1,0
nb_clusters,25,21,-4
qcow2_cluster_compressed,1,2,1
qcow2_get_cluster_type,7,1,-6
count_contiguous_clusters,4,2,-2
count_contiguous_clusters_by_type,1,1,0
wanted_type,2,1,-1
count_contiguous_free_clusters,1,1,0
block_acct_read,3,9,6
lba,12,17,5
block_acct_invalid,1,7,6
blk_get_stats,1,9,8
htab,9,3,-6
booting,2,1,-1
doubles,1,1,0
memtohex,1,1,0
put_packet,1,2,1
max_packet_length,2,1,-1
mem_buf,6,4,-2
hextomem,1,1,0
qmp_input_visitor_new,6,2,-4
qmp_input_get_visitor,3,2,-1
provided,61,20,-41
json_string,2,2,0
testinputvisitordata,4,4,0
kept,7,5,-2
test_init,1,1,0
qmp_input_visitor_new_strict,3,1,-2
qobject_from_json,5,5,0
color_black,1,2,1
color,6,1,-5
color_white,1,2,1
merge,36,17,-19
qemu_opt_get_bool,8,10,2
qemu_get_machine_opts,4,6,2
tokens,8,6,-2
qdict_get_obj,2,5,3
deprecated,6,6,0
network,9,5,-4
teach,1,1,0
virtqueueelement,2,5,3
in_addr,10,6,-4
ndebug,3,3,0
asserting,3,2,-1
virtqueue_map_iovec,2,1,-1
max_size,9,2,-7
out_addr,6,2,-4
mode_sense,1,2,1
type_disk,6,2,-4
blk_is_read_only,2,1,-1
mode_sense_10,1,1,0
type_tape,2,1,-1
patch,17,6,-11
memory_region_dispatch_write,2,2,0
bar,24,10,-14
memory_region_name,2,2,0
bars,7,4,-3
activate,5,1,-4
address_match,2,1,-1
qemu_pci_cap_msix,3,1,-2
address_mask,1,2,1
vbasedev,12,4,-8
msi-x,6,4,-2
set_dsc,1,2,1
win_checkpowermode1,1,1,0
cmd_nop,1,2,1
all_ok,1,1,0
win_checkpowermode2,1,1,0
hd_cfa_ok,1,2,1
cmd_check_power_mode,1,1,0
s_bits,3,3,0
masking,6,2,-4
32-bits,1,1,0
addrhi,2,2,0
mo_amask,2,1,-1
addrlo,2,2,0
mo_align,4,1,-3
tcgcontext,15,6,-9
tcgreg,1,3,2
tcg_out32,5,5,0
byte,53,36,-17
comparison,5,2,-3
preserve,8,2,-6
mo_size,2,2,0
cross,16,4,-12
tcg_reg_r0,3,2,-1
trick,2,1,-1
tcgmemop,5,1,-4
prom,3,2,-1
memory_region_set_readonly,1,3,2
memory_region_init_ram,10,3,-7
memory_region_init_rom_device,3,2,-1
bdrv_close,16,7,-9
runstate_lookup,1,1,0
wire,7,3,-4
run_state_max,1,2,1
vmstate_register,8,1,-7
independently,3,2,-1
vmstate_buffer,1,1,0
runstate_set,4,7,3
branch_struct,2,1,-1
testenum,6,2,-4
check_union,3,2,-1
exprs,5,4,-1
value1,9,3,-6
parse_schema,2,2,0
testunion,8,2,-6
check_exprs,2,1,-1
expr,26,8,-18
branch,25,7,-18
flat,17,7,-10
discriminator,16,7,-9
star,2,1,-1
value2,5,2,-3
testtypeb,1,1,0
traceback,2,4,2
enum1,8,3,-5
vfprintf,1,3,2
descr,5,3,-2
log_to_monitor,2,1,-1
aud_opt_bool,3,1,-2
valp,3,1,-2
monitor_is_default,1,1,0
monitor_vprintf,3,1,-2
console,13,4,-9
accel,3,2,-1
gtk2,1,1,0
data_size,4,4,0
tcg_gen_neg_tl,2,1,-1
tcg_gen_shli_tl,5,5,0
tcg_cond_lt,4,3,-1
current_machine,4,5,1
machine_iommu,1,1,0
r_ss,11,7,-4
cpu_x86_load_seg_cache,4,3,-1
gather,3,2,-1
trbs,2,2,0
1.1,2,3,1
scatter,1,1,0
shall,33,18,-15
cpu_ldl_data,1,3,2
ldq_raw,2,2,0
cpu_stl_data,1,3,2
ldl_raw,2,2,0
stq_raw,2,1,-1
cpu_ldq_data,2,1,-1
cpu_stb_data,3,2,-1
cpu_stq_data,3,1,-2
stl_raw,1,1,0
stw_raw,2,1,-1
cpu_lduw_data,2,1,-1
cpu_ldub_data,3,2,-1
cpu_stw_data,1,1,0
sextract64,6,3,-3
tcg_gen_sub_tl,1,3,2
sv,2,3,1
cputricorestate,1,3,2
tcg_gen_add_tl,4,2,-2
con,11,11,0
av,1,2,1
tcg_gen_setcondi_tl,1,5,4
tcg_cond_ne,8,7,-1
seconds,18,10,-8
turn,9,4,-5
aio_context,32,12,-20
done_generating,5,1,-4
pa,7,6,-1
absolutely,2,3,1
megasas_qf_new,1,1,0
reply_queue_head,1,1,0
declare_bitmap,8,5,-3
event_count,2,1,-1
pci_dma_unmap,1,1,0
megasasstate,1,2,1
bitmap_zero,8,1,-7
ever,8,7,-1
megasascmd,1,1,0
find_next_zero_bit,3,1,-2
frames,6,4,-2
megasas_max_frames,1,1,0
pa_size,4,2,-2
frame_size,4,4,0
allow_hotplug,6,5,-1
slirp,14,3,-11
so_lport,1,1,0
uh,1,1,0
udb,1,1,0
delay_ns,4,4,0
mrb,1,1,0
multireqbuffer,1,1,0
virtio_blk_id_bytes,1,1,0
g_slice_free,2,3,1
in_iov,3,1,-2
vring_push,1,1,0
virtqueue_map_sg,3,1,-2
g_slice_new,3,2,-1
unmapped,1,2,1
qemu_put_buffer,7,9,2
vblk,2,1,-1
num_writes,1,1,0
virtioblockreq,2,1,-1
virtqueue_push,2,3,1
vncdisplay,9,5,-4
client_width,4,2,-2
client_height,3,2,-1
bitmap_clear,2,3,1
displaychangelistener,2,7,5
force_update,1,3,2
vnc_dirty_pixels_per_bit,1,2,1
round_up,9,11,2
dcl,5,12,7
visible,12,9,-3
displaysurface,7,8,1
bitmap_set,12,10,-2
surface_width,3,6,3
vnc_dpy_update,1,1,0
surface_height,5,6,1
qerr_device_in_use,6,4,-2
bdrv_op_is_blocked,10,3,-7
block_op_type_resize,2,1,-1
panic,4,6,2
pcie_cap_slot_event,1,1,0
indicator,6,1,-5
pci_for_each_device,1,1,0
pci_exp_sltsta,1,1,0
sec_bus,2,2,0
detach,6,3,-3
pci_bridge,3,2,-1
pci_word_test_and_clear_mask,2,2,0
sltsta,1,1,0
_unused,1,1,0
badframe,1,5,4
frame_addr,5,5,0
oldmask,1,3,2
sigsegv,5,3,-2
tuc_mcontext,4,2,-2
unlock_user_struct,6,6,0
ret_intr_type,2,3,1
max_irqs,3,2,-1
rtas_type_msi,2,3,1
ndev,4,2,-2
msix_entries_nr,2,3,1
req_num,2,2,0
rtas_type_msix,2,1,-1
msi_nr_vectors_allocated,1,2,1
kvm_reg_ppc_fscr,1,1,0
gen_update_current_nip,2,1,-1
spr_fscr,2,1,-1
facility_sprn,1,1,0
vdi_id,1,1,0
oid,1,2,1
aio_req,1,2,1
aiocb_type,3,1,-2
alloc_aio_req,1,1,0
inode,5,5,0
add_aio_request,1,1,0
give_sigsegv,2,3,1
portio,1,2,1
piolist,1,2,1
leaking,3,4,1
pci_address_space_io,6,1,-5
pio_start,1,2,1
leak,3,15,12
rt,18,13,-5
whereas,4,5,1
passes,6,2,-4
syn_uncategorized,2,1,-1
kinds,3,3,0
is_thumb,1,1,0
aarch32,8,3,-5
arm_el_il,2,1,-1
op0,1,2,1
crm,21,3,-18
opc1,21,4,-17
trapping,3,1,-2
op2,3,8,5
isread,4,1,-3
rt2,4,1,-3
trapped,3,1,-2
slightly,5,2,-3
op1,7,8,1
cv,1,1,0
hsr,1,1,0
opc2,22,5,-17
ec_advsimdfpaccesstrap,1,1,0
ec,1,1,0
arm_el_ec_shift,2,1,-1
il,3,1,-2
crn,21,2,-19
defaults,16,5,-11
ec_dataabort,1,1,0
powers,1,1,0
s-,31,14,-17
logical_sector_size,2,1,-1
sectors_per_block,1,1,0
flight,10,4,-6
resuming,1,2,1
wait_break,1,1,0
cow_read,1,1,0
suspended,5,4,-1
cow,10,10,0
refcount_block,3,3,0
impossible,7,3,-4
qcow2_discard_other,1,2,1
qcow2_discard_always,1,2,1
act,9,5,-4
epid,1,1,0
nbd_cmd_write,3,3,0
nbd_cmd_read,3,1,-2
nbd_request,2,3,1
nbd_cmd_disc,2,3,1
msr_ia32_tsc,2,1,-1
tsc_adjust,2,1,-1
kvm_put_full_state,3,2,-1
tsc,3,1,-2
vfio_pci_load_rom,1,1,0
memory_listener_unregister,3,3,0
type1,2,1,-1
address_space_memory,21,9,-12
type_register_static,37,8,-29
integrator,1,1,0
typeinfo,41,13,-28
type_init,27,5,-22
instance_init,37,7,-30
switches,3,2,-1
sysbus_create_simple,1,3,2
alpha,14,8,-6
bennée,1,1,0
log_guest_error,23,15,-8
2013,21,10,-11
alex,2,1,-1
unassigned_mem_read,1,2,1
functionality,3,3,0
type_sys_bus_device,7,4,-3
boards,4,2,-2
ahead,10,6,-4
buggy,6,4,-2
nanoseconds,5,6,1
icount_warp_timer,2,1,-1
deadline,5,3,-2
prior,15,7,-8
vm_clock_warp_start,4,2,-2
timer_mod,19,3,-16
timer_mod_anticipate,1,1,0
timer_del,19,6,-13
maintain,6,6,0
mount,1,3,2
parsed,12,2,-10
nb_args,2,3,1
approximate,1,1,0
max_args,1,2,1
location,26,9,-17
cmdline,15,13,-2
pnb_args,1,1,0
qapi_out,1,1,0
hdev_has_zero_init,1,1,0
bdrv_has_zero_init,7,7,0
seek_stat,5,2,-3
lba48,1,2,1
ide_set_irq,6,1,-5
ready_stat,5,3,-2
set_guest_notifiers,2,4,2
has_vhostfds,2,2,0
has_vnet_hdr,5,2,-3
tap,6,4,-2
has_vhostfd,2,1,-1
runstate_check,6,12,6
run_state_debug,2,4,2
succeeds,3,6,3
o_append,1,1,0
umask,2,1,-1
practice,7,7,0
forms,1,1,0
creating,7,8,1
o_noctty,1,2,1
exclusive,6,5,-1
attempt,18,18,0
fh,12,6,-6
step,20,5,-15
qemu_set_cloexec,3,3,0
wants,11,7,-4
cpu_cc_dst,2,3,1
fdt_property_cell,7,2,-5
kvmppc_read_int_cpu_dt,2,1,-1
l1_icache_size,3,1,-2
dcache_line_size,7,2,-5
l1_dcache_size,3,1,-2
icache_line_size,7,1,-6
bdrv_pwrite_sync,3,13,10
l1_table,6,19,13
addend,10,6,-4
l1_size2,4,6,2
errx,1,3,2
bdrv_find_format,9,7,-2
srcpath,1,1,0
blockdriver,22,9,-13
sopt,3,2,-1
filter_features_for_kvm,3,1,-2
dinfo,25,14,-11
serial,31,13,-18
g_error_free,2,2,0
opening,5,1,-4
scenario,1,2,1
pstate,7,8,1
gerr,3,2,-1
fsfreeze,2,2,0
gsize,2,5,3
ga_is_frozen,2,1,-1
okay,10,4,-6
slog,1,3,2
st,18,9,-9
accessing,12,6,-6
g_key_file_load_from_file,1,1,0
gerror,2,2,0
managed,8,6,-2
blacklist,2,4,2
g_critical,1,2,1
keyfile,1,1,0
ga_state,3,1,-2
till,2,2,0
gastate,2,1,-1
agent,4,1,-3
restarting,1,1,0
operations,38,15,-23
fileno,2,3,1
versions,26,20,-6
do_break,1,1,0
get_user_ual,1,3,2
immediate,11,8,-3
assembly,1,2,1
codes,12,4,-8
trap_instr,1,1,0
'code,1,1,0
target_siginfo_t,4,3,-1
active_tc,10,6,-4
vnet_hdr,2,2,0
ifr_flags,1,1,0
ifr,1,1,0
tungetfeatures,1,1,0
memory_region_set_dirty,7,1,-6
log_size,3,4,1
page_addr,6,3,-3
vhost_dev,6,8,2
vhost_log_page,1,2,1
vhost_log_chunk,1,2,1
range_get_last,3,3,0
visit_type_number,3,2,-1
visit_type_enumone,1,2,1
visit_type_int,12,4,-8
visit_type_bool,6,3,-3
strictly,11,2,-9
irq_testbit,1,1,0
irq_setbit,1,1,0
n_cpu,3,1,-2
opp,11,4,-7
irqsource,1,1,0
irq_check,1,1,0
n_irq,8,1,-7
irq_get_next,2,1,-1
qemufile,35,25,-10
irq_src_t,1,1,0
raised,6,7,1
servicing,3,3,0
max_irq,2,1,-1
irq_resetbit,1,1,0
xtensa_option_interrupt,1,3,2
intclear,1,2,1
sregnames,1,3,2
debugcause,2,2,0
xtensa_option_debug,2,3,1
xtensa_option_processor_id,1,3,2
tracks,8,4,-4
qh,8,10,2
ehciqueue,1,4,3
qtd_token_halt,1,3,2
bdrv_find_base,1,1,0
qerr_base_not_found,2,1,-1
base_bs,5,2,-3
top_bs,2,1,-1
xchal_option,2,4,2
xtensa_option_misc_sr,1,1,0
usb_ret_procerr,2,2,0
est_horizontalqh,1,1,0
ehci_set_state,1,4,3
4.10.3,1,1,0
ehci_fill_queue,1,1,0
async,28,17,-11
set_field,2,4,2
mult,1,4,3
seem,6,6,0
epcap,1,1,0
temps,10,2,-8
tcg_temp_info,1,1,0
nb_globals,4,2,-2
reset_temp,3,1,-2
tcg_opf_bb_end,1,1,0
nb_oargs,4,1,-3
nb_temps,4,2,-2
msgsz,1,2,1
host_mb,1,1,0
__sun__,2,1,-1
mingw32,2,2,0
darwin,4,1,-3
is_x86_64,1,1,0
__openbsd__,1,1,0
sysctl,1,1,0
__haiku__,1,1,0
__linux__,3,1,-2
check_define,7,1,-6
openbsd,1,1,0
uname,15,5,-10
sunos,2,1,-1
esac,18,9,-9
haiku,1,1,0
targetos,4,1,-3
_win32,3,3,0
fit,18,15,-3
powerpc_mmu_1tseg,3,2,-1
mirrors,1,1,0
hpte,4,3,-1
characteritics,1,1,0
f_bsize,1,1,0
hugetlbfs_magic,3,1,-2
kvm_ppc_smmu_info,1,1,0
1t,1,3,2
implements,12,5,-7
mean,13,4,-9
degraded,1,3,2
slb_vsid_l,1,2,1
ordinary,1,1,0
kvm_ppc_page_sizes_max_sz,1,1,0
hugepage,1,1,0
powerpc_mmu_2_06,1,2,1
grows,1,3,2
kvm_ppc_1t_segments,1,1,0
collect,2,4,2
additionally,2,1,-1
restrictions,2,2,0
mem_path,6,3,-3
processor,21,3,-18
standard,27,9,-18
12,8,5,-3
assumptions,4,2,-2
newer,10,3,-7
rampagesize,1,2,1
powerpc_mmu_64,3,3,0
getrampagesize,1,2,1
kvm_ppc_one_seg_page_size,1,1,0
kvm_cap_ppc_get_pvinfo,5,1,-4
kvm_get_smmu_info,1,1,0
2.06,1,5,4
smmu_info,1,2,1
f_type,3,1,-2
hit,6,4,-2
qemu_init_vcpu,2,3,1
io_canceled,5,4,-1
scsi_req_ref,1,2,1
guest_slots,1,4,3
ulong_max,3,4,1
uint_max,5,7,2
rtl8139state,1,2,1
addlv,1,2,1
th,1,5,4
helpers,24,6,-18
cpualphastate,6,6,0
pad,12,9,-3
hcd,3,3,0
ed,2,3,1
hc,6,4,-2
pdpe,3,2,-1
pde,10,3,-7
a20_mask,3,1,-2
pg_hi_user_mask,1,1,0
pg_nx_mask,6,3,-3
pde_addr,3,1,-2
pml4e,2,2,0
pte_addr,5,1,-4
load_elf,2,4,2
qemu_get_ram_ptr,8,6,-2
load_image,3,1,-2
rom_ptr,1,2,1
bios_size,7,3,-4
overwrite,7,8,1
elf_machine,4,4,0
kern_parm_area,1,2,1
af_inet,5,3,-2
so_reuseaddr,4,2,-2
xxxxx,2,2,0
sol_socket,5,5,0
addrlen,9,5,-4
sin_addr,8,6,-2
loopback_addr,2,2,0
connect,11,7,-4
setsockopt,6,5,-1
privileges,2,3,1
getgid,1,1,0
gid,8,6,-2
geteuid,4,2,-2
getuid,2,1,-1
preserving,1,2,1
ng,2,1,-1
uid,15,5,-10
suid,2,1,-1
libs_tools,3,2,-1
qlist_entry_obj,6,2,-4
nb_stack,5,1,-4
stack,31,17,-14
qtype_qlist,11,3,-8
deadlock,3,5,2
reentrant,1,1,0
detection,1,1,0
n_end,4,4,0
bdrv_read,17,4,-13
start_sect,3,2,-1
copy-on-read,3,2,-1
n_start,4,5,1
tracking,7,4,-3
bdrv_write,14,11,-3
lead,3,2,-1
bdrv_co_readv,5,4,-1
bdrv_co_writev,6,3,-3
double,11,5,-6
strtosz,1,2,1
sval,1,3,2
efd_nonblock,1,1,0
efd_cloexec,4,1,-3
qtailq_foreach_safe,9,9,0
dirname,5,4,-1
floppy,2,2,0
strstr,8,4,-4
fat16,1,1,0
sectors_per_cluster,2,2,0
secs,17,3,-14
32mb,1,2,1
chs,2,1,-1
win,3,1,-2
comments,6,1,-5
qsimpleq_entry,2,4,2
qsimpleq_insert_tail,4,3,-1
isspace,2,1,-1
qsimpleq_first,2,5,3
fgets,1,2,1
qsimpleq_init,2,2,0
qsimpleq_remove_head,2,4,2
iface,4,2,-2
tramp,3,1,-2
data_buf,1,4,3
setup_len,2,4,2
usb_ret_stall,2,3,1
fail_unless,13,2,-11
order,51,18,-33
ei_data,2,1,-1
e_ident,3,3,0
cr4_pae_mask,2,1,-1
cr0_pg_mask,5,1,-4
hf_lma_mask,3,3,0
pg_pse_mask,2,1,-1
pg_present_mask,3,1,-2
target_fmt_plx,17,12,-5
2m,1,1,0
1g,1,2,1
sp,15,5,-10
vhost_virtqueue_init,1,1,0
nvqs,2,4,2
bdrv_check,4,5,1
bdrv_delete,8,10,2
leaks,5,11,6
occured,6,3,-3
consistency,18,6,-12
bdrvcheckresult,10,8,-2
compare_cmd,6,1,-5
mon_cmds,2,1,-1
remember,11,4,-7
err_input,3,1,-2
alarm_timer,4,1,-3
rlim_cur,1,2,1
unlimited,4,1,-3
little,4,6,2
rlimit_stack,1,1,0
getrlimit,2,3,1
besides,3,2,-1
guest_stack_size,1,1,0
qemu_fseek,1,4,3
seek_cur,3,3,0
pci_base_address_space_memory,4,2,-2
pci_bridge_get_limit,1,1,0
pci_config_get_memory_base,2,1,-1
unplug,9,7,-2
vm_clock,26,12,-14
qemu_device_opts,1,1,0
isadeviceinfo,1,1,0
qemu_new_timer,10,6,-4
isa_qdev_register,1,1,0
watchdog,6,8,2
qemu_opt_set,11,5,-6
smbios,2,3,1
pcideviceinfo,2,2,0
device_init,3,4,1
indirectly,1,5,4
intel,21,5,-16
config_read,1,3,2
keycodes,4,4,0
x11,3,1,-2
qemumachine,9,2,-7
drive_add,1,1,0
drive_init,2,4,2
vnc_set_bits,1,1,0
last_fg,1,2,1
pixel,1,1,0
rshift,1,2,1
size_changed,1,2,1
vnc_write,2,5,3
ds_get_height,3,3,0
row,2,7,5
ds_get_width,3,4,1
stepping,15,4,-11
cpuid_ext2_syscall,2,2,0
cpuid_ext2_3dnowext,2,1,-1
cpuid_ext2_nx,3,2,-1
cpuid_ext3_lahf_lm,2,2,0
cpuid_mtrr,6,2,-4
cpuid_ext3_abm,2,2,0
cpuid_ext2_lm,3,2,-1
cpuid_ext_popcnt,1,2,1
cpuid_ext_monitor,3,1,-2
cpuid_ext3_svm,5,1,-4
cpuid_ht,2,1,-1
cpuid_clflush,4,2,-2
cpuid_ext_cx16,2,2,0
cpuid_vendor_amd_1,1,1,0
cpuid_vendor_amd_2,1,1,0
cpuid_ext3_extapic,1,1,0
cpuid_ext3_sse4a,1,1,0
xlevel,11,2,-9
cpuid_ext3_cr8leg,2,1,-1
ppro_features,5,1,-4
cpuid_vme,3,2,-1
cpuid_ext2_3dnow,3,2,-1
cpuid_vendor_amd_3,1,1,0
ext2_features,8,1,-7
model_id,7,3,-4
family,19,4,-15
ext3_features,5,1,-4
ext_features,8,1,-7
cpuid_mca,5,2,-3
cpuid_ext2_rdtscp,1,2,1
cpuid_ext_sse3,3,2,-1
cpuid_ext3_cmp_leg,1,1,0
cpuid_pse36,4,2,-2
qemu_mod_timer,22,11,-11
qemutimer,32,11,-21
qemu_get_clock,17,7,-10
rt_clock,24,6,-18
menelaus_rtc_hz,1,1,0
hz_tm,1,1,0
prefix_repnz,1,1,0
be64_to_cpu,12,9,-3
gen_opc_ptr,1,1,0
gen_opc_end,1,1,0
spare,1,3,2
opc_max_size,2,2,0
bs_none,2,2,0
bstate,7,6,-1
fd_sector_len,1,3,2
assuming,6,6,0
fcr31,3,2,-1
fpu,14,5,-9
cpu_list_lock,2,3,1
assign_info,1,1,0
unassign_addr,1,1,0
mhd,2,1,-1
assign_addr,1,1,0
rzm,1,1,0
cpuid_mce,2,1,-1
feat_1_ecx,5,2,-3
cpuid_7_0_ebx_erms,1,1,0
feat_8000_0001_edx,6,1,-5
vendor,24,6,-18
cpuid_7_0_ebx_avx2,1,1,0
cpuid_sse,2,3,1
cpuid_6_eax_arat,1,1,0
cpuid_pat,1,1,0
cpuid_7_0_ebx_smep,1,1,0
cpuid_fxsr,1,1,0
cpuid_pse,1,1,0
cpuid_fp87,1,1,0
feat_8000_0001_ecx,6,1,-5
cpuid_7_0_ebx_invpcid,1,1,0
feat_6_eax,1,1,0
cpuid_ext_tsc_deadline_timer,2,1,-1
cpuid_apic,1,1,0
feat_7_0_ebx,8,1,-7
cpuid_de,1,1,0
feat_1_edx,7,1,-6
cpuid_sse2,1,2,1
cpuid_7_0_ebx_bmi2,1,1,0
incompatible,2,4,2
vmstate_uint64,13,2,-11
overridden,2,1,-1
pre_load,4,3,-1
caps,7,7,0
spapr_caps,1,2,1
iscsi_co_init_iscsitask,3,1,-2
qemu_add_data_dir,1,1,0
dirs,2,4,2
arm_feature_m,9,6,-3
pl1_r,5,1,-4
arm_cp_const,8,1,-7
resetvalue,15,2,-13
armcpu,55,10,-45
gicv3,7,2,-5
fill,24,9,-15
id_pfr1,1,1,0
arm_cp_no_raw,5,1,-4
readfn,6,1,-5
plain,7,4,-3
arm_cp_write_ignore,1,1,0
gicv3state,1,1,0
arm_env_get_cpu,9,2,-7
writefn,14,1,-13
pause_drive,1,2,1
compressed,9,9,0
bdrv_co_flush,1,1,0
non-null,7,2,-5
bdrv_make_empty,1,1,0
bs-,12,7,-5
drv-,1,2,1
enomedium,6,6,0
buffer_append,1,3,2
va_start,17,9,-8
strftime,1,1,0
tm,12,3,-9
buffer_reserve,1,4,3
qemu_log_unlock,1,1,0
breakpoints,8,4,-4
tb_start,1,1,0
targets,19,9,-10
consumed,4,2,-2
reporting,6,7,1
max_insns,12,1,-11
qtailq_empty,15,12,-3
tcg_op_buf_full,4,1,-3
qemu_log_lock,1,1,0
tb-,6,2,-4
2016-2017,1,2,1
pc_next,13,1,-12
temporaries,3,2,-1
cpu_log_tb_in_asm,3,2,-1
gen_tb_start,3,1,-2
translator,4,3,-1
disas_noreturn,9,1,-8
cf_last_io,6,1,-5
num_insns,13,3,-10
portions,33,14,-19
init_disas_context,2,1,-1
disas_too_many,13,1,-12
tb_stop,1,1,0
translating,2,1,-1
singlestep,9,1,-8
translatorops,1,1,0
translate_insn,1,1,0
tcg_clear_temp_count,2,5,3
insn_start,1,2,1
pc_first,13,1,-12
cpubreakpoint,5,1,-4
gen_io_end,5,3,-2
gen_tb_end,1,1,0
target-specific,1,2,1
processing,22,5,-17
qemu_loglevel_mask,6,5,-1
icount,21,5,-16
disas_next,10,2,-8
exiting,3,2,-1
gen_io_start,5,3,-2
indicated,5,2,-3
decide,6,1,-5
generating,17,2,-15
tcg_debug_assert,6,5,-1
missed,2,1,-1
tcg_check_temp_count,2,5,3
tcg_max_insns,2,1,-1
is_jmp,40,7,-33
tcg_gen_insn_start,4,1,-3
qemu_log_in_addr_range,2,1,-1
print,44,12,-32
opcodes,10,2,-8
disas_log,1,1,0
breakpoint_check,1,1,0
disascontextbase,21,1,-20
cf_count_mask,3,1,-2
job0,1,1,0
block_job_ready,2,2,0
filters,5,2,-3
nbd,13,14,1
ending,3,2,-1
waiting,24,13,-11
starting,27,18,-9
timestamp,8,10,2
microseconds,5,2,-3
qemu_handle,3,4,1
_cleanup_qemu,2,4,2
_send_qemu_cmd,5,6,1
migrationstate,14,6,-8
tls_hostname,6,2,-4
migration_obj,1,1,0
migrationparameters,4,1,-3
tls_creds,6,4,-2
watch,6,1,-5
g_source_remove,9,4,-5
vmdk_read_cid,1,1,0
sscanf,11,6,-5
parent_cid,1,1,0
p_bs,2,1,-1
p_name,1,3,2
cur_pcid,1,1,0
maxframes,4,1,-3
object_resolve_path,3,4,1
type_fw_cfg,1,2,1
fw_cfg_find,4,3,-1
pci_config_set_interrupt_pin,1,1,0
pci_conf,26,1,-25
writethrough,3,3,0
openfile,1,2,1
masked,9,3,-6
theory,5,2,-3
jumps,9,1,-8
chdir,2,4,2
saving,6,1,-5
offset_in_ramblock,1,1,0
used_length,4,1,-3
qapi_free_altnumstr,1,1,0
ans,2,1,-1
corresponding,22,7,-15
bv,2,1,-1
type_dummy,2,1,-1
dummy_platypus,1,1,0
dummy_object,2,1,-1
qemu_object_opts,7,1,-6
qemu_opts_parse,9,5,-4
dummyobject,2,1,-1
qtailq_head_initializer,28,6,-22
comment,11,4,-7
implied_opt_name,6,1,-5
dobj,2,2,0
qemuoptslist,26,8,-18
guid,5,3,-2
notification,13,6,-7
blockaiocb,4,4,0
uri,10,4,-6
qemu_aio_unref,2,3,1
aio_bh_schedule_oneshot,3,4,1
cb_opaque,2,1,-1
accessed,14,5,-9
blockcompletionfunc,1,6,5
qemu_opt_number,12,7,-5
uri_parse,2,1,-1
uri_free,1,1,0
maintained,9,4,-5
vxhs,1,1,0
tlscredsid,2,2,0
bat_size,2,2,0
uint32_t,9,3,-6
gmaincontext,4,2,-2
g_main_context_default,2,1,-1
wfd,2,3,1
rfd,2,3,1
memory_region_init_iommu,6,1,-5
iommu_none,6,1,-5
iommutlbentry,8,1,-7
address_space_read,2,2,0
memory_region_set_alias_offset,1,1,0
perm,24,5,-19
impl,11,5,-6
memory_region_set_enabled,5,2,-3
memory_region_init,28,5,-23
dma_pagetable_entry,1,1,0
memoryregioniommuops,1,1,0
iommu_rw,3,1,-2
iova,11,2,-9
addr_mask,7,1,-6
min_access_size,11,7,-4
translated_addr,4,1,-3
target_as,4,1,-3
max_access_size,15,7,-8
ahcidevice,1,5,4
ifs,4,4,0
numa_node,3,2,-1
numa_get_node_for_cpu,1,1,0
node_id,7,1,-6
old_name,1,5,4
rename,5,3,-2
new_name,1,5,4
bufsz,2,2,0
readlink,2,5,3
tsize,3,1,-2
readlinkat,1,1,0
out_close,3,2,-1
cirrus_blt_srcpitch,1,5,4
path_max,9,9,0
bdrv_get_full_backing_filename,2,2,0
local_error,5,3,-2
intr,2,4,2
xhci_addr64,1,2,1
dma_addr_t,6,8,2
mv,12,3,-9
quiet,20,15,-5
cmp,2,5,3
pthread_attr_setdetachstate,1,4,3
qemu_thread_detached,3,4,1
pthread_create_detached,1,4,3
iov_size,10,7,-3
nb_vcs,1,2,1
gtk_widget_set_sensitive,1,1,0
gd_vc_vte,1,2,1
gd_vc_find_current,1,1,0
view_menu,1,1,0
aiocb_size,2,3,1
aiocbinfo,1,1,0
bdrv_co_preadv,9,2,-7
bdrv_aio_readv,14,4,-10
qemu_aio_get,7,5,-2
qemu_iovec_init,7,12,5
bdrv_aio_writev,10,5,-5
bdrvchild,21,5,-16
test_file,1,4,3
virtio_queue_get_avail_size,1,1,0
cpu_physical_memory_map,12,4,-8
cpu_physical_memory_unmap,9,5,-4
ring_size,1,1,0
avail,13,10,-3
virtio_queue_get_desc_size,1,1,0
ranges_overlap,9,3,-6
qemu_chr_fe_init,3,2,-1
qemu_chr_has_feature,1,1,0
net_vhost_parse_chardev,1,2,1
qemu_opt_foreach,4,3,-1
vhostuserchardevprops,1,1,0
is_unix,8,2,-6
inspect,2,2,0
is_socket,1,1,0
vhost_user_opts,2,2,0
requiring,2,1,-1
reopen,4,4,0
net_vhost_chardev_opts,1,2,1
qemu_chr_set_feature,1,1,0
tcg_exit_req,2,2,0
replay_has_interrupt,3,1,-2
msix_enabled,3,4,1
tcg_enabled,35,6,-29
host_key_check,1,1,0
is_console,1,1,0
virtio_serial_port_get_class,3,1,-2
signals,8,9,1
vcon,4,1,-3
chr_can_read,4,4,0
qemu_chr_add_handlers,8,5,-3
virtioserialportclass,3,1,-2
reliable,4,3,-1
chr_event,2,3,1
qlist_foreach_safe,14,12,-2
monitor_data_destroy,1,1,0
monitor_lock,1,1,0
mon_list,2,2,0
whatever,9,3,-6
native,6,9,3
qemu_uname_release,3,1,-2
g_strlcpy,1,1,0
rsp,10,8,-2
qvirtqueue_cleanup,3,2,-1
cp0_entryhi,3,1,-2
cp0enhi_ehinv,2,1,-1
visitor_input_test_init,5,5,0
out_obj,3,3,0
visit_type_userdeftwo,2,1,-1
userdeftwo,3,2,-1
aux_i2c_nack,1,1,0
i2c_bus,1,1,0
type_bus,3,1,-2
i2c_start_transfer,1,1,0
indent,5,1,-4
busclass,4,1,-3
i2cbus,1,2,1
bus_class,2,1,-1
qdev_get_parent_bus,10,4,-6
i2c_send_recv,1,1,0
address_space_init,11,3,-8
last_i2c_address,1,1,0
print_dev,1,1,0
i2c,8,1,-7
classic,3,1,-2
class_init,39,11,-28
aux,4,1,-3
qbus_create,3,4,1
aux_i2c_ack,1,1,0
last_transaction,1,1,0
private,28,4,-24
ltd,3,1,-2
prix32,14,7,-7
email,1,2,1
type_device,7,4,-3
alive,2,4,2
unreachable,3,1,-2
bogus,6,4,-2
disconnect,7,2,-5
payload,20,16,-4
nbd_co_send_reply,1,2,1
1.,12,7,-5
trying,17,10,-7
-eio,3,3,0
collection,2,2,0
dev_offset,4,3,-1
nbd_cmd_mask_command,2,2,0
nbdrequest,1,4,3
freq,9,3,-6
l_pid,1,1,0
l_start,2,2,0
l_whence,2,2,0
l_type,2,1,-1
l_len,2,2,0
target_erestartsys,13,5,-8
do_syscall,9,1,-8
target_qemu_esigreturn,11,4,-7
cmdbuf,1,3,2
direntry_t,2,2,0
strncmp,36,14,-22
volume,7,2,-5
volume_label,1,1,0
pixman_image_get_format,1,2,1
pixman_image_get_stride,1,2,1
qemu_create_displaysurface_from,2,3,1
pixman_image_ref,1,1,0
ai_addrconfig,1,3,2
freebsd,2,2,0
ai,4,5,1
ai_flags,1,3,2
getaddrinfo,1,4,3
sees,4,3,-1
amr,1,2,1
bios_linker_loader_alloc_zone_high,1,1,0
zone,3,3,0
alloc_fseg,2,1,-1
removal,8,3,-5
func_drck,1,1,0
entity_sense,1,1,0
release_pending,1,1,0
func_drc,1,1,0
spaprdrentitysense,2,1,-1
convention,6,2,-4
busnr,3,4,1
multifunction,6,1,-5
spapr_dr_entity_sense_present,4,1,-3
plugged_dev,2,2,0
hmp_qemu_io,2,3,1
imgs,3,1,-2
get_qmp_event,2,1,-1
quorum,4,6,2
qtest,38,17,-21
append,22,13,-9
qemu_img_pipe,3,2,-1
isinstance,21,4,-17
is_implicit,4,2,-2
qapischemaobjecttype,8,3,-5
entity,1,2,1
defn,1,1,0
the_empty_object_type,2,1,-1
q_,1,3,2
q_empty,4,2,-2
qemuclocktype,4,2,-2
qtest_enabled,11,3,-8
powerpc_def,3,1,-2
cpu_powerpc_power8e_v10,1,1,0
cuda_send_packet_to_host,2,1,-1
cuda_packet,2,1,-1
obuf,3,1,-2
arm_el_is_aa64,7,3,-4
arm_feature_el2,6,2,-4
unimplemented,7,6,-1
requesting,2,1,-1
el0,8,1,-7
new_el,2,3,1
cur_el,3,1,-2
disallow,2,3,1
devnull,4,2,-2
cioc,1,1,0
io_buffer_index,1,4,3
disas_jump,6,3,-3
condjmp,3,1,-2
disas_exc,3,1,-2
disas_update,11,3,-8
mtspr,1,1,0
gen_handler,5,4,-1
qtype_qstring,15,2,-13
qmp_input_get_object,3,3,0
guest_phys_addr,4,3,-1
mmap_offset,1,3,2
nregions,3,4,1
userspace_addr,3,4,1
mac_addr,1,2,1
reuse,8,5,-3
membername,1,2,1
all_caps,1,1,0
valid_name,1,2,1
has_,2,3,1
underscore,3,2,-1
named,11,4,-7
problematic,1,2,1
beginning,13,12,-1
separated,3,1,-2
becomes,15,8,-7
or32,4,4,0
lm32,5,4,-1
mips64,8,4,-4
tricore,3,3,0
sparc64,16,8,-8
sh4eb,4,4,0
cris,9,5,-4
unicore32,5,4,-1
xtensaeb,3,3,0
sh4,8,4,-4
ppc64,25,11,-14
s390x,16,7,-9
moxie,4,3,-1
mipsel,4,4,0
xtensa,6,4,-2
microblazeel,4,3,-1
m68k,10,6,-4
ppcemb,7,4,-3
buf_len,2,8,6
qapischemaobjecttypemember,3,1,-2
enum_values,8,4,-4
ent,8,4,-4
clashes,5,2,-3
automatic,7,3,-4
vseen,4,1,-3
__init__,10,9,-1
enum_define,3,3,0
qapischema,2,2,0
collides,4,1,-3
things,17,9,-8
belongs,3,1,-2
reboot,2,1,-1
attempts,6,5,-1
starts,25,10,-15
thinks,1,2,1
node_mem,6,2,-4
moved,4,2,-2
ends,2,4,2
accordingly,8,3,-5
makedirs,1,2,1
output_dir,1,1,0
child_name,3,1,-2
current_addr,3,5,2
comp,2,2,0
local_host_addr,1,1,0
rdma,7,9,2
particularly,2,1,-1
block_name,2,1,-1
local_ram_blocks,1,2,1
current_index,1,1,0
nb_blocks,2,2,0
cpu_dt_id,2,2,0
cpu_exec_init,3,4,1
qemu_find_file,7,6,-1
qemu_file_type_bios,7,6,-1
aml_name_decl,3,2,-1
aml_device,2,2,0
decoding,5,5,0
shown,1,2,1
functioning,1,2,1
aml_int,17,2,-15
max_queue_num,2,2,0
bank_number,2,1,-1
saved,12,7,-5
arm_current_el,14,4,-10
is_a64,9,3,-6
env-,16,8,-8
reflected,1,2,1
modifications,4,1,-3
run_state_inmigrate,3,5,2
new_env,3,1,-2
new_cpu,2,1,-1
vet,1,2,1
mac_reg,3,7,4
ascii,3,6,3
protector,5,3,-2
dstaddr,1,2,1
ffreestanding,1,2,1
unneeded,1,1,0
final,9,9,0
fno,7,2,-5
wl,1,1,0
fpie,2,2,0
adjust,14,12,-2
makefile,7,2,-5
pie,1,2,1
ttext,1,2,1
ipl,1,3,2
nostdlib,1,1,0
linked,10,6,-4
probe,10,3,-7
furnished,29,13,-16
qemu_find_opts,21,6,-15
contract,32,13,-19
pci_read_devaddr,1,1,0
copies,35,17,-18
claim,31,12,-19
distribute,29,14,-15
arising,29,13,-16
net_client_init,2,1,-1
assign,13,7,-6
sublicense,29,13,-16
holders,29,12,-17
scsibus,5,4,-1
rights,43,14,-29
damages,29,12,-17
reload,8,5,-3
add_init_drive,1,1,0
charge,30,14,-16
limitation,34,15,-19
scsi_hot_add,1,2,1
hereby,29,14,-15
qerror_report_err,18,5,-13
scsidev,2,3,1
subject,34,13,-21
2004,4,1,-3
type_scsi_bus,2,2,0
stexi,17,5,-12
persons,29,14,-15
opts_str,1,1,0
dinfo-,3,2,-1
config_pci_hotplug_old,1,1,0
covers,5,2,-3
liability,29,12,-17
obtaining,29,14,-15
noninfringement,29,12,-17
driveinfo,13,7,-6
documentation,46,20,-26
preferred,9,4,-5
restriction,36,14,-22
child_bus,4,5,1
qemu_pci_hot_add_nic,1,1,0
etexi,17,5,-12
dealings,29,12,-17
warranties,29,12,-17
tort,29,12,-17
scsi,11,10,-1
scsi_bus_legacy_add_drive,3,3,0
liable,29,12,-17
granted,36,14,-22
blk_by_legacy_dinfo,3,1,-2
calculated,5,4,-1
bellard,14,3,-11
ids,15,8,-7
device_del,3,1,-2
pci_drive_hot_add,1,1,0
adapter,6,3,-3
printinfo,1,2,1
fabrice,14,3,-11
pci_del,1,1,0
device_add,5,4,-1
optstr,2,2,0
person,29,14,-15
scsidevice,13,3,-10
tries,9,7,-2
ditch,1,2,1
substantial,29,13,-16
sell,29,13,-16
pci_add,1,1,0
qbus_is_hotpluggable,1,1,0
16-bit,13,2,-11
res0,4,1,-3
memread,4,4,0
__packed__,1,1,0
tx_count,5,1,-4
applicable,7,2,-5
fis_type,1,1,0
prd,2,2,0
uint16_t,3,2,-1
data_ptr,1,1,0
cx,4,3,-1
res1,4,2,-2
res2,2,1,-1
ahcicommandheader,1,2,1
prdbc,1,1,0
ahci_px_tfd_err,1,1,0
share_mode,1,1,0
num_connecting,1,1,0
connections_limit,2,1,-1
qtailq_insert_head,2,1,-1
qtailq_insert_tail,13,6,-7
clients,23,11,-12
vnc_share_mode_connecting,1,1,0
amend,2,1,-1
pre,7,3,-4
mmap_mem,1,2,1
last_out_offset,2,2,0
max_sectors_per_chunk,1,3,2
fork,6,7,1
max_compressed_size,1,3,2
n_chunks,1,2,1
bdrvdmgstate,4,2,-2
dmg_open,2,1,-1
read_uint32,1,2,1
track,22,9,-13
last_in_offset,2,3,1
info_end,1,3,2
read_only,13,4,-9
tm_enabled,1,1,0
fscr_ic_tm,1,1,0
powerpc_excp_fu,1,2,1
kvm_arm_vcpu_init,3,1,-2
write_kvmstate_to_list,3,1,-2
max_mchk_queue,1,1,0
max_io_queue,1,1,0
max_ext_queue,2,1,-1
ext_index,4,1,-3
mchk_index,2,1,-1
garray,24,2,-22
acpi_add_rom_blob,2,1,-1
blob,14,4,-10
memory_region_get_ram_addr,2,2,0
table_ram,1,1,0
acpibuildstate,1,1,0
table_data,18,6,-12
cpu_physical_memory_set_dirty_range_nocode,2,1,-1
build_state,3,2,-1
rom_add_blob,2,2,0
ram_addr_max,2,2,0
table_size,3,8,5
cpuxtensastate,3,3,0
data_iomem,2,1,-1
fwcfgstate,10,7,-3
fwcfgiostate,1,1,0
comb_iomem,1,1,0
data_addr,1,1,0
sysbus_mmio_map,19,5,-14
ctl_iomem,1,1,0
fw_cfg_data_mem_ops,2,1,-1
define_prop_uint32,36,4,-32
ctl_addr,1,1,0
iobase,3,2,-1
fwcfgmemstate,2,1,-1
ctl,3,2,-1
daemon_pipe,1,1,0
accounted,2,2,0
corruptions_fixed,5,4,-1
refcount_table,14,10,-4
compare_refcounts,1,1,0
rebuild,2,4,2
leaks_fixed,2,2,0
references,4,7,3
structures,24,9,-15
calculate_refcounts,2,1,-1
highest_cluster,2,2,0
introduced,6,2,-4
in-memory,2,2,0
allocations,5,3,-2
pointed,7,3,-4
allocates,4,5,1
grow,6,4,-2
tells,7,5,-2
easily,7,4,-3
continuously,1,1,0
size_to_clusters,6,3,-3
looking,10,6,-4
bdrvqcowstate,14,12,-2
*refcount_table,1,2,1
new_refcount_table,2,1,-1
apparently,1,1,0
solely,2,1,-1
bdrv_get_device_name,13,8,-5
respectively,4,2,-2
non-fatal,1,1,0
backend_features,3,2,-1
acked_features,1,2,1
tcg_op_defs,1,1,0
mon_fdset,2,2,0
dup_fd,1,1,0
monitor_fdset_dup_fd_remove,1,1,0
fstat,5,7,2
buf_size,18,5,-13
catalog_bitmap,2,7,5
curl_clean_state,2,2,0
orig_buf,2,2,0
schedule,4,6,2
ext,8,7,-1
header_length,3,5,2
packing,1,2,1
autoclear_features,3,3,0
img_size,6,10,4
staticmethod,1,3,2
refcount_order,5,3,-2
identifier,5,5,0
vrng,8,7,-1
virtio_init,1,1,0
numbers,16,8,-8
handle_input,1,1,0
parsing,16,5,-11
max_bytes,4,3,-1
qemu_ram_addr_from_host,1,2,1
in_size,4,1,-3
virtioscsievent,2,1,-1
virtio_scsi_bad_req,2,2,0
virtio_scsi_parse_req,1,1,0
wait_for_tcp_port,1,1,0
np,1,3,2
vmstate_struct_array,4,1,-3
tx_fifo,1,4,3
qemu_get_be32,15,8,-7
im,1,1,0
hence,10,5,-5
register_savevm,9,4,-5
vmstate_uint8_array,5,3,-2
stellaris_enet_state,1,1,0
mctl,1,1,0
vmsd,17,14,-3
inbound,1,1,0
differ,3,4,1
qemu_put_be32,12,6,-6
sslverify,1,1,0
qemu_opt_bool,11,7,-4
free_cluster_index,1,6,5
qerr_property_value_out_of_range,2,2,0
qemu_get_be32s,7,3,-4
vmstate_uint16,7,1,-6
new_l1_size,1,3,2
overflows,1,4,3
smart_selftest_count,2,1,-1
vdi,10,5,-5
exceeds,1,2,1
bs_offset,5,3,-2
room,7,6,-1
jcody,5,4,-1
min_cluster_bits,1,1,0
initialise,1,1,0
max_cluster_bits,1,1,0
header_size,6,11,5
little-endian,4,4,0
volatile,4,2,-2
le32_to_cpu,23,13,-10
subtype,5,1,-4
config_reg,2,2,0
tcpchardriver,1,5,4
remove_fd_in_watch,1,3,2
fe_open,2,1,-1
fd_in_tag,2,2,0
chr_update_read_handler,2,1,-1
tcp_chr_read_poll,1,2,1
io_add_watch_poll,1,1,0
persistent,8,7,-1
replays,2,1,-1
_filter_qemu,4,5,1
dirtylog,2,1,-1
replay,32,5,-27
vhdx,10,8,-2
old_exc_flags,6,4,-2
float_flag_input_denormal,1,3,2
set_float_exception_flags,9,4,-5
fpst,6,3,-3
get_float_exception_flags,8,5,-3
run_state_running,2,4,2
run_state_shutdown,1,2,1
partition,12,5,-7
split,22,7,-15
icp_kvm_reset,1,2,1
in-kernel,3,3,0
type_icp,1,1,0
emulator,16,4,-12
kernel_xics_fd,1,1,0
qemu_set_irq,22,4,-18
saved_priority,1,1,0
0xff,6,2,-4
outputs,4,1,-3
config_pseries,3,2,-1
david,4,2,-2
corporation,12,3,-9
icpstateclass,2,1,-1
unmasking,1,2,1
virtualized,1,1,0
edge-triggered,4,1,-3
gibson,3,2,-1
icp_get_kvm_state,1,1,0
kvm_one_reg,3,2,-1
icpc,3,1,-2
consistent,9,5,-4
aka,7,2,-5
papr,7,6,-1
kvm_set_one_reg,4,2,-2
ics/icp,1,1,0
kvm_get_one_reg,4,1,-3
kvm_get_device_attr,3,1,-2
config_kvm,9,3,-6
x86_cpu_def,19,1,-18
ecx,35,7,-28
cache_info_passthrough,2,1,-1
cpuid,29,9,-20
host_cpuid,6,1,-5
eax,41,9,-32
ebx,27,5,-22
leaves,2,3,1
strange,3,4,1
enabling,5,1,-4
id_str,4,3,-1
-einval,1,4,3
bdrv_snapshot_delete,1,1,0
-errno,8,6,-2
snapshot_name,4,1,-3
find_snapshot_by_id_or_name,1,1,0
unique,10,10,0
snapshot_id,2,1,-1
snapshot_index,1,2,1
sn_info,2,2,0
mreitz,4,5,1
curlstate,3,2,-1
bdrvcurlstate,5,2,-3
routines,8,2,-6
qemu_ram_addr_from_host_nofail,1,2,1
bdrvsshstate,2,1,-1
has_zero_init,4,2,-2
merge_lists,2,1,-1
misuse,1,2,1
bsy,3,3,0
reg_status,1,3,2
ide_base,1,3,2
inb,2,4,2
cp15,38,10,-28
sense_data,2,1,-1
irb,2,1,-1
time_spent,3,1,-2
initial_time,2,1,-1
qemu_get_clock_ms,11,2,-9
current_time,6,1,-5
qlist_copy,3,2,-1
uint16list,1,4,3
userdefnativelistunion,1,2,1
qobject_to_qlist,8,2,-6
u16,12,5,-7
s8,2,2,0
qobject_to_qint,11,6,-5
qint_get_int,15,5,-10
qfloat,12,3,-9
qlist_pop,6,3,-3
qbool_get_int,3,2,-1
qlist_peek,3,2,-1
userdefnativelistunionkind,1,2,1
qobject_to_qfloat,1,2,1
int64,2,1,-1
g_string_free,4,6,2
boolean,9,4,-5
qfloat_get_double,2,1,-1
g_string_new,5,6,1
s16,2,3,1
gstring,5,6,1
qobject_to_qbool,4,3,-1
s32,3,5,2
cvalue,1,2,1
int32,2,4,2
u8,4,2,-2
s64,4,4,0
fashion,1,1,0
enotty,2,3,1
tg3,1,1,0
seems,19,6,-13
dropping,2,2,0
depend,9,3,-6
pci_exp_type_rc_end,1,1,0
lnk,1,1,0
emulated,21,8,-13
pci_get_long,12,2,-10
vfio_add_emulated_word,1,2,1
revist,1,1,0
emulated_config_bits,6,2,-4
endpoints,3,3,0
vfiodevice,10,1,-9
pci_set_long,6,4,-2
regular,5,6,1
become,9,7,-2
clears,9,3,-6
ex,5,2,-3
integrated,3,1,-2
as-is,3,2,-1
pci_exp_type_endpoint,1,1,0
pci_set_byte,6,2,-4
pci_add_capability,1,2,1
pci_cap_flags,1,2,1
asked,6,2,-4
tcg_gen_ld_i32,7,4,-3
env_offset,2,1,-1
tcg_target_long,14,1,-13
meaning,7,3,-4
eg,11,6,-5
next_tb,6,4,-2
tbs,4,4,0
executing,21,7,-14
tcg_gen_exit_tb,12,1,-11
cpu_unlink_tb,1,1,0
chained,2,2,0
tcg_temp_local_new_i32,1,1,0
resulting,4,8,4
advance,15,4,-11
qtest_irq_intercept_in,3,2,-1
outb,2,3,1
documented,5,4,-1
executable,2,3,1
operate,5,3,-2
macros,12,1,-11
get_irq,3,1,-2
behave,5,3,-2
raw_open_common,1,1,0
supposed,10,4,-6
raw_close,3,1,-2
st_mode,9,10,1
eperm,11,4,-7
bdrvrawstate,13,2,-11
s_isblk,2,2,0
eacces,8,6,-2
bdrv_o_rdwr,19,10,-9
overlay_bs,6,2,-4
bdrv_get_flags,3,1,-2
orig_overlay_flags,2,1,-1
bdrv_find_overlay,3,1,-2
kvm_features,5,1,-4
kvm_feature_pv_eoi,2,1,-1
moves,3,1,-2
est_executing,1,1,0
ehcipacket,1,2,1
cmos_data,5,3,-2
reg_b_set,1,1,0
rtc_century,1,1,0
reasonably,1,3,2
smi_en,1,1,0
smm,1,2,1
pm,15,5,-10
server_fd,2,1,-1
qemu_set_fd_handler2,21,7,-14
pfl,5,3,-2
above_4g_mem_size,6,2,-4
extended,23,9,-14
usb_packet_unmap,1,5,4
dma_direction_to_device,2,5,3
sgl,4,6,2
usb_token_in,2,3,1
usbpacket,2,5,3
ipacket,1,4,3
dma_memory_unmap,2,2,0
dma_memory_map,1,4,3
isgl,2,3,1
dmadirection,1,4,3
qemusglist,1,3,2
multiplied,1,1,0
think,2,5,3
target_abi_bits,1,1,0
pci_base,1,2,1
piix4pmstate,3,3,0
register_ioport_read,9,3,-6
register_ioport_write,9,4,-5
pci0_status,1,3,2
logical_block_size,3,3,0
_conf,3,1,-2
physical_block_size,1,1,0
liobn,7,4,-3
layers,2,2,0
cpu_resume_from_signal,6,1,-5
cpu_loop_exit,23,8,-15
asids,1,1,0
asid,7,2,-5
tlb_flush_page,12,4,-8
ignores,1,3,2
0x80000000,1,4,3
fdt_totalsize,1,3,2
fdt_addr,1,3,2
term,3,2,-1
device-tree,1,2,1
min_rma_slof,1,1,0
plus,8,2,-6
leaving,5,9,4
ldm,2,1,-1
\n,4,3,-1
entry_point,1,1,0
spapr-,1,2,1
0x,3,1,-2
rtas_size,1,4,3
assignment,5,2,-3
rma_size,2,5,3
fdt_max_size,1,3,2
fdt_property_string,3,5,2
advertising,3,1,-2
smartcard_cflags,1,1,0
libcacard_libs,2,1,-1
pci_num_regions,3,2,-1
msix_vector_masked,1,1,0
fmask,4,1,-3
msix_function_masked,1,1,0
pci_msix_entry_ctrl_maskbit,2,1,-1
msix_is_pending,1,1,0
pci_msix_entry_size,4,1,-3
pci_msix_entry_vector_ctrl,2,1,-1
msix_table_page,1,2,1
msix_is_masked,2,1,-1
msix_handle_mask_update,1,1,0
stb_phys,1,4,3
dev_offs,1,1,0
nbd_client_thread,1,1,0
econnrefused,2,1,-1
pthread_create,2,4,2
shut,3,2,-1
warnings,6,3,-3
client_thread,1,1,0
nbytes,5,2,-3
is_read,7,6,-1
zeros,13,5,-8
qemu_aio_read,2,1,-1
vmdkextent,2,2,0
filtering,1,2,1
chunks,8,2,-6
back-to-back,1,1,0
bar1,1,1,0
isa_mmio_setup,1,2,1
pci_register_bar_region,1,1,0
isa_mmio_init,1,2,1
fmt_pcibus,1,1,0
pcibus_t,8,2,-6
region_num,7,1,-6
pci_register_bar,7,1,-6
pci_host_config_write_common,2,2,0
cut,3,2,-1
config_size,10,1,-9
pci_host_config_read_common,2,2,0
hosts,9,6,-3
highest,6,3,-3
target_brk,1,1,0
g2h,8,4,-4
contents,24,12,-12
heap,1,1,0
almost,10,5,-5
brk_page,1,1,0
busstate,29,5,-24
from_qbus,1,3,2
qbus_create_inplace,2,3,1
fir,1,2,1
qemu_put_be64,3,3,0
vmstate_uint8,10,2,-8
cirrus_vga,3,2,-1
pal_mode,3,1,-2
vmstateinfo,8,4,-4
mc146818rtc,1,1,0
cpu_alpha_load_fpcr,1,1,0
expanded,1,1,0
vmstate_load_state,5,3,-2
vmstate_uinttl_array,1,1,0
cpu_alpha_store_fpcr,2,1,-1
lock_value,1,2,1
lock_addr,2,2,0
fpcr,4,1,-3
config_ide_core,1,1,0
vmstate_cpu,1,1,0
vmstate_save_state,4,2,-2
minimum_version_id_old,10,4,-6
vms_single,1,1,0
effectively,11,6,-5
mak,5,4,-1
jumping,1,1,0
host_bits,2,2,0
status_param,3,2,-1
kvm_vcpu_dirty,1,3,2
amd,12,2,-10
00h,1,1,0
programmable,1,2,1
romfile,2,4,2
use_icount,18,4,-14
qemu_icount,4,1,-3
__,3,2,-1
herectx,1,1,0
checkpatch,3,1,-2
herevet,2,1,-1
pl,8,4,-4
warn,19,7,-12
rawline,7,3,-4
patches,9,4,-5
submitting,1,2,1
cat_vet,2,1,-1
outbuf,11,7,-4
bdrv_get_type_hint,4,1,-3
page_code,2,3,1
characteristics,3,1,-2
bdrv_type_cdrom,5,1,-4
qemu_memalign,10,4,-6
valloc,1,1,0
qemu_realloc,7,2,-5
memalign,1,1,0
depends,11,9,-2
effect,13,6,-7
safety,9,3,-6
qemu_iovec_concat,2,9,7
bootsect,2,2,0
probed,2,2,0
buffer_free,1,3,2
deflateend,1,1,0
updating,5,6,1
stats_vq_offset,1,1,0
stats_vq_elem,1,2,1
migrate_fd_monitor_suspend,1,1,0
total_sector_sum,1,2,1
den,1,3,2
int_min,4,4,0
virtio_net_f_csum,3,2,-1
tap_has_vnet_hdr,1,1,0
peer_has_vnet_hdr,3,1,-2
tap_using_vnet_hdr,1,1,0
virtio_net_f_host_ecn,3,2,-1
virtio_net_f_host_tso6,3,2,-1
virtio_net_hdr,4,1,-3
virtio_net_f_host_tso4,3,2,-1
nb_needed,1,3,2
die,7,2,-5
sigprocmask,5,8,3
sigfillset,4,5,1
sig_block,4,5,1
oldset,2,3,1
eepro100state,5,2,-3
qemu_event_handle,4,2,-2
setevent,2,2,0
bdrv_check_request,2,2,0
vnc_client_error,2,8,6
vnc_write_u32,4,2,-2
2006,4,2,-2
vnc_tls_handshake_io,1,1,0
x509verify,1,3,2
vnc_start_vencrypt_handshake,1,1,0
vnc_read_when,2,1,-1
start_auth_vnc,2,1,-1
2009,13,1,-12
anthony,13,5,-8
vnc_write_u8,3,3,0
vencrypt,5,1,-4
authentication,4,2,-2
vnc_flush,3,4,1
liguori,13,5,-8
vnc_tls_client_setup,1,1,0
vnc_client_read,1,2,1
vnc_client_write,1,1,0
read_u32,2,1,-1
0.2,1,1,0
gnutls_strerror,3,4,1
start_client_init,1,1,0
dx,3,5,2
abs,7,5,-2
cirrus_blt_dstpitch,1,4,3
dy,2,5,3
tcg_gen_brcond_tl,4,1,-3
tcg_temp_local_new,6,6,0
tcg_cond_geu,2,2,0
tcg_type_tl,4,3,-1
video,6,3,-3
indexes,2,3,1
dpy_resize,4,2,-2
audio_cap,1,2,1
fragsize,1,1,0
opproto,6,2,-4
r0,8,7,-1
sa,4,5,1
a1,12,4,-8
sb,3,3,0
msg_controllen,1,3,2
resized,6,2,-4
1mb,5,1,-4
vnc_write_u16,1,2,1
samples,3,3,0
capture,1,1,0
nchannels,5,1,-4
worth,3,3,0
suddenly,1,1,0
worse,1,2,1
backlog,1,2,1
sensible,1,2,1
kamp,2,2,0
de,9,6,-3
iscsi_allocmap_set_invalid,1,1,0
lieven,2,2,0
start_routine,1,2,1
pthread_self,2,1,-1
cd47172a673762a05a0c7bd27df6e3cc8febe8d6,1,1,0
queue_status,1,2,1
vm_running,14,4,-10
saved_vm_running,1,3,2
cont,3,2,-1
sa_restorer,1,2,1
bwidth,4,4,0
wraps,3,3,0
page1,1,4,3
vram,6,4,-2
page0,1,4,3
socket_scm_helper,2,2,0
r_v7m_excret_es_mask,1,2,1
v8m,16,2,-14
recognize,1,2,1
r_v7m_excret_dcrs_mask,1,2,1
unpredictable,12,10,-2
return_to_sp_process,2,1,-1
certain,20,5,-15
es,9,3,-6
choose,17,12,-5
cpu_log_int,9,2,-7
sfsr,2,1,-1
armv7m_excp_secure,1,1,0
v7m_exception_taken,2,3,1
r_v7m_excret_spsel_mask,1,2,1
ccr,6,3,-3
dcrs,1,2,1
ufault,1,1,0
faultmask,8,1,-7
nvic,14,4,-10
r_v7m_ccr_nonbasethrdena_mask,2,1,-1
r_v7m_excret_mode_mask,1,2,1
rettobase,1,1,0
nonbasethrdena,1,1,0
excret,1,2,1
r_v7m_excret_s_mask,1,2,1
return_to_handler,3,1,-2
usagefault,5,1,-4
armv7m_nvic_set_pending,6,1,-5
arm_feature_m_security,15,2,-13
setuid,2,2,0
setgid,1,2,1
setfsuid,1,1,0
scmp_sys,2,2,0
we're,5,1,-4
setresuid,2,1,-1
prctl,1,3,2
setregid,1,1,0
obsolete,4,2,-2
setreuid,1,1,0
setsid,2,1,-1
setfsgid,1,1,0
setresgid,2,1,-1
burst_length,5,3,-2
explicit_options,1,3,2
retsaddr,1,1,0
wsaddr,2,1,-1
qapi_free_socketaddress,7,3,-4
retwsaddr,1,1,0
prealloc_mode_off,4,2,-2
blkdev,4,9,5
ioreq,1,9,8
qemu_co_mutex_init,8,2,-6
nb_fds,2,2,0
shared,25,9,-16
qbus_set_hotplug_handler,1,2,1
virtio_scsi,3,5,2
virtioscsi,6,8,2
separately,4,1,-3
whitelist,4,2,-2
plugs,1,1,0
subclass,5,2,-3
connections,7,2,-5
ppc_mem_tlbie,4,2,-2
gen_handler_e,6,4,-2
ppc_mem_tlbsync,6,1,-5
ppc2_isa300,6,2,-4
initializes,10,2,-8
buckets,8,5,-3
throttle_bps_read,2,4,2
buckets_count,3,3,0
orig_cfg,1,1,0
final_cfg,1,1,0
corrected,4,1,-3
throttle_bps_total,3,4,1
leakybucket,2,3,1
bdrv_ref,2,5,3
graph,3,4,1
pdu_free,1,2,1
qemu_co_queue_next,7,3,-4
assertion,4,6,2
failures,1,3,2
socket_path,3,3,0
stale,3,3,0
spurious,5,3,-2
bus_master_container_region,1,1,0
to_dst_file,3,3,0
reg_struct,1,1,0
__u64,6,2,-4
ioctls,6,1,-5
_uffdio_copy,1,1,0
itb,1,1,0
fdt_err_notfound,1,1,0
fdt_path_offset,1,2,1
ldr,5,2,-3
pend,6,1,-5
rom_add_blob_fixed,6,2,-4
m_byte,2,1,-1
load_device_tree,1,1,0
flattened,1,1,0
load_addr,1,1,0
header_magic,3,2,-1
excp_interrupt,11,3,-8
soon,16,14,-2
hold,16,5,-11
ld,14,7,-7
serialization,1,1,0
bitmaps,13,2,-11
meaningful,5,1,-4
i.e,17,10,-7
requirement,1,5,4
last_entry,1,1,0
reft_offset_mask,1,2,1
refcount_table_size,9,8,-1
hole,4,4,0
num_cs,1,1,0
cs_lines,2,1,-1
spi,4,1,-3
focus,6,5,-1
max_nodes,9,2,-7
kvm_irqchip_is_split,1,2,1
target_efault,7,8,1
debug_level,3,1,-2
qemu_opt_get_del,2,2,0
gconf,3,2,-1
libgfapi,1,1,0
logfile,7,10,3
glfs,1,2,1
glfs_set_logging,1,1,0
pageh_base,1,1,0
isa_register_portio_list,1,1,0
isadev,1,4,3
page_base,1,1,0
fdc_portio_list,1,1,0
inuse,3,4,1
notify,44,13,-31
reply_supported,1,2,1
vhost_user_version,3,2,-1
vhost_user_get_features,3,2,-1
protocol_features,3,2,-1
gpa,3,2,-1
vhost_memory_region,1,2,1
vhost_memory_max_nregions,1,4,3
vhost_user_need_reply_mask,1,2,1
process_message_reply,1,2,1
vhost_user_set_mem_table,2,2,0
virtio_has_feature,9,3,-6
remapping,4,2,-2
vhostusermsg,3,2,-1
vhost_user_protocol_f_reply_ack,1,2,1
vhostusermemoryregion,2,2,0
r_max,2,2,0
rxbase,1,1,0
qemu_sglist_destroy,2,10,8
kernel's,1,1,0
definitely,10,2,-8
exceeding,1,2,1
offset_in_cluster,2,3,1
id_wellformed,2,1,-1
block_job_get,1,1,0
rid,3,3,0
newly,10,5,-5
nbd_max_sectors,4,1,-3
powerpc_excp_mcheck,1,4,3
entirely,4,5,1
error_code,11,7,-4
pte0,8,6,-2
reasonable,4,6,2
ppc_hash64_htab_lookup,2,1,-1
cf_use_icount,7,2,-5
pending_interrupts,1,2,1
ppc_set_irq,3,1,-2
cpu_ppc_load_hdecr,1,1,0
has_hv_mode,1,3,2
msr_ee,3,3,0
spr_register_hv,1,2,1
ppc_interrupt_hdecr,1,1,0
delivery,5,1,-4
hdecr,2,1,-1
hypervisor,8,5,-3
lpcr,2,4,2
decrementer,5,2,-3
dmalen,1,2,1
mirror_write_complete,1,1,0
qcow2_get_cluster_offset,1,1,0
bdrv_block_zero,11,5,-6
bdrv_get_block_status_above,7,1,-6
differently,3,1,-2
bioc,1,1,0
overrun,4,6,2
virtio_queue_notify_vq,2,2,0
handle_aio_output,1,1,0
handle_output,3,1,-2
trace_virtio_queue_notify,1,1,0
virtio_queue_host_notifier_read,1,1,0
host_notifier,3,2,-1
event_notifier_test_and_clear,7,3,-4
remains,3,1,-2
recoverable,2,1,-1
retries,3,1,-2
enospc,9,5,-4
gluster,2,1,-1
fsync,2,3,1
loss,2,2,0
glusterfs,1,2,1
key/value,1,1,0
discover,1,1,0
retain,4,1,-3
config_softmmu,7,2,-5
psci,5,2,-3
eqmp,6,3,-3
sqmp,6,3,-3
qerr_feature_disabled,1,1,0
describing,3,2,-1
arch_dump,1,3,2
bdrv_op_block_all,3,2,-1
blocker,9,9,0
tdlen,1,1,0
rdlen,1,2,1
rdh,1,3,2
qkeycode_lookup,2,1,-1
index_from_key,1,1,0
keyname_buf,1,2,1
keyname_len,1,2,1
fclk,1,1,0
virtio_ccw_queue_max,3,1,-2
indicators,2,1,-1
kvm_type,1,1,0
compile,5,6,1
downstream,8,1,-7
z_,2,1,-1
letters,3,1,-2
za,6,2,-4
leading,4,2,-2
digits,1,2,1
reverse,10,4,-6
enum_member,1,1,0
z0,4,2,-2
digit,2,1,-1
letter,2,1,-1
_,13,7,-6
qualified,2,1,-1
foreach,7,3,-4
gtester_options,1,2,1
sysemu_target_list,2,1,-1
rf,4,2,-2
gtester,3,2,-1
channels,5,3,-2
ch,29,7,-22
nchan,1,1,0
block_acct_write,3,4,1
blksize,1,1,0
vfio_irq_info_automasked,1,1,0
unmask,4,2,-2
resample/unmask,1,1,0
vfiointp,1,2,1
pin,11,3,-8
fail_vfio,1,1,0
resamplefd,1,1,0
intp,2,2,0
event_notifier_init,8,3,-5
out_no_progress,1,1,0
sockets,13,7,-6
csum_start,1,1,0
vmw_pkprn,1,1,0
vhdr,1,2,1
csum_offset,6,2,-4
pkt_len,1,2,1
tcp_header,1,3,2
tcp,11,4,-7
bhs,5,3,-2
forces,2,2,0
scheduling,6,3,-3
drq_stat,1,3,2
tce,2,2,0
retranslation,1,1,0
code_ptr,6,6,0
tcg_out_insn,1,1,0
qemu_get_queue,11,5,-6
e1000_can_receive,1,2,1
tested,6,2,-4
nic,27,10,-17
qemu_flush_queued_packets,7,4,-3
num_child_bus,2,1,-1
qbus_is_full,1,1,0
do_log,2,2,0
terminated,7,4,-3
preallocated,6,1,-5
qemu_get_byte,9,9,0
preceding,2,1,-1
section_id,1,3,2
whose,13,2,-11
netdev,8,3,-5
rev_11mpcore,1,1,0
security_extn,8,1,-7
revision,52,5,-47
rev_nvic,1,1,0
cfg_entry,1,1,0
throughable_mask,1,1,0
emu_mask,1,3,2
emulate,24,3,-21
pci_command_memory,3,2,-1
pci_command_io,3,2,-1
xenptreginfo,1,1,0
valid_emu_mask,1,1,0
xenpcipassthroughstate,1,1,0
xen_pt_merge_value,1,1,0
lduw_phys,2,1,-1
address_space_ldub,1,1,0
hitattrs,1,1,0
ldl_phys,5,2,-3
ldub_phys,3,2,-1
wp,7,2,-5
stl_phys,5,3,-2
qemu_chr_delete,2,2,0
pchks,1,1,0
pgm_segment_trans,3,1,-2
trigger_page_fault,4,2,-2
faults,3,4,1
exc,5,5,0
buff_read_uint64,1,1,0
data_offset,3,5,2
glue,10,3,-7
pcm_ops,2,3,1
block_op_type_change,2,1,-1
blk_op_unblock,3,4,1
kvmslot,2,3,1
accelerator,1,3,2
freeaddrinfo,1,6,5
addrinfo,2,4,2
g_slist_foreach,1,1,0
switching,3,3,0
grant,1,1,0
xendev,15,10,-5
gnttabdev,4,2,-2
xen_be_printf,8,7,-1
maps,4,3,-1
g_slist_append,3,1,-2
gdestroynotify,2,2,0
mappings,11,2,-9
frontend,4,4,0
unmap,13,5,-8
gslist,14,4,-10
max_grants,1,1,0
xengnttab,1,1,0
lun,25,11,-14
scsi_datain_unmarshall,3,3,0
scsi_task,2,3,1
iscsi,12,12,0
scsi_status_good,5,2,-3
scsi_free_scsi_task,7,7,0
iscsi_get_error,2,7,5
l1_start_index,1,2,1
bdrvcheckmode,5,4,-1
inc_refcounts,8,2,-6
_not_,1,1,0
refcounts,2,6,4
int64_t,4,6,2
prints,3,1,-2
check_refblocks,2,1,-1
qcow2_cache_get,1,1,0
regarding,1,2,1
represented,7,1,-6
decrement,1,2,1
old_nb_clusters,2,1,-1
qcow2_alloc_clusters,3,4,1
d\n,1,2,1
qdev_get_vmsd,3,2,-1
vmstate_unregister,6,1,-5
post_realize_fail,2,2,0
parent_bus,14,4,-10
ide_sect_range_ok,1,2,1
dma_cmd,1,2,1
ide_dma_write,1,1,0
aio_nbytes,3,2,-1
bdrv_get_geometry,6,4,-2
ide_init2,1,1,0
md,3,2,-1
clk,1,1,0
sel,3,2,-1
slave,7,4,-3
smbios_legacy_mode,1,1,0
gigabyte_align,4,1,-3
has_reserved_memory,1,1,0
dlen,1,4,3
closehandle,1,6,5
address_space_filter,1,1,0
structs,4,3,-1
smbios_max_type,1,1,0
acpi_checksum,1,4,3
crt,3,2,-1
walk,13,4,-9
grab,13,3,-10
formatted,2,1,-1
acpi_read_array,2,2,0
acpi_read_field,2,2,0
distance,2,1,-1
cmd_len,1,4,3
col,1,1,0
rx_fifo,1,2,1
positives,3,2,-1
pbonzini,6,3,-3
markus,5,3,-2
built-in,3,3,0
armbruster,4,3,-1
understand,2,1,-1
libraries,1,1,0
asking,2,2,0
2014,11,3,-8
treating,3,4,1
paolo,6,3,-3
frees,4,2,-2
lot,9,3,-6
armbru,4,3,-1
exec.c,1,1,0
fact,11,6,-5
scan,4,2,-2
typedefs,1,1,0
fewer,3,1,-2
bonzini,6,3,-3
increasing,4,3,-1
refuse,2,5,3
cloop,6,5,-1
build_append_int,4,1,-3
acpi_gpe_proc_len,1,1,0
quorum_sha256_compare,1,1,0
bdrvquorumstate,3,3,0
holds,7,4,-3
vote_list,1,2,1
qlist_entry,13,6,-7
qlist_insert_head,30,9,-21
votes,1,2,1
success_count,1,3,2
qlist_head,15,5,-10
sacb,1,1,0
device_name,17,5,-12
qlist_init,12,3,-9
vote_ret,2,3,1
simpler,2,5,3
sharing,2,1,-1
tracked,4,3,-1
quorumaiocb,2,4,2
sha-256,1,1,0
explain,3,1,-2
no_user,3,3,0
system_memory,12,3,-9
addr_space_bits,1,1,0
acpitableheader,2,1,-1
reserved4b,1,1,0
gpe0_blk_len,1,1,0
reserved4,1,1,0
gpe0_blk,1,1,0
aml,20,4,-16
acpisdttable,1,2,1
acpi_read_table_header,1,1,0
expected_reboot,1,1,0
century,2,1,-1
rsdt,9,2,-7
pm1_evt_len,1,1,0
pm1_cnt_len,1,1,0
acpifadtdescriptorrev1,1,1,0
fadt,7,1,-6
boot_order_test,1,1,0
rsdt_physical_address,3,1,-2
fadt_table,1,1,0
ssdt,6,3,-3
rsdp,8,2,-6
dsdt_table,1,1,0
dsdt,7,3,-4
oem_id,7,2,-5
compute,19,11,-8
firmware_ctrl,1,1,0
acpirsdpdescriptor,1,1,0
pm_tmr_len,1,1,0
rsdp_table,6,1,-5
reserved2,4,1,-3
reserved1,2,1,-1
acpi_read_array_ptr,1,1,0
reserved4a,1,1,0
expected_boot,1,1,0
scsi_disk_emulate_reqops,1,1,0
invalid_field,4,4,0
illegal_request,3,9,6
verify_16,1,3,2
verify_10,1,3,2
verify_12,1,3,2
drvname,2,2,0
unlink_and_fail,2,1,-1
run_qemu,10,4,-6
deleting,1,1,0
vmdk,16,6,-10
cpuid_features,10,3,-7
intended,6,5,-1
hyper,1,2,1
sample_images,1,1,0
ne,5,6,1
idea,7,1,-6
is_request_lun_aligned,2,1,-1
v9fs_path_free,1,2,1
section_index,1,1,0
phys_sections,3,1,-2
cpu_nb_regs32,2,1,-1
pc_compat_1_5,2,1,-1
globalproperty,4,2,-2
qemu_co_mutex_lock,8,4,-4
l2_cache_entry,1,1,0
bdrv_co_write_zeroes,3,1,-2
vmdk_write,1,1,0
gen_op_set_cc_op,2,2,0
restartable,1,1,0
cc_op,19,8,-11
vm86,4,2,-2
r_cs,13,8,-5
cpl,8,4,-4
pop,7,4,-3
cc_op_str,1,2,1
cc_op_eflags,2,3,1
gen_op_addl_esp_im,1,1,0
cc_op_name,1,2,1
eflags,15,5,-10
preserved,2,2,0
qemu_set_block,1,1,0
scm_rights,1,2,1
vnc_display,4,3,-1
gtkdisplaystate,3,1,-2
cpu_ov,1,6,5
xer,2,3,1
cpu_so,1,2,1
tcg_gen_brcondi_tl,6,5,-1
arg0,4,5,1
compute_ov,1,2,1
tcg_cond_ge,5,1,-4
select_ret,4,1,-3
g_poll_ret,3,1,-2
nodenr,4,3,-1
e1000state,7,5,-2
phy_status,2,2,0
auto-negotiation,2,1,-1
phy_reg,5,2,-3
e1000_link_up,1,1,0
netclientstate,20,5,-15
phy_ctrl,5,1,-4
mii_cr_auto_neg_en,4,1,-3
infer,1,1,0
mii_cr_restart_auto_neg,3,1,-2
autoneg_timer,3,1,-2
mii_sr_autoneg_complete,2,1,-1
link_down,4,4,0
kvm_cpuid_entry2,1,1,0
ehciqh,2,2,0
qtd,3,6,3
qtdaddr,3,4,1
qhaddr,1,2,1
ehciqtd,1,3,2
nlptr_get,1,3,2
get_dwords,1,1,0
use_scsi,2,1,-1
uhci_port_ccs,1,1,0
floppy_send,2,1,-1
qemu_init_cpu_loop,2,1,-1
is_temporary,2,1,-1
vram_start,1,1,0
vram_bar,1,1,0
fdt_end_node,3,1,-2
node0_size,2,1,-1
fdt_setprop,5,4,-1
htab_shift,5,3,-2
mem_reg_property,2,2,0
associativity,1,1,0
fdt_add_subnode,3,3,0
fdt_begin_node,4,1,-3
spapr_fixup_cpu_dt,1,2,1
mem_start,4,2,-2
hash_shift,1,1,0
fdt_setprop_string,2,3,1
xlen,1,2,1
qemu_iovec_add,5,3,-2
mips_hflag_bmask,3,3,0
excp_ri,7,2,-5
generate_exception,7,1,-6
find_dev,2,3,1
libiscsi,4,5,1
iscsiaiocb,2,5,3
mgmt,1,3,2
private_data,2,4,2
canceled,3,7,4
cirrus_bank_base,1,1,0
vram_offset,2,1,-1
vgastate,1,2,1
isa_mem_base,3,3,0
config_smbd_command,1,1,0
exported_dir,2,2,0
modrm,6,2,-4
cpu_ptr0,1,1,0
sse_special,1,1,0
casts,1,2,1
rxbuf,1,2,1
fd_revalidate,2,1,-1
nb_heads,1,1,0
cur_drv,3,2,-1
floppy_dprintf,4,1,-3
role,16,4,-12
dos,1,2,1
nographic,5,4,-1
x509,4,5,1
parallel,9,7,-2
exportname,1,1,0
hda,1,2,1
cdrom,6,2,-4
hostname,9,5,-4
stdio,6,7,1
ivshmem,2,4,2
opensuse,1,1,0
accepted,3,3,0
hci,4,2,-2
bt,3,3,0
home,4,1,-3
posix_aio_read,2,2,0
pipe,15,9,-6
posixaiostate,1,1,0
scsidiskreq,4,4,0
bdrv_acct_flush,1,2,1
scsidiskstate,7,3,-4
scsicommand,1,1,0
scsi_xfer_to_dev,3,1,-2
scsi_req_complete,7,2,-5
scsi_req_unref,2,4,2
ways,3,3,0
clock_gettime,1,2,1
clock_realtime,2,1,-1
2.,22,10,-12
closedir,1,3,2
v9fspath,1,3,2
timespec,6,3,-3
v9fsfidopenstate,1,1,0
pwritev,1,1,0
preadv,2,1,-1
v9fs_immediate_writeout,1,1,0
qemu_fdatasync,1,1,0
writeback,2,2,0
fileoperations,1,1,0
writev,4,2,-2
2011,5,11,6
dirent,2,3,1
v9fsproxy,1,1,0
pfs,1,1,0
sockfd,2,6,4
kumar,1,3,2
eopnotsupp,2,4,2
initiate,1,1,0
readv,4,2,-2
readdir_r,1,2,1
fscred,8,3,-5
config_virtfs,3,1,-2
tracked_requests,6,3,-3
copy_on_read,2,3,1
qemu_co_queue_wait,5,4,-1
wait_for_overlapping_requests,2,1,-1
qemu_co_queue_init,6,2,-4
qemu_co_queue_restart_all,4,1,-3
wait_queue,1,2,1
coqueue,6,2,-4
rval,1,2,1
dprint,3,3,0
next_entry,2,1,-1
subsections,10,5,-5
vmstatesubsection,2,3,1
balloon_opaque,1,1,0
balloon_stat_fn,1,1,0
qemu_balloon,3,1,-2
balloon_event_fn,1,1,0
scsi_reason_data,1,1,0
drained,2,1,-1
qemu_free_timer,9,4,-5
qed_aio_next_io,1,2,1
allocating_write_reqs,2,1,-1
qed_f_need_check,2,3,1
qemu_new_timer_ns,4,2,-2
qemu_get_clock_ns,15,4,-11
fire,6,2,-4
clearing,11,2,-9
allocating_write_reqs_plugged,1,1,0
allocating,8,6,-2
alter,1,2,1
periodic,4,2,-2
roms,3,3,0
bin,9,3,-6
rtas_start_cpu,2,1,-1
gpr,10,10,0
sources,6,4,-2
style,8,2,-6
//git.qemu.org/slof.git,1,1,0
htab_size,2,3,1
envs,2,1,-1
min_ram_slof,1,1,0
msr_me,2,2,0
submodule,5,9,4
expecting,5,2,-3
rtas_query_cpu_stopped_state,1,1,0
qemu_cpu_kick,6,3,-3
startup,10,3,-7
msr_sf,3,1,-2
cpu_physical_memory_set_dirty,1,1,0
insert,6,3,-3
eeprom,4,3,-1
tmp2,9,7,-2
load_reg,9,3,-6
tmp64,3,2,-1
vring_avail_idx,4,2,-2
qemu_isdigit,1,1,0
fidp,13,7,-6
flushing,1,3,2
bdrv_flush,10,10,0
fid,11,5,-6
chown,2,2,0
sm_mapped,11,2,-9
lookup_fid,3,2,-1
va_arg,5,3,-2
sm_passthrough,8,2,-6
v9fsfidstate,6,2,-4
fs_sm,11,2,-9
v9fs_do_chmod,1,1,0
complete_pdu,3,3,0
lchown,4,3,-1
pdu_unmarshal,3,3,0
pci_header_type_multi_function,6,1,-5
pci_header_type_bridge,2,1,-1
'd,10,7,-3
hang,3,6,3
sometimes,6,3,-3
reinjecting,1,1,0
notified,11,2,-9
infrastructure,1,2,1
do_nothing,1,1,0
prio,15,3,-12
pci_num_pins,1,2,1
pv,11,4,-7
vmstate_int32_array_v,1,1,0
irq_state,5,2,-3
irq_count,5,1,-4
bus_num,12,2,-10
vendor_id,50,3,-47
devname,6,3,-3
product_id,3,1,-2
vga_bios_size,1,1,0
vga_bios_offset,1,2,1
vmsvga_invalidate_display,1,1,0
graphic_console_init,3,1,-2
vmsvga_text_update,1,1,0
vmsvga_update_display,1,1,0
vmsvga_screen_dump,1,1,0
seabios,2,2,0
set_ru_state,1,1,0
logout,9,2,-7
cb_address,1,1,0
ru_suspended,1,1,0
tap_set_sndbuf,3,1,-2
config_str,1,1,0
redir_str,1,2,1
tapstate,5,2,-3
sndbuf_str,2,1,-1
smb_export,1,2,1
slirp_smb,1,2,1
flexible,2,1,-1
tcb,1,1,0
shift_control,1,2,1
y1,2,2,0
double_scan,1,2,1
vlans,1,3,2
macs,1,2,1
packet_len,2,1,-1
x86_dump_fpu,1,1,0
x86_dump_ccop,1,1,0
cfl,1,1,0
vnc_tls_libs,1,1,0
bluez_libs,1,1,0
lib,6,1,-5
specifiy,1,2,1
qemu_key_check,2,1,-1
interpreting,1,4,3
bdrv_open2,3,5,2
get_param_value,11,1,-10
tofix,1,1,0
saved_eax,1,1,0
declared,3,2,-1
esp,8,4,-4
ebp,4,2,-2
saved_ebp,1,1,0
esi,5,2,-3
saved_esi,1,1,0
host_reg_t,1,1,0
temple,3,1,-2
saved_ecx,1,1,0
codesourcery,1,1,0
saved_edi,1,1,0
saved_esp,1,1,0
saved_t0,1,1,0
saved_t1,1,1,0
330,3,1,-2
saved_t2,1,1,0
59,4,1,-3
2007,2,2,0
al,3,1,-2
saved_edx,1,1,0
et,2,1,-1
edi,7,2,-5
saved_env,2,2,0
saved_ebx,1,1,0
suite,13,3,-10
usa,4,2,-2
02111-1307,3,1,-2
reserve,6,9,3
scsi_command_complete,2,3,1
status_control_c_exit,1,1,0
winapi,1,2,1
dword,17,6,-11
r_fs,12,5,-7
gs,4,3,-1
r_gs,11,5,-6
segs,14,7,-7
nullify,1,1,0
seg_reg,7,1,-6
sectors_in_flight,1,1,0
start_exclusive,5,2,-3
qemu_init_cpu_list,1,1,0
end_exclusive,6,2,-4
systems,21,8,-13
tricky,1,3,2
tcg_gen_addi_i32,3,2,-1
fallthru,3,3,0
cc_op_flags,1,1,0
tcg_gen_mov_i32,7,4,-3
def_helper_4,10,3,-7
c0,1,1,0
specs,2,2,0
cpum68kstate,3,3,0
dreg,1,3,2
qemu_si_fault,1,2,1
cc_c,3,5,2
ub,1,1,0
disas_insn,2,2,0
cc_z,7,5,-2
affected,5,1,-4
gen_exception,12,3,-9
insn_pc,3,1,-2
gen_load,1,2,1
addr2,5,1,-4
chk_sv,1,2,1
texinfo,2,1,-1
qnull,9,3,-6
strong,4,2,-2
qnum,3,2,-1
subsection,8,4,-4
doc,15,2,-13
body,6,2,-4
_one_,1,1,0
undocumented,2,1,-1
\r,1,1,0
vty,1,1,0
powervm,1,1,0
\0,2,1,-1
roll,1,2,1
inserts,1,2,1
removes,4,3,-1
net_checksum_finish,5,1,-4
net_raw_checksum,1,1,0
net_checksum_add,5,1,-4
stw_be_p,6,1,-5
sloc,1,1,0
cpu_to_be16,11,4,-7
modules,5,6,1
io_bytes,2,1,-1
cluster_bytes,2,1,-1
target_bytes,1,1,0
dtc,2,3,1
pc_existing_dimms_capacity,1,1,0
type_sclp_cpu_hotplug,2,1,-1
config_all,1,1,0
qcow2bitmap,1,1,0
implementing,5,3,-2
cmdp,2,1,-1
restricting,1,3,2
forwards,1,1,0
host_device,2,1,-1
usual,1,4,3
incorrect,16,6,-10
sg_io,2,1,-1
unprivileged,4,3,-1
programs,1,2,1
classes,3,3,0
reservation,6,4,-2
passthrough,4,2,-2
qom,14,6,-8
twice,2,6,4
usable,2,4,2
dimm,13,7,-6
nvdimm_get_memory_region,1,1,0
pc_dimm_memdev_prop,1,2,1
memory_region_get_alignment,2,1,-1
get_memory_region,2,1,-1
ddc,4,1,-3
host_memory_backend_get_memory,5,4,-1
free_data_block_offset,1,2,1
new_file_size,1,1,0
pentry,2,2,0
vaddr_base,1,1,0
pcr_mask,5,2,-3
spr_pcr,1,1,0
pcr,2,2,0
hex,2,4,2
hh,1,1,0
tn,3,3,0
wd,1,1,0
tdf,1,1,0
enodev,10,4,-6
e2,7,4,-3
desc_c_mask,4,1,-3
pc_dimm_check_memdev_is_busy,2,1,-1
ivshmem_check_memdev_is_busy,1,1,0
virtio_crypto_check_cryptodev_is_used,2,1,-1
qdev_prop_allow_set_link_before_realize,8,3,-5
equals,5,1,-4
qtest_add_data_func,9,5,-4
dram,1,1,0
restrict,5,3,-2
pcidev,2,3,1
guest-visible,2,1,-1
writeb,1,1,0
selecting,2,1,-1
megabytes,1,1,0
precisely,2,1,-1
visibility,1,1,0
blk_name,8,3,-5
bail,2,4,2
to_src_file,1,1,0
hi,9,8,-1
x86iommustate,2,3,1
vtd_context_entry_rsvd_lo,1,1,0
lo,15,9,-6
vtdcontextentry,3,1,-2
ce,4,2,-2
rsvd,2,2,0
vtd_root_entry_rsvd,1,1,0
x86_iommu,2,3,1
x86_iommu_device,1,1,0
dirfidp,1,2,1
skp,1,1,0
pc_machine,10,2,-8
type_pc_machine,1,1,0
mc,43,11,-32
pcmachinestate,10,2,-8
machineclass,22,5,-17
machine_get_class,14,4,-10
lpcr_gtse,1,2,1
radix,5,2,-3
pa_features,3,1,-2
spapr_populate_pa_features,1,1,0
hide,1,1,0
sioc,5,5,0
g_array_free,4,3,-1
sigchld,1,3,2
*cpu,6,1,-5
cpu_get_class,12,5,-7
cpuclass,17,4,-13
'data,4,1,-3
*cc,1,1,0
cc-,1,1,0
cpu_to_le64,10,6,-4
card,18,13,-5
ldl_p,6,5,-1
nb_cls_shrunk,1,1,0
allocmap,1,1,0
allocmap_valid,1,1,0
cl_num_shrunk,1,1,0
24,11,2,-9
ioapic_update_kvm_routes,1,1,0
routes,6,1,-5
apic,12,5,-7
sector_len,1,1,0
nb_blocs,1,1,0
stores,8,5,-3
nvdimm,26,3,-23
well,25,14,-11
corrupting,1,1,0
labels,2,1,-1
disabling,2,3,1
shrinking,1,1,0
seek_end,4,3,-1
vnvdimm,1,1,0
0x10000000,1,2,1
nmi,4,4,0
msr_mask,8,1,-7
excp,4,2,-2
delivered,4,3,-1
msr_hvb,3,2,-1
new_msr,1,3,2
msr_pow,1,2,1
source_path,5,1,-4
bios,27,8,-19
chars,3,1,-2
unread,1,1,0
verify_write,7,4,-3
gemu_log,1,4,3
printed,2,1,-1
printk,2,1,-1
optionally,4,3,-1
iterator,3,1,-2
docker,2,1,-1
comma,2,2,0
src_path,24,9,-15
target_list,4,1,-3
virtio_error,3,4,1
propagate,2,3,1
tlb_need_global_flush,1,1,0
tlb_need_local_flush,1,1,0
tcg_gen_st_i32,6,5,-1
mas2_epn_mask,1,1,0
invalidations,2,1,-1
broadcast,9,3,-6
other_cs,2,1,-1
tlb_need_flush,1,2,1
nr_cores,6,3,-3
*-user,2,1,-1
smp,7,2,-5
qcrypto_cipher_mode_xts,1,1,0
ciphertext,1,3,2
iov_free,1,1,0
siov,1,1,0
64kb,2,1,-1
subdir_makeflags,1,1,0
ping,2,2,0
g_file_open_tmp,1,1,0
guest_agent,2,1,-1
verbose,9,5,-4
org,7,3,-4
daemon,2,2,0
ga,6,3,-3
cwd,3,3,0
tlb_fill,6,1,-5
tlb_table,8,3,-5
relies,2,4,2
tlb_invalid_mask,5,2,-3
evict,1,3,2
direction,5,4,-1
efficient,9,2,-7
self-modifying,4,1,-3
cpu_tlb_size,9,1,-8
victim_tlb_hit,2,1,-1
addr_write,7,3,-4
issues,3,6,3
mmu_data_store,7,4,-3
allocation_state,5,1,-4
spapr_dr_connector_type_pci,4,2,-2
awaiting_allocation,2,3,1
spapr_dr_allocation_state_usable,3,2,-1
awaiting_release,6,3,-3
dprintfn,2,1,-1
powerpc_excp_inval_inval,1,6,5
ppc_64h,1,1,0
ppc_altivec,10,3,-7
gen_inval_exception,1,6,5
ppc_64bx,2,2,0
svga_fifo_max,1,1,0
prefix_lock,5,1,-4
bdrv_block_data,8,4,-4
siv,2,5,3
stringinputvisitor,2,1,-1
is_write1,5,1,-4
do_fault_protect,5,1,-4
ivshmem_can_receive,1,1,0
server_chr,2,2,0
mem_base,5,2,-3
ivshmemstate,5,5,0
operational,4,2,-2
races,1,7,6
ivshmem_read,2,1,-1
ivshmem_check_version,1,1,0
ivposition,3,1,-2
ivshmem_protocol_version,1,1,0
end_time,4,2,-2
s1,7,6,-1
ivshmem_dprintf,3,3,0
s2,5,3,-2
g_usleep,12,3,-9
g_get_monotonic_time,3,3,0
asynchronously,4,1,-3
int64_min,3,6,3
synchronously,2,4,2
in_reg,2,1,-1
qtest_readb,1,1,0
qemu_chr_fe_read_all,2,1,-1
qemu_chr_fe_get_msgfd,1,1,0
replacing,5,1,-4
ram_addr_fmt,8,1,-7
sanitized_name,1,1,0
s_isdir,1,4,3
'/,2,1,-1
hpagesize,2,4,2
o_excl,1,3,2
mkstemp,7,4,-3
bytes_to_copy,1,1,0
export,8,5,-3
qemu_io_prog,6,3,-3
_launch_qemu,4,3,-1
memory_region,2,1,-1
section_size,1,2,1
chunk_size,4,4,0
predecessor,1,2,1
tlscreds,6,1,-5
chr_write_lock,2,3,1
qemu_mutex_destroy,12,5,-7
situations,2,2,0
3.,12,2,-10
max_xfer_len,7,2,-5
iovs,1,1,0
sequential,4,1,-3
iov_max,3,3,0
base1,1,1,0
acpislottype,1,1,0
inputbutton,1,1,0
case_whitelist,1,1,0
cpuinfotricore,1,2,1
whitelisted,3,1,-2
qapierrorclass,1,1,0
cpuinfomips,1,2,1
ospm,11,1,-10
inputaxis,1,1,0
nowaythiswillgetwhitelisted,1,1,0
uuid,16,2,-14
cname,2,1,-1
x86cpuregister32,2,1,-1
uuidinfo,1,1,0
*errp,1,1,0
occurred,18,8,-10
convenience,3,2,-1
primarily,2,1,-1
saves,10,4,-6
hangs,2,2,0
-device,2,2,0
serves,1,2,1
survive,1,1,0
updated,21,11,-10
dies,1,1,0
cannot_destroy_with_object_finalize_yet,1,2,1
object_new,28,2,-26
alpha_cpu_initfn,1,2,1
host_x86_cpu_initfn,1,1,0
fdt_setprop_cell,4,5,1
qcrypto_cipher_decrypt,1,1,0
qcrypto_cipher_setiv,1,2,1
gsi_count,4,1,-3
irq_routes,1,1,0
route,6,4,-2
ioapic,3,3,0
kvm_flush_dynamic_msi_routes,1,1,0
direct_msi,1,1,0
fcode_filename,2,2,0
window_size,4,2,-2
nb_table,2,2,0
tcet,12,6,-6
warning,14,9,-5
qtest_sendf,1,1,0
vsnprintf,3,2,-1
prii64,4,3,-1
qemu_chr_fe_write_all,5,2,-3
g_strndup,7,3,-4
xbzrle_cache_miss_prev,1,1,0
acct_info,1,2,1
iterations_prev,1,1,0
coming,5,5,0
paired,3,2,-1
fdinfo,1,1,0
monitor_fdset_add_fd,1,1,0
addfdinfo,1,1,0
memory_backend,5,3,-2
usercreatable,4,3,-1
ucc,3,3,0
pthread_mutex_init,2,1,-1
atomic_dec,1,4,3
qemu_fdt_add_subnode,4,2,-2
virtboardinfo,3,2,-1
memmap,6,2,-4
qemu_fdt_setprop_string,4,1,-3
irq_level,1,2,1
fdt_add_gic_node,1,1,0
ecam,1,1,0
sysbus_mmio_get_region,11,2,-9
1:1,1,1,0
nodename,7,1,-6
endian,12,10,-2
create_gic,2,1,-1
config_pci_generic,1,1,0
vbi,8,3,-5
qemu_fdt_setprop_cells,3,2,-1
gic_fdt_irq_flags_level_hi,1,2,1
qemu_fdt_setprop_cell,3,1,-2
gic_fdt_irq_type_spi,1,1,0
irqmap,4,1,-3
type_gpex_host,1,1,0
qemu_fdt_setprop,5,3,-2
qemu_align_down,13,4,-9
0x3f000000,2,1,-1
qemu_fdt_setprop_sized_cells,2,1,-1
gpex_num_irqs,1,1,0
legal,4,2,-2
softfloat,1,1,0
`,2,5,3
paragraphs,2,1,-1
2a,1,2,1
arithmetic,6,2,-4
responsibility,4,1,-3
web,1,1,0
effort,1,1,0
incur,1,1,0
routine,6,6,0
institute,8,2,-6
problems,7,7,0
floating-point,4,1,-3
john,1,1,0
furthermore,4,2,-2
four,6,4,-2
a0,7,2,-5
bdrv_set_dirty_bitmap,1,1,0
hbitmap_set,3,1,-2
bdrv_set_dirty,2,4,2
cur_sector,1,2,1
hbitmap_reset,1,1,0
bdrv_reset_dirty_bitmap,1,1,0
tcg_gen_shr_i32,2,1,-1
xtensa_option_windowed_register,2,2,0
gen_advance_ccount_cond,1,1,0
xtensa_option_enabled,5,1,-4
reset_used_window,1,1,0
ws,2,2,0
tcg_gen_deposit_i32,1,1,0
tcg_gen_andi_i32,10,4,-6
gen_advance_ccount,3,1,-2
noreturn,1,1,0
gen_helper_window_check,2,1,-1
used_window,1,1,0
out_aio_context,2,1,-1
block_op_type_internal_snapshot_delete,2,1,-1
drive_get,6,1,-5
overfilling,1,1,0
ide_drive_get,1,1,0
drive_get_max_bus,1,1,0
n_buses,1,1,0
prematurely,2,1,-1
if_count,1,1,0
max_devs,3,1,-2
n.,1,2,1
driveinfo*,1,1,0
blockinterfacetype,3,1,-2
highest_bus,1,1,0
num_real_buses,1,1,0
if_max_devs,2,1,-1
max_ide_devs,2,1,-1
drive_get_max_devs,1,1,0
userdefunionbase,1,1,0
testdata,4,3,-1
validate_test_init,3,1,-2
string1,2,2,0
string2,2,1,-1
userdefa,1,1,0
test_validate_fail_union_flat_no_discrim,1,1,0
ordereddict,14,9,-5
value3,1,1,0
validate_test_add,1,1,0
sigaddset,3,9,6
sighup,2,1,-1
ide_state,2,3,1
0x80,2,1,-1
shadow,2,2,0
drq,2,3,1
res_fis,1,1,0
0x08,2,1,-1
wait_object_0,4,1,-3
msi_present,3,2,-1
spapr_msi_setmsg,2,2,0
msix_present,3,2,-1
extent_file,2,1,-1
vbe_index,1,1,0
closest,1,1,0
string_output_get_string,2,2,0
string_input_visitor_new,1,2,1
sov,1,4,3
fetches,5,1,-4
nevents,1,1,0
event_max,1,1,0
iocb,5,2,-3
qemu_laiocb,2,1,-1
invokes,2,2,0
new_context,4,3,-1
qemu_laio_completion_cb,1,2,1
max_events,1,1,0
io_event,1,1,0
completions,3,4,1
bsel,4,2,-2
aio_type,2,2,0
open_flags,25,11,-14
bdrv_o_nocache,10,4,-6
qemu_aio_write,2,1,-1
o_direct,8,3,-5
fprintf_function,11,6,-5
kvm_s390_vm_mem_clr_cmma,1,1,0
kvm_s390_check_clear_cmma,1,1,0
kvm_s390_vm_mem_enable_cmma,1,1,0
kvm_cap_vm_attributes,2,1,-1
kvm_s390_enable_cmma,2,1,-1
kvm_s390_vm_mem_ctrl,2,1,-1
kvm_has_device_attr,3,2,-1
kvm_s390_check_enable_cmma,1,1,0
current_data,1,2,1
current_buf,1,3,2
bytes_sent,6,3,-3
save_xbzrle_page,1,1,0
cache_insert,1,3,2
xbzrle_cache_miss,1,1,0
prev_cached_page,1,1,0
get_cached_data,1,1,0
eth_alen,1,3,2
math,2,2,0
collecting,2,1,-1
moving,5,1,-4
partially,5,4,-1
continuous,2,1,-1
1st,6,2,-4
peek,6,2,-4
underlying,5,4,-1
trashed,1,1,0
have_tb_lock,1,1,0
spin_unlock,4,1,-3
128,8,5,-3
gb,8,5,-3
pb,3,4,1
macro,7,4,-3
cast,6,4,-2
unchecked,1,1,0
kvm_get_dirty_log,1,1,0
timeval,10,3,-7
tv_usec,10,2,-8
qemu_can_send_packet,5,2,-3
farg,3,1,-2
float64_is_infinity,2,1,-1
fpscr,14,5,-9
powerpc_excp_fp_vxsnan,5,1,-4
fp_status,13,7,-6
float_exception_flags,3,1,-2
fload_invalid_op_excp,2,1,-1
float_round_nearest_even,2,1,-1
inexact,1,2,1
float64_is_quiet_nan,4,1,-3
ppc_float_ext,3,1,-2
powerpc_excp_fp_vxcvi,1,1,0
int32_min,3,5,2
wakes,1,2,1
is_xfs,3,1,-2
fl,7,1,-6
xfsctl,1,1,0
xfs_write_zeroes,1,1,0
has_write_zeroes,1,1,0
rawposixaiodata,2,1,-1
blkzeroout,2,1,-1
aio_fildes,5,1,-4
qemu_aio_blkdev,1,1,0
aio_offset,2,1,-1
imgfmt_generic,2,3,1
format_name,19,6,-13
bdrv_is_whitelisted,1,1,0
bdrv_find_whitelisted_format,1,4,3
dh,2,2,0
setup_index,2,3,1
iops_wr,1,2,1
iops_wr_max,1,1,0
qemu_opt_rename,2,1,-1
throttle_ops_read,2,3,1
throttle_ops_write,2,3,1
throttle_bps_write,1,3,2
bps_wr,1,2,1
throttle_ops_total,2,3,1
all_opts,3,1,-2
iops_rd,1,2,1
iops_rd_max,1,1,0
ldst,1,4,3
htonl,9,6,-3
wait_for_aio,1,1,0
dummy,22,7,-15
wolf,2,3,1
0*/,1,1,0
drdy,2,1,-1
qtest_quit,9,2,-7
cmd_identify,1,1,0
df,12,6,-6
ide_test_quit,1,1,0
tmp_path,7,4,-3
test_image_size,2,1,-1
reg_device,1,1,0
kevin,3,3,0
reg_command,1,1,0
cmdline_fmt,2,1,-1
ide_test_start,1,1,0
new_entry,3,2,-1
kvmmsiroute,1,1,0
kvm_irq_routing_entry,4,2,-2
kroute,5,2,-3
physmap,2,1,-1
reg_entry,2,2,0
moxiecpu,1,1,0
criscpu,3,1,-2
openrisc_cpu,1,1,0
cris_cpu,2,1,-1
microblazecpu,3,1,-2
superhcpu,2,1,-1
mips_cpu,3,1,-2
cpu_reset,5,3,-2
lm32cpu,1,1,0
superh_cpu,1,1,0
g_debug,2,3,1
g_string_append_printf,4,4,0
g_string_append,1,3,2
backing_filename,4,2,-2
qincref,7,2,-5
dictionary,9,3,-6
bdrv_file_open,7,4,-3
transferred,12,3,-9
csr,1,3,2
fprintf_fn,2,1,-1
qemu_get_fd,2,1,-1
yield_until_fd_readable,1,1,0
clobbers,2,2,0
qemu_in_coroutine,5,3,-2
protocols,5,3,-2
read_data,4,3,-1
fw_cfg_add_bytes,5,2,-3
fw_cfg_write_channel,1,2,1
fw_cfg_max_entry,1,2,1
callback_opaque,2,2,0
fw_cfg_add_file,7,6,-1
log_filepath,1,2,1
find_desc_by_name,1,1,0
cpu_physical_memory_rw,4,4,0
0/1,2,1,-1
from/to,1,3,2
req-,2,2,0
truncated,4,4,0
epchar,2,4,2
xtensa_option_exception,2,3,1
xtensa_option_mmu,3,1,-2
itlbcfg,1,1,0
ccount,1,2,1
xtensa_option_high_priority_interrupt,1,1,0
xtensa_option_cacheattr,1,1,0
xtensa_option_extended_l32r,1,1,0
xtensa_option_relocatable_vector,1,1,0
rasid,1,1,0
cacheattr,1,1,0
intenable,1,1,0
eps2,1,1,0
xtensa_option_conditional_store,1,1,0
dbreakc,1,1,0
ptevaddr,1,1,0
ibreaka,2,1,-1
dbreaka,1,1,0
xtensa_option_boolean,1,2,1
xtensa_option_all,1,2,1
dtlbcfg,1,1,0
xtensa_option_mac16,1,1,0
ibreakenable,2,1,-1
xtensa_option_timer_interrupt,1,1,0
xtensa_option_coprocessor,1,1,0
xtensa_option_thread_pointer,1,1,0
vecbase,2,3,1
xtensa_reg_bits,1,2,1
bdrv_co_is_allocated_above,1,1,0
ratelimit_calculate_delay,3,3,0
mirrorsyncmode,1,2,1
should_complete,3,2,-1
ratelimit,2,1,-1
mirroring,1,2,1
job_type,4,3,-1
mirrorblockjob,4,3,-1
populating,1,1,0
submitted,6,6,0
mirror_run,1,2,1
ns,33,8,-25
qemu_aio_flush,6,1,-5
streaming,5,3,-2
disks,2,1,-1
qlist_empty,18,4,-14
2012,14,5,-9
mirror_populate,1,1,0
bdrv_set_enable_write_cache,1,1,0
mirror_iteration,1,2,1
ratelimit_set_speed,2,2,0
synced,2,2,0
set_speed,2,3,1
slice_time,4,2,-2
mirror_sync_mode_full,1,2,1
bdrv_drain_all,9,4,-5
trace_mirror_before_sleep,1,1,0
set_system_memory_map,1,1,0
fr,7,1,-6
old_view,2,1,-1
ranges,13,5,-8
new_view,1,1,0
spapr_hypercall,1,1,0
usb_endpoint_xfer_isoc,1,3,2
precise,2,2,0
qemu_sglist_init,6,1,-5
monitor_fprintf,1,2,1
x1,3,4,1
x4,1,2,1
sector_count,4,4,0
qcow2_check_refcounts,4,1,-3
dma_memory_read,1,1,0
uint,4,2,-2
dmacontext,1,3,2
_s,1,1,0
dma_memory_write,1,1,0
access_len,2,1,-1
dma_direction_from_device,4,3,-1
uw,1,1,0
_l,1,2,1
g_test_rand_int_range,1,3,2
floppy_base,1,1,0
reopen_fd_to_null,1,1,0
stderr_fileno,1,2,1
stdin_fileno,1,3,2
qerr_duplicate_id,1,1,0
qemu_global_opts,1,1,0
fail_if_exists,1,1,0
scsi_req_build_sense,4,1,-3
get_event_status_notification,2,1,-1
inquiry,7,1,-6
scsireqops,5,1,-4
attention,5,1,-4
unit_attention,5,2,-3
triggering,1,2,1
request_sense,4,1,-3
check_condition,7,3,-4
scsirequest,7,8,1
get_configuration,2,2,0
scsi_req_alloc,3,2,-1
hba_private,5,2,-3
report_luns,2,2,0
send_command,6,1,-5
synchronization,7,4,-3
nbd_wr_sync,1,1,0
recv_coroutine,3,3,0
socket_set_nonblock,1,2,1
nbd_receive_request,1,2,1
write_sync,4,1,-3
writable,14,4,-10
eagain,28,11,-17
anymore,6,5,-1
stick,3,1,-2
is_dirty,3,1,-2
tmr,4,3,-1
overflow_time,1,2,1
acpiregs,3,1,-2
ar,13,5,-8
unconfigured,3,1,-2
devicerequest,1,1,0
bmattributes,2,2,0
bconfigurationvalue,1,3,2
confs,1,1,0
helper_raise_exception_err,1,3,2
gen_update_nip,1,3,2
powerpc_excp_program,1,4,3
tlbncfg,1,1,0
tlbncfg_avail,1,1,0
mas1_valid,1,2,1
mas1_tsize_shift,1,2,1
mas1_tsize_mask,1,1,0
bdrv_aio_bh_cb,1,2,1
cm,11,3,-8
gic_target,2,1,-1
1023,1,1,0
gic_test_trigger,2,1,-1
gic_test_level,2,1,-1
acknowledge,4,1,-3
gic_test_enabled,4,1,-3
gic_set_pending,3,1,-2
cap_fsetid,1,1,0
fsdev,9,4,-5
cap_chown,1,1,0
virtfs,5,2,-3
in_iovec,1,1,0
atoi,10,7,-3
read_request,1,1,0
marshal,2,1,-1
do_cap_set,1,1,0
tools,16,4,-12
option_index,1,2,1
cap_list,3,1,-2
cap_mknod,1,1,0
cap_dac_override,1,1,0
cap_fowner,1,1,0
prog,1,1,0
no_argument,4,3,-1
aname,1,1,0
v9stat,4,1,-3
iounit,1,1,0
mtime,1,1,0
st_uid,4,2,-2
st_result_mask,1,2,1
request_mask,1,1,0
dfid,1,1,0
max_count,1,2,1
v9stat_dotl,1,2,1
st_gid,4,2,-2
qemu_devtree_setprop,1,1,0
node_path,2,2,0
failed_shutdown,2,2,0
rados_shutdown,1,1,0
failed_open,2,1,-1
rlimit_as,2,1,-1
mcache_max_size,1,1,0
mapcache,4,2,-2
observed,5,1,-4
rlim_max,1,1,0
max_mcache_size,1,1,0
get_user,1,1,0
arg8,1,1,0
arg7,1,1,0
sigbus,3,5,2
cpu_get_clock,4,3,-1
badly,1,2,1
adaptive,1,2,1
o_async,2,1,-1
sigismember,2,4,2
qemu_alarm_pending,1,1,0
qemu_event_increment,2,1,-1
do_vm_stop,1,1,0
sig_ipi,3,3,0
sigio,2,2,0
fcntl,13,9,-4
io_thread,1,1,0
qemu_event_init,5,1,-4
kvm_init_vcpu,3,1,-2
f_setfl,5,7,2
sigalrm,3,3,0
cpu_get_icount,3,1,-2
cpu_exit,7,2,-5
qemu_signal_init,2,1,-1
_env,3,1,-2
smp_cores,8,1,-7
qemu_notify_event,18,4,-14
sigdelset,3,4,1
bug_on,2,3,1
__sock,1,1,0
qmpconnecterror,1,1,0
has_key,9,3,-6
negotiate,5,1,-4
__json_read,1,1,0
methods,4,3,-1
listens,1,1,0
grlib_apbuart_unknown_register,1,1,0
scaler,1,1,0
trace_grlib_gptimer_readl,1,1,0
trace_grlib_irqmp_unknown_register,1,1,0
trace_grlib_apbuart_unknown_register,1,1,0
timers,31,4,-27
produced,1,1,0
avail_out,2,2,0
deflate,1,2,1
total_out,1,1,0
removing,5,7,2
bdrv_detach,2,2,0
drive_get_by_blockdev,5,3,-2
qtailq_remove,20,11,-9
drive_uninit,1,2,1
pointing,5,2,-3
prop_type_drive,1,2,1
qdev_get_prop_ptr,14,5,-9
finding,3,2,-1
vfp,17,4,-13
target_bits,2,1,-1
9,10,4,-6
11,5,2,-3
13,2,2,0
make_float64,4,1,-3
tx_bh,3,2,-1
virtio_queue_set_notification,1,2,1
virtio_net_handle_tx_bh,1,1,0
tx_vq,1,1,0
tx_timer,1,3,2
virtio_net_handle_tx_timer,1,1,0
define_prop_string,8,1,-7
tx_waiting,4,2,-2
preallocate,2,1,-1
qcow2_alloc_cluster_link_l2,3,1,-2
blockdriveraiocb,16,8,-8
bdrv_o_no_flush,2,4,2
controls,3,2,-1
bdrv_o_cache_wb,7,5,-2
qemu_version,6,1,-5
buf_new,1,3,2
buf_old,1,3,2
bmdma,2,1,-1
pciidestate,2,1,-1
recursion,3,1,-2
refcount_block_offset,3,1,-2
came,2,1,-1
refcount_shift,2,2,0
cluster_index,2,4,2
inconsistent,5,5,0
arrive,6,1,-5
fail_block,1,1,0
consider,12,4,-8
loads,8,4,-4
accurate,3,4,1
prid32,5,5,0
recurse,5,3,-2
somewhere,4,2,-2
qemu_warn_unused_result,1,1,0
tmp3,2,1,-1
tmp1,4,1,-3
tmp4,2,2,0
dead_tmp,6,3,-3
tmp5,1,2,1
trap_state,1,1,0
tpc,1,2,1
npc,6,3,-3
asi,3,3,0
intno,7,5,-2
maxtl_mask,1,1,0
ps_priv,1,3,2
ps_red,1,1,0
ps_pef,1,2,1
maxtl,2,1,-1
tsptr,1,1,0
tcg_gen_addi_ptr,3,1,-2
cpu_tsptr,2,1,-1
tcg_gen_ext_i32_tl,1,1,0
ldub_code,3,1,-2
target_nr_rt_sigreturn,2,1,-1
force_sig,1,2,1
target_ucontext,2,1,-1
uc_sigmask,3,2,-1
target_siginfo,2,1,-1
cp0_epc,1,2,1
target_enosys,1,1,0
sas_ss_flags,2,1,-1
restore_sigcontext,3,2,-1
uc_link,1,2,1
lock_user_struct,4,3,-1
sigframe,1,1,0
get_sp_from_cpustate,1,1,0
_sa_handler,3,1,-2
syscall,17,10,-7
ss_flags,1,2,1
target_sigcontext,6,2,-4
a2,18,4,-14
29,2,3,1
copy_siginfo_to_user,1,1,0
ka,3,2,-1
target_rt_sigframe,1,2,1
sigreturn,4,2,-2
siginfo,1,4,3
do_sigaltstack,1,1,0
ss_sp,2,2,0
ucontext,2,3,1
target_sigaltstack_used,1,1,0
trampoline,1,1,0
setup_sigcontext,1,1,0
ss_size,2,2,0
uc_stack,1,2,1
uc_flags,1,1,0
uc_mcontext,1,2,1
'n1,3,1,-2
buf1,3,3,0
is_allocated_sectors,1,1,0
hdev_create,1,1,0
out_baseimg,10,2,-8
bdrv_create,5,2,-3
out_fmt,5,2,-3
bdrv_is_allocated,11,5,-6
stat_buf,1,1,0
followed,11,7,-4
bs_i,7,2,-5
garbage,9,1,-8
allocator,2,3,1
pflag,2,5,3
cmp_buf,2,3,1
getopt,16,6,-10
mem_offset,3,1,-2
kvm_lookup_overlapping_slot,1,1,0
kvm_set_user_memory_region,1,1,0
registering,2,2,0
suffix,17,3,-14
fits,6,1,-5
unregister,4,2,-2
fragmentation,2,2,0
illegal_lba,1,2,1
cc_o,3,2,-1
cc_s,3,2,-1
cc_src,7,2,-5
cc_a,2,2,0
cc_p,3,3,0
df_mask,3,2,-1
s_addr,10,6,-4
vm_state_size,1,3,2
bs1,11,4,-7
bdrv_snapshot_find,3,2,-1
qemusnapshotinfo,3,2,-1
the_end,2,3,1
addr_reg,2,2,0
tcg_out_arith,1,2,1
arith_and,1,2,1
arith_add,1,1,0
tcg_type_i32,11,1,-10
tcg_out_movi,2,3,1
tcg_reg_i5,1,1,0
thumb,22,7,-15
rem,1,2,1
gnutls,2,1,-1
gnutls_dig_sha1,1,2,1
algorithms,4,1,-3
qcrypto_hash_alg_map,2,1,-1
digest,3,2,-1
berrange,2,2,0
daniel,1,1,0
gnutls_hash,1,1,0
resultlen,2,1,-1
libs_softmmu,5,1,-4
qcrypto_hash_bytesv,1,1,0
algorithm,5,4,-1
s3,1,1,0
keeping,1,2,1
faulted,2,1,-1
lookup,14,3,-11
qemu_clock_get_ms,10,2,-8
atomic_xchg__nocheck,1,1,0
sequence,20,7,-13
dd,2,2,0
e3,1,1,0
optimal,7,3,-4
picture,1,1,0
feat,5,1,-4
e1,4,2,-2
overlapped,4,1,-3
appropriate,19,5,-14
linenr,4,1,-3
do_fault,4,1,-3
address_space_ldl_le,1,1,0
ea,4,4,0
address_space_ldq_be,1,1,0
aborts,4,2,-2
axi,1,1,0
impdef,6,1,-5
address_space_ldl_be,1,1,0
s1ptw,1,2,1
spapr_has_cap,1,1,0
advertised,4,1,-3
object_class,11,3,-8
default_caps,1,1,0
supplying,2,1,-1
object_class_property_add,1,1,0
finalized,1,1,0
complain,1,2,1
job-,2,1,-1
risk,2,2,0
enter,15,5,-10
canceling,1,1,0
addr_read,5,3,-2
oi,6,2,-4
tlb_mmio,2,2,0
tlbe,3,2,-1
tcgmemopidx,3,1,-2
tlb_addr,5,1,-4
tlb_notdirty,1,2,1
luns,5,2,-3
sdev,10,4,-6
qcode,6,1,-5
key_value_kind_qcode,1,1,0
qkeycode,2,1,-1
key_value_kind_number,1,1,0
do_subchannel_work,2,1,-1
reflect,6,2,-4
scsw,5,1,-4
curr_status,6,1,-5
driver_data,1,1,0
orb,4,2,-2
s390_ccw_device_get_class,1,1,0
inaccessible,1,2,1
cdc,1,1,0
sch_handle_start_func_passthrough,1,1,0
s390_ccw_cmd_request,1,1,0
do_subchannel_work_virtual,1,1,0
do_subchannel_work_passthrough,1,1,0
subchdev,6,3,-3
s390ccwdeviceclass,1,1,0
type_spapr_machine,1,3,2
type_spapr_pci_host_bridge,2,1,-1
gsource,14,4,-10
g_io_out,23,5,-18
b0,1,1,0
fin,4,2,-2
vmdesc,2,2,0
qjson,10,2,-8
qemu_unregister_reset,7,1,-6
icp_reset,1,1,0
bdrv_request_max_sectors,9,4,-5
host_cpudef,2,1,-1
x86_cpu_load_def,3,1,-2
cpuid_vendor_sz,1,1,0
cpu_x86_fill_model_id,1,1,0
x86cpudefinition,2,1,-1
object_class_get_name,18,2,-16
bdrvvvfatstate,2,2,0
bdrv_block_offset_valid,11,3,-8
_filter_qemu_img_map,3,2,-1
unlinkat,1,3,2
mapped-file,1,1,0
contained,3,4,1
err_out,9,11,2
icr,2,2,0
expects,12,5,-7
eglnativedisplaytype,1,1,0
reports,6,2,-4
moment,6,6,0
align_offset,3,3,0
end_offset,2,3,1
start_of_cluster,2,3,1
diagnosed,1,1,0
qapi_free_userdefoptions,1,1,0
userdef,3,2,-1
visit_check_list,1,3,2
mostly,5,3,-2
visits,5,1,-4
visit_type_userdefoptions,1,1,0
remain,7,7,0
unvisited,2,2,0
scalar,2,6,4
caution,1,1,0
-drive,2,1,-1
matter,10,5,-5
host_port,3,4,1
inet,10,4,-6
inet6_addrstrlen,1,1,0
arm_dc_feature,9,2,-7
utf8_out,1,1,0
json_in,1,1,0
gstr,1,1,0
test_cases,6,2,-4
json_out,1,1,0
st_rdev,4,2,-2
primary_list,1,2,1
secondary_list,2,2,0
g_queue_free,1,2,1
connect_to_sdog,2,2,0
wpos,1,1,0
replay_put_event,8,1,-7
replay_finish_event,6,1,-5
recorded,3,1,-2
replay_account_executed_instructions,3,1,-2
replay_mode_record,8,1,-7
specifications,1,1,0
russian,8,1,-7
replay_get_qword,3,1,-2
replaying,2,1,-1
replay_put_qword,3,1,-2
academy,8,1,-7
sciences,8,1,-7
replay_mode_play,9,1,-8
recording,5,2,-3
run_in,1,1,0
replay_put_dword,4,1,-3
replay_next_event_is,4,1,-3
replay_save_instructions,5,1,-4
replay_get_dword,4,1,-3
replay_mutex_unlock,7,1,-6
replay_mutex_lock,7,1,-6
device_get_class,9,1,-8
only_migratable,1,2,1
unmigratable,5,2,-3
check_migratable,1,1,0
scr_rw,2,1,-1
finally,7,2,-5
turning,1,2,1
powered,1,1,0
async_run_on_cpu,4,2,-2
arm_cpu,14,3,-11
cpu_set_pc,1,1,0
target_cpu,6,1,-5
hcr_el2,2,3,1
target_el,2,2,0
cpsr_write,3,2,-1
powered_off,1,1,0
scr_ns,2,1,-1
excp_hlt,5,8,3
xregs,11,4,-7
run_on_cpu_host_ptr,2,5,3
arm_feature_el3,7,1,-6
scr_el3,6,1,-5
host_ptr,3,4,1
run_on_cpu_data,8,4,-4
hcr_rw,2,1,-1
bump,3,2,-1
qemu_global_mutex,7,3,-4
global_locking,1,1,0
qemu_mutex_trylock,1,2,1
qemu_in_vcpu_thread,2,2,0
qemu_cond_broadcast,3,2,-1
cpu_dump_statistics,1,1,0
monitor_disas,1,1,0
cpu_dump_state,4,1,-3
dt,5,3,-2
delayed_branch,1,1,0
supress,2,1,-1
dividing,1,1,0
tcg_const_tl,2,5,3
2011-2012,1,1,0
def_helper_flags_3,5,3,-2
32bit,8,3,-5
gmail.com,4,3,-1
pitch,3,4,1
cirrus_blt_width,1,6,5
size_max,7,5,-2
bdrv_request_max_bytes,5,2,-3
rows,2,1,-1
src_width,1,1,0
suspend,11,2,-9
0xfe,1,1,0
rtcstate,4,2,-2
ppc_virtual_hypervisor_get_class,2,1,-1
interfaceclass,2,3,1
ppcvirtualhypervisorclass,2,1,-1
emulate_spapr_hypercall,1,1,0
type_interface,5,2,-3
ppcvirtualhypervisor,2,1,-1
cpu_ppc_hypercall,1,1,0
vhc,3,1,-2
growth,1,1,0
max_ns,1,2,1
adjustment,2,1,-1
introduction,1,1,0
spapr_ovec_set,1,1,0
extends,1,1,0
interact,2,1,-1
migrating,4,4,0
dealt,2,2,0
ov_maxbits,1,1,0
availability,4,1,-3
encode,5,1,-4
command-line,3,3,0
appropriately,5,2,-3
breaks,3,2,-1
experienced,1,1,0
qapi_event_send_device_tray_moved,1,1,0
eject_flag,1,2,1
tray,4,2,-2
vmstate,11,3,-8
qemu_del_vm_change_state_handler,3,3,0
fw_file_name,1,2,1
chip,8,5,-3
qemu_uuid_set,3,1,-2
pnv,2,2,0
fw_filename,1,1,0
qemu_uuid_unparse_strdup,1,1,0
affinity,1,2,1
machine_class,10,2,-8
powernv_machine,1,1,0
qemu_uuid,4,1,-3
pnvmachinestate,1,1,0
chip_id,1,3,2
memory_region_allocate_system_memory,3,2,-1
default_boot_order,1,2,1
powernv,2,2,0
config_powernv,2,2,0
qemu_devices_reset,2,2,0
default_ram_size,3,1,-2
end_prop,1,1,0
start_prop,1,1,0
no_parallel,1,1,0
block_default_type,3,1,-2
spapr_get_cpu_core_type,3,1,-2
core_type,2,1,-1
ppc_cpu_lookup_alias,1,1,0
realmodel,1,1,0
model_pieces,4,1,-3
sigp_cc_busy,1,1,0
qemu_sigp_mutex,1,1,0
qtest_add_data_func_full,2,1,-1
test_pc_with_cpu_add,1,1,0
test_pc_without_cpu_add,1,1,0
test_data_free,2,1,-1
pc_basic_device_init,1,1,0
lpc_dev,1,1,0
rtc_state,2,1,-1
isa_bus_irqs,1,2,1
gsi_num_pins,1,2,1
no_floppy,1,1,0
pc_register_ferr_irq,1,1,0
ich9_gpio_gsi,1,1,0
qdev_connect_gpio_out_named,3,1,-2
libvirt,1,3,2
configure_accelerator,1,1,0
waits,2,3,1
out_nofid,1,2,1
out_err,4,2,-2
flushed_gen,2,1,-1
current_gen,1,1,0
active_flush_req,2,1,-1
unattached_count,1,1,0
iov_cnt,4,3,-1
virq,8,3,-5
x86_iommu_iec_register_notifier,2,1,-1
msirouteentry,1,1,0
msi_route_list,1,1,0
msi_get_message,1,2,1
x86_iommu_get_default,2,1,-1
io_memory,1,1,0
min_non_zero,11,2,-9
bdrv_driver_preadv,1,1,0
zeroing,5,1,-4
qemu_iovec_memset,4,4,0
total_bytes,1,1,0
vhost-user,3,1,-2
atexit,4,5,1
glist,4,3,-1
gcomparefunc,2,2,0
g_queue_foreach,2,3,1
sigset_t_size,1,1,0
headers,17,5,-12
debug_regions,1,1,0
qguestallocator,8,2,-6
vqpci,3,4,1
qvirtiobus,2,3,1
qvirtqueue,3,3,0
guest_free,4,2,-2
qvirtqueuepci,3,1,-2
vhostops,4,3,-1
__m256i,1,1,0
istcp,2,1,-1
combined,6,4,-2
totally,1,1,0
series,2,1,-1
eat,2,2,0
migrate_fd_error,2,5,3
migration_status_failed,2,2,0
rdmacontext,2,2,0
percentage,1,1,0
trace_migrate_fd_error,1,1,0
touch,12,5,-7
resetting,1,2,1
resumed,5,4,-1
qemu_co_queue_run_restart,1,2,1
bdrv_co_drain,1,1,0
yields,4,1,-3
event_vq,2,2,0
cmd_vqs,2,2,0
virtio_scsi_push_event,1,2,1
virtioscsireq,5,4,-1
non-qom,1,1,0
virtio_scsi_dataplane_start,1,1,0
ctrl_vq,3,1,-2
dataplane_fenced,1,2,1
qerr_qga_command_failed,1,1,0
wpass,1,1,0
g_utf8_to_utf16,1,1,0
rawpasswddata,3,1,-2
acpi_data_push,8,1,-7
linker,21,3,-18
build_header,5,1,-4
nvdimmnfitheader,2,2,0
loadvm,3,2,-1
tcp_chr_connect,2,2,0
qio_channel_socket,1,1,0
tcp_chr_disconnect,4,2,-2
object_resolve_path_component,6,2,-4
is_telnet,3,1,-2
object_ref,8,5,-3
do_telnetopt,1,1,0
sockaddr_to_str,1,1,0
tioc,1,2,1
type_qcrypto_tls_creds,4,3,-1
qcrypto_tls_creds_endpoint_client,2,1,-1
creds,8,6,-2
qcryptotlscreds,5,2,-3
qcrypto_tls_creds_endpoint_server,2,2,0
is_listen,3,1,-2
tcp_chr_telnet_init,1,1,0
fw_cfg_arch_local,1,2,1
host-endian,1,1,0
representation,5,4,-1
fw_cfg_entry_mask,2,2,0
cur_offset,2,3,1
fw_cfg_read,1,3,2
cur_entry,2,3,1
fwcfgentry,3,2,-1
interpretation,2,1,-1
fw_cfg_invalid,1,2,1
resume_drive,2,1,-1
qemu_iovec_from_buf,6,2,-4
aioreq,1,2,1
replay_data_kind,8,1,-7
protecting,1,1,0
replay_has_unread_data,2,1,-1
protects,7,1,-6
vhost_f_log_all,2,1,-1
vhost_user_protocol_f_log_shmfd,2,1,-1
vhost_user_f_protocol_features,3,1,-2
vhost,13,2,-11
qlist_head_initializer,6,3,-3
g_file_get_contents,1,3,2
xen_enabled,17,4,-13
code_gen_buffer_max_size,2,1,-1
fixup,1,3,2
hidden,3,2,-1
tcg_max_op_size,1,1,0
nb_tbs,1,1,0
code_gen_ptr,3,1,-2
couple,4,1,-3
significantly,1,1,0
opc_buf_size,1,2,1
code_gen_buffer,5,1,-4
wild,1,1,0
arbitrary,7,1,-6
highwater,1,1,0
expand,6,2,-4
tcg_gen_code,1,1,0
gen_intermediate_code,3,1,-2
code_gen_highwater,2,1,-1
water,1,1,0
getpid,12,6,-6
tmpfs,3,1,-2
ssibus,1,1,0
omap_mpu_state_s,1,1,0
ssp,5,2,-3
ethernet,7,2,-5
memory_region_unref,8,5,-3
orig,7,1,-6
memory_region_ref,2,3,1
destructor,5,1,-4
ncs,5,2,-3
qemu_get_subqueue,3,1,-2
pow2ceil,4,1,-3
qemu_fls,2,1,-1
bar_size,2,1,-1
mainloop,1,2,1
vhostforce,1,1,0
query_guest_notifiers,1,1,0
backend_type,4,1,-3
get_vhost_net,1,1,0
vhostnetstate,1,1,0
has_vhostforce,1,1,0
virtio_bus_get_class,2,2,0
virtiobusstate,1,2,1
virtio_bus,1,1,0
vbus,1,1,0
virtiobusclass,2,2,0
bcnt,2,2,0
xmit_pos,2,3,1
txdone,1,2,1
doubleword,1,2,1
te,2,2,0
gen_aa32_ld16u,1,1,0
frac,1,3,2
xpand,6,3,-3
descriptions,3,2,-1
tee,1,1,0
_generate_enum_string,1,2,1
base_fields,3,2,-1
find_union,1,2,1
find_base_fields,1,1,0
myunion,2,1,-1
qapi_type,1,1,0
find_enum,2,2,0
find_anonymous_member_qtype,1,1,0
find_struct,4,2,-2
builtin_types,3,2,-1
qtype_qnull,3,2,-1
blk_zero,2,1,-1
bdrv_get_block_status,9,1,-8
buf_sectors,1,1,0
convert_read,1,1,0
told,1,2,1
blk_backing_file,1,1,0
chain,18,7,-11
non-zero,10,8,-2
initialisation,1,2,1
min_sparse,1,1,0
efficiently,3,1,-2
src_cur_offset,2,1,-1
bdses,1,1,0
src_num,1,1,0
src_cur,2,1,-1
bs_sectors,2,1,-1
needlessly,1,1,0
blk_data,2,1,-1
blockbackend,40,8,-32
sparse,7,1,-6
respective,2,1,-1
adadbde6904807de2e990c0af839ad0cc977806,1,1,0
tcg_gen_shli_i64,1,3,2
tcg_gen_add_i64,3,3,0
tcg_gen_ext_i32_i64,1,2,1
tcg_gen_sari_i64,1,2,1
def_helper_5,1,1,0
tcg_gen_trunc_i64_i32,3,1,-2
tcg_gen_or_i64,1,2,1
flip,2,2,0
pcnetstate,3,1,-2
retcode,1,4,3
active_timers_lock,2,1,-1
timer_del_locked,1,1,0
timerlist,1,1,0
*ts,1,1,0
maxcycles,1,1,0
duration,3,2,-1
vfio_int_intx,1,1,0
block_op_type_commit_target,2,1,-1
block_op_type_commit,3,1,-2
bdrv_op_unblock,2,1,-1
block_op_type_commit_source,1,1,0
gtk_widget_hide,1,1,0
gd_update_windowsize,1,1,0
g_warning,3,2,-1
wsr,3,1,-2
a3,9,2,-7
endif,26,11,-15
test_end,7,2,-5
isync,2,2,0
rsr,3,3,0
set_vector,1,1,0
libseccomp,5,2,-3
cmd_fis,2,1,-1
lst,2,3,1
incoming_posn,1,3,2
posn,1,3,2
pci_add_option_rom,1,3,2
balloon_stats_change_timer,1,1,0
virtioballoon,3,3,0
enqueued,2,1,-1
sense_len,1,1,0
aio_prepare,1,2,1
fileproto,1,2,1
qflags,1,3,2
2gb,2,1,-1
get_image_size,3,2,-1
whichever,1,1,0
metadata_ol_bitnr,1,2,1
ide_rw_error,1,1,0
ide_dma_error,2,1,-1
kvm_arch_remove_sw_breakpoint,1,1,0
run_state_watchdog,1,1,0
qemu_system_vmstop_request,1,4,3
qemu_system_vmstop_request_prepare,1,3,2
qemu_clock_enable,1,1,0
rtas_out_hw_error,2,1,-1
spapr_msix_max_devs,1,1,0
released,8,6,-2
g_hash_table_insert,6,2,-4
msi_table,1,1,0
bdrv_block_allocated,1,2,1
groupid,3,1,-2
vfiocontainer,7,1,-6
containers,3,1,-2
pci_device_iommu_address_space,1,2,1
vfioaddressspace,1,1,0
vfio_get_group,2,1,-1
vfiogroup,3,2,-1
msb,1,3,2
lsb,2,3,1
ctz64,5,2,-3
xbzrle_decode_buffer,1,2,1
xh_len,1,2,1
max_queues,2,2,0
tight,4,1,-3
ror32,1,1,0
rol32,1,1,0
refcount1,3,1,-2
refcount2,3,1,-2
refresh_total_sectors,2,1,-1
snappy,1,1,0
pfn,2,1,-1
hmp,7,4,-3
lzo,1,1,0
qerr_io_error,1,1,0
flag_compress,2,1,-1
dumped,2,2,0
vser,8,5,-3
virtio_serial,2,1,-1
virtio_serial_device_exit,1,1,0
virtioserial,7,2,-5
lowaddr,1,1,0
little_endian,1,1,0
qemu_chr_be_generic_open,1,2,1
surface_data,1,1,0
surface_stride,3,1,-2
qemu_console_resize,1,3,2
dpy_gfx_replace_surface,1,1,0
bpp,8,4,-4
qemu_default_pixelformat,1,1,0
qemu_console_surface,4,2,-2
invalidated,10,1,-9
stride,6,5,-1
qmp_guest_fsfreeze_thaw,1,1,0
aio_flush,1,1,0
ehci_cancel_queue,1,2,1
qtd_token_active,3,2,-1
migration_bitmap,3,6,3
ram_pages,1,2,1
macaddr,9,3,-6
run_state_internal_error,2,3,1
finite,1,1,0
rebase,6,3,-3
ancestor,2,1,-1
careful,1,4,3
iscsi_schedule_bh,1,3,2
qemu_opts_foreach,14,1,-13
cpu_get_phys_page_debug,4,2,-2
tb_invalidate_phys_addr,3,4,1
base_fmt,3,1,-2
bdrv_change_backing_file,3,2,-1
base_id,2,2,0
rerror,1,2,1
dead,7,1,-6
decr,5,2,-3
qcow2_free_any_clusters,3,1,-2
qcow_oflag_copied,11,5,-6
l2e_offset_mask,8,2,-6
hevent,1,1,0
pidstr,2,1,-1
state_dir,1,2,1
pid_filepath,1,1,0
usbbus,2,2,0
usb_packet_setup,1,4,3
usb_bus_from_device,1,1,0
qcowheader,2,3,1
qcow_magic,1,1,0
qcow2_update_header,2,2,0
backing_file_len,1,1,0
backing_fmt,7,5,-2
crypt_method_header,1,2,1
qcow_version,5,3,-2
backing_format,4,4,0
designed,2,1,-1
qcowextension,1,2,1
target_type,4,2,-2
i8259_init,3,2,-1
sysbusdev,1,1,0
isa_irq,1,1,0
sysbus_register_withprop,3,1,-2
maltastate,1,1,0
sysbusdeviceinfo,3,1,-2
nbd_cmd_flag_fua,4,1,-3
user_pie,1,1,0
scsi_read_complete,1,1,0
cmd_start_stop_unit,1,1,0
scsi_write_complete,1,3,2
qemu_co_queue_next_bh,1,1,0
bdrvnbdstate,4,2,-2
export_name,1,1,0
dregs,1,2,1
replicate,2,2,0
lanes,2,1,-1
is_user,16,4,-12
neon_store_reg,2,1,-1
nregs,1,1,0
simplest,3,3,0
wrapper,14,4,-10
sdt,4,3,-1
convenient,3,1,-2
stp,3,2,-1
have_data,1,1,0
device_id,48,2,-46
patched,6,1,-5
mingap,2,1,-1
wrap,6,6,0
front,6,2,-4
aligned_buf,4,1,-3
mcf_fec_cleanup,1,2,1
eth_cleanup,1,2,1
eth_receive,1,2,1
mcf_fec_can_receive,1,2,1
ne2000_receive,1,2,1
mipsnet_can_receive,1,2,1
ne2000_can_receive,2,2,0
mipsnet_receive,1,2,1
usbnet_can_receive,1,1,0
nic_receive,1,2,1
eth_can_receive,1,2,1
mcf_fec_receive,1,2,1
nic_can_receive,2,2,0
eth,4,2,-2
receive_iov,1,1,0
nic_cleanup,1,2,1
mipsnet_cleanup,1,2,1
can_receive,7,2,-5
full_update,1,4,3
is_buffer_shared,2,2,0
is_graphic_console,4,1,-3
qemu_free_displaysurface,2,1,-1
disp_width,1,1,0
get_depth_index,1,1,0
last_scr_width,1,2,1
list_insert_head,3,1,-2
list_remove,2,2,0
list_first,2,1,-1
retrying,1,1,0
cookie,3,5,2
list_entry,3,1,-2
read_u16,1,1,0
monitor_readline,6,1,-5
utlb,3,1,-2
sr_md,3,4,1
utlb_size,3,1,-2
itlb_size,4,2,-2
use_asid,1,1,0
overwriting,4,1,-3
pteh,1,2,1
mem_value,1,1,0
increment_urc,1,1,0
mmucr_sv,1,1,0
tlb_t,3,1,-2
mmucr,2,1,-1
vpn,4,1,-3
itlb,5,2,-3
same_tlb_entry_exists,1,1,0
do_change,2,1,-1
term_printf,9,2,-7
do_change_block,1,1,0
lo_init,1,1,0
loop_info64,1,1,0
lo_inode,1,1,0
w/o,3,2,-1
2.6.25,2,1,-1
lo_encrypt_key,1,1,0
1993,1,1,0
lo_number,2,1,-1
loop_info,1,1,0
lo_encrypt_type,2,1,-1
lo_device,2,1,-1
lo_name,1,1,0
lo_sizelimit,1,1,0
lo_offset,1,1,0
lo_rdevice,2,1,-1
lo_encrypt_key_size,2,1,-1
__u32,1,1,0
lo_crypt_name,1,1,0
lo_flags,2,1,-1
r/o,4,1,-3
extend,6,5,-1
past,6,3,-3
sector_bits,1,4,3
count1,1,3,2
fpuc,3,2,-1
force_ret,5,1,-4
msdos,1,1,0
st0,3,3,0
param1,5,1,-4
eip,14,4,-10
__line__,2,1,-1
blk_get_aio_context,15,2,-13
no_sense,2,2,0
fixed_in,2,1,-1
cover,2,3,1
acpi_enabled,2,2,0
bdrv_drain_invoke,1,1,0
excp0d_gpf,10,2,-8
cpu_ldst,2,1,-1
cmpxchg,1,1,0
tcglabel,5,2,-3
tcg_global_mem_new_i32,5,1,-4
traps,5,1,-4
memidx,4,3,-1
cpu_fpul,2,1,-1
mo_teul,2,3,1
tb_cflags,7,1,-6
cpu_pr,1,1,0
cpu_fpscr,1,1,0
mo_tesl,1,2,1
tcg_gen_qemu_st_i32,1,1,0
mechanism,14,4,-10
cf_parallel,7,1,-6
tcg_gen_qemu_ld_i32,3,1,-2
b11_8,10,2,-8
imply,5,1,-4
git_submodules,3,1,-2
s390mc,3,1,-2
s390_feat_guarded_storage,3,1,-2
gs_allowed,2,1,-1
guarded-storage,1,1,0
qio_channel_websock_connection_upgrade,1,1,0
strcasecmp,4,3,-1
write_pointer_available,1,1,0
vmgenid_properties,1,1,0
dc-,2,1,-1
vmgenid,3,2,-1
vmgenidstate,1,1,0
gregs,1,3,2
bdrv_close_all,1,1,0
visit_type_uint64,5,2,-3
mcfg,1,1,0
qnum_from_uint,1,1,0
qobject_to_qnum,1,1,0
backward,2,4,2
mishandles,1,1,0
qnum_from_int,1,1,0
qnum_get_try_int,1,1,0
qobject_output_add,1,1,0
stage,10,2,-8
qemu_file_set_error,6,2,-4
inactivate,1,1,0
qemu_savevm_state_complete_precopy,1,1,0
migrate_colo_enabled,1,1,0
bdrv_o_inactive,3,3,0
colo,10,2,-8
receiving,1,1,0
in_flight,10,3,-7
unlocked,1,2,1
man,7,1,-6
nbdclientsession,4,3,-1
nbd_coroutine_start,1,1,0
max_nbd_requests,2,4,2
semaphore,2,2,0
qga_vss_fsfreeze,1,1,0
thaw,2,1,-1
waitforsingleobject,2,3,1
qga,2,5,3
vss,1,2,1
*at,1,1,0
v9fs_path_sprintf,1,1,0
iscsi_open,1,2,1
iscsi_parse_filename,1,1,0
parse_option_size,1,1,0
tcg_gen_extu_i32_tl,4,1,-3
utimensat,1,2,1
rand,3,1,-2
cssid,9,3,-6
dev_st,1,1,0
pbt,1,1,0
s390iplstate,1,1,0
sysmem,8,1,-7
iplparameterblock,2,1,-1
cu_model,2,1,-1
load_elf_ram,1,1,0
virtio_id_net,2,2,0
s390_ipl_type_ccw,1,1,0
ssid,9,4,-5
max_cssid,3,3,0
css_find_subch,1,1,0
schid,8,2,-6
devno,5,2,-3
memory_region_find,8,2,-6
iplb,1,1,0
qerr_json_parsing,3,1,-2
se,8,6,-2
pstrcat,8,2,-6
spapr_dr_isolation_state_unisolated,4,1,-3
pre-allocated,3,1,-2
set_isolation_state,4,1,-3
set_allocation_state,4,1,-3
coldplugged,1,1,0
virtio_queue_empty,3,2,-1
tcgv_low,1,1,0
tcgv_high,1,1,0
tcg_gen_sari_i32,2,2,0
happened,4,3,-1
run_state_colo,2,1,-1
failover,1,1,0
migrate_get_current,9,2,-7
fwrite,6,3,-3
net_bufsize,1,1,0
browser,1,1,0
show_help,1,1,0
getopts,1,1,0
max_unmap,6,1,-5
max_ws_len,4,1,-3
opt_xfer_len,4,1,-3
0x1000,2,2,0
cased,1,1,0
optimisation,3,1,-2
masks,8,2,-6
custom,3,1,-2
confuse,5,1,-4
clone_nptl_flags2,1,1,0
breaking,5,2,-3
curses_keys,1,1,0
keysym,1,1,0
serialpath,1,1,0
bootpath,2,1,-1
opc3,2,3,1
extract_helper,2,1,-1
gcc_flags,9,2,-7
c11,2,1,-1
c99,4,1,-3
mirror_pause,1,1,0
attached_aio_context,1,3,2
mirror_resume,1,1,0
block_job_type_commit,1,1,0
mirror_drain,1,1,0
mirror_complete,1,1,0
iterating,3,2,-1
nbd_opt_starttls,1,1,0
nbd_rep_err_invalid,2,2,0
nbd_rep_err_unsup,1,3,2
nbd_negotiate_send_rep,1,1,0
nbd_rep_ack,2,1,-1
clientflags,2,2,0
anywhere,4,1,-3
rsi,1,1,0
dependent,11,2,-9
occurring,2,1,-1
wildcard,5,4,-1
guide,1,1,0
aligns,1,1,0
abi,4,2,-2
mov,8,1,-7
target_abi_dir,2,1,-1
'int,1,2,1
sorry,1,1,0
clashing,1,1,0
r8,2,1,-1
rbp,1,1,0
r11,1,2,1
differences,2,3,1
puc,6,2,-4
flavours,2,1,-1
cope,8,2,-6
appendix,1,2,1
patsubst,8,2,-6
signal_pending,1,2,1
rewind,1,4,3
interrupted,1,5,4
varargs,1,1,0
r9,1,2,1
jnz,2,1,-1
test_parse_path_subprocess,1,1,0
config_has_glib_subprocess_tests,1,1,0
qemu_set_log_filename,1,2,1
test_parse_invalid_path_subprocess,1,1,0
test_parse_invalid_path,1,1,0
max_smt,1,1,0
scanout_id,1,1,0
virtio_gpu_max_scanout,2,1,-1
ifneq,5,3,-2
findstring,5,1,-4
namelen,4,3,-1
nbd_negotiate_drop_sync,1,1,0
virtio_blk_handle_output,1,1,0
virtio_blk_data_plane_start,1,1,0
llend,3,1,-2
min_iova,2,1,-1
int128_sub,4,4,0
int128,6,4,-2
trace_vfio_listener_region_add_iommu,1,1,0
int128_one,3,3,0
max_iova,2,1,-1
vfio_dma_map,2,1,-1
tpm_version,1,2,1
tpm_version_unspec,1,3,2
untouched,1,2,1
harsh,1,1,0
|=,3,3,0
gdb,8,6,-2
v7,11,1,-10
v8,9,2,-7
unnecessarily,3,1,-2
igalia,2,1,-1
throttled,5,4,-1
burst_level,1,2,1
buckettype,1,2,1
determines,4,2,-2
smooth,2,2,0
nanoseconds_per_second,4,4,0
bursts,1,3,2
packet_desc_addr,2,1,-1
tx_desc_get_length,1,1,0
db_print,6,1,-5
tx_packet,1,1,0
device_list,7,5,-2
blockdriverstates,2,1,-1
polled,2,1,-1
blockdev_close_all_bdrv_states,1,1,0
tlbs,1,1,0
pte_index,1,2,1
hpte64_v_secondary,2,2,0
4kb,5,1,-4
ptex,3,2,-1
tlb_flush_mask,4,1,-3
arm_is_secure_below_el3,5,2,-3
brace_count,3,1,-2
bracket_count,3,1,-2
max_nesting,2,1,-1
block_acct_flush,1,3,2
prdt,1,3,2
ata8-acs3,1,2,1
1b,1,2,1
rev,4,4,0
32k,1,3,2
ata,2,1,-1
building,3,3,0
qtype_qint,12,2,-10
qtype_qfloat,8,1,-7
ivshmem_client_debug,1,1,0
config_fd,1,1,0
h_proto,1,2,1
pkt_get_eth_hdr,1,1,0
vlan_header,1,2,1
eth_header,2,2,0
ai_passive,1,1,0
image_size,4,6,2
mips_debug,1,1,0
forbidden,5,1,-4
isa_address_space,1,1,0
writel,4,1,-3
nocache,11,1,-10
_notrun,2,2,0
acpi_build_update,1,1,0
acpi_data_len,3,1,-2
fw_cfg_add_file_callback,1,1,0
guest_info,9,3,-6
blobs,2,1,-1
acpi_build_rsdp_file,4,1,-3
build_pci_bus_state_cleanup,2,1,-1
build_free_array,2,1,-1
bus_table,2,1,-1
pgm_trans_spec,1,1,0
accessor,1,1,0
memsuffix,1,1,0
lds,2,2,0
load/store,3,3,0
user-only,3,1,-2
_data,3,1,-2
usuffix,1,1,0
mb_info,1,1,0
txt,5,1,-4
commas,1,1,0
multiboot,3,2,-1
mbi,2,1,-1
test_main,1,1,0
peripheral,2,1,-1
find_port_by_name,1,1,0
48,1,1,0
inputsize,4,1,-3
grainsize,1,1,0
pseudocode,8,4,-4
va_size,4,1,-3
roundup,1,1,0
object_property_get,1,2,1
mo,1,1,0
string_output_get_visitor,2,2,0
graphic,1,2,1
screen,9,3,-6
define_virtio_rng_properties,1,1,0
tcg_reg_g0,1,1,0
tcg_out_arithc,1,2,1
c2,1,1,0
arm_tbflag_xscale_cpar,1,1,0
c15_cpar,1,1,0
arm_feature_xscale,1,1,0
cp0,2,1,-1
tb_flush,7,3,-4
arm_feature_iwmmxt,1,1,0
setenv,2,1,-1
sram_size,2,1,-1
sram,1,1,0
vmstate_register_ram_global,4,2,-2
ram_memories,1,1,0
ram_bases,2,1,-1
ram_sizes,2,1,-1
size_left,1,1,0
virtio_device_endian_little,2,1,-1
virtio_device_endian_unknown,1,1,0
virtio_device_endian_big,2,1,-1
nheads,1,1,0
poison,1,1,0
device_endian,2,1,-1
virtio_default_endian,1,1,0
virtio_is_big_endian,5,1,-4
generated_headers,1,4,3
unit-tests,10,2,-8
userdefoptions,1,1,0
compatgmutex,1,1,0
libqemustub,5,2,-3
struct1,1,1,0
libqemuutil,5,3,-2
userdefone,4,2,-2
2.1,11,5,-6
enumone,1,3,2
compares,3,3,0
bdrv_requests_pending,4,1,-3
bdrv_requests_pending_all,1,1,0
locations,1,2,1
aio_bh_poll,4,1,-3
virtio_scsi_pop_req,1,1,0
tm_year,5,2,-3
current_tm,1,1,0
sts,8,3,-5
int_ctl,2,1,-1
int_sts,1,1,0
cpu_,1,1,0
cpu_version,3,2,-1
cpu_powerpc_logical_2_06,1,2,1
pvr_mask,1,1,0
is206,1,1,0
terminator,2,2,0
pcr_compat_2_06,5,2,-3
cpu_powerpc_logical_2_05,1,2,1
chose,3,1,-2
h_success,5,5,0
pcr_compat_2_05,5,2,-3
is205,1,1,0
h_hardware,2,3,1
cpu_powerpc_logical_2_06_plus,1,2,1
cpu_match,1,1,0
stl_p,7,4,-3
jmp_addr,1,3,2
comm,1,1,0
silent,1,2,1
_filter_qmp,3,2,-1
qemu_comm_method,4,2,-2
eval,9,1,-8
fifo_out,1,1,0
ge,4,2,-2
qemu_cmd_repeat,1,2,1
qemu_comm_timeout,2,1,-1
gt,3,1,-2
vdi_blocks_in_image_max,1,1,0
disk_size,1,2,1
default_cluster_size,1,1,0
auto-reload,1,1,0
cache_fini,1,2,1
destroyed,3,3,0
migrate_xbzrle_cache_size,3,2,-1
new_size,6,2,-4
site,1,1,0
ide0,2,1,-1
_start,4,1,-3
ldflags_nopie,2,1,-1
unrestricted,1,2,1
s_ok,1,2,1
createevent,3,2,-1
errset,1,1,0
typeimpl,2,1,-1
type_register_internal,1,1,0
type_register,4,1,-3
virtio_net,2,1,-1
virtio_net_device_exit,1,1,0
desc_b_mask,1,1,0
reader_id,2,2,0
vsc_init,1,2,1
vscmsgheader,1,2,1
cow_co_is_allocated,1,2,1
today,3,1,-2
bdrv_co_is_allocated,4,2,-2
pnum,18,8,-10
has_blk,1,1,0
has_inc,1,1,0
n_type,2,3,1
fregs,6,1,-5
note_head_size,2,3,1
fpc,2,1,-1
elf_note_size,1,3,2
todpr,4,1,-3
aregs,3,1,-2
prstatus,1,2,1
linux.vnet.ibm.com,8,4,-4
elf64_nhdr,2,2,0
elfdata2msb,1,2,1
ckc,5,1,-4
cregs,10,1,-9
fprs,3,1,-2
writecoredumpfunction,1,2,1
n_descsz,1,2,1
n_namesz,1,3,2
nr_cpus,2,2,0
notes,5,4,-1
nf,11,5,-6
tod,1,1,0
qcow2_ol_active_l2_bitnr,1,1,0
boundaries,7,2,-5
qcow2_ol_max_bitnr,2,1,-1
ffs,9,3,-6
l1e_offset_mask,3,1,-2
l1_ofs,1,1,0
mentioned,2,1,-1
qcow2_ol_refcount_block_bitnr,1,1,0
indicating,6,3,-3
performs,8,3,-5
overlaps_with,1,1,0
qcow2_ol_inactive_l1,1,1,0
qcow2_ol_main_header_bitnr,1,1,0
qcow2_ol_active_l1_bitnr,1,1,0
qcow2_ol_inactive_l1_bitnr,1,1,0
qcow2_ol_main_header,1,1,0
qcow2_ol_snapshot_table,1,1,0
qcow2_ol_refcount_table_bitnr,1,1,0
l1_sz,2,1,-1
qcow2_ol_snapshot_table_bitnr,1,1,0
important,7,4,-3
qcow2_ol_inactive_l2_bitnr,1,1,0
qmp_output_get_qobject,7,3,-4
pcsysfwdevice,1,1,0
stringify,8,4,-4
rom_only,1,1,0
define_prop_uint8,2,1,-1
portnr,1,1,0
xhci_port_reset,1,1,0
portsc,1,4,3
addressable,3,1,-2
controlling,2,2,0
establish,2,1,-1
ifndef,4,2,-2
qemu_get_be64s,3,1,-2
multiqueue,1,1,0
-netdev,1,1,0
spr_register_kvm,5,5,0
spr_store_dump_spr,1,1,0
ppc_hash64_pte_prot,1,1,0
gen_store_spr,2,2,0
gen_load_spr,1,2,1
accessible,11,3,-8
spr_dsisr,2,1,-1
kvm_reg_ppc_amr,1,1,0
powerpc_mmu_amr,1,2,1
need_prot,2,1,-1
rwx,12,2,-10
key=,1,1,0
in_visitor_data,2,1,-1
input_visitor_test_add,2,1,-1
visitor_input_teardown,2,3,1
prod,4,4,0
cons,1,3,2
nsector,7,2,-5
shorten,4,1,-3
bm_status_dmaing,3,1,-2
next_qtd,2,3,1
nlptr_tbit,2,1,-1
altnext_qtd,2,2,0
current_qtd,2,3,1
bulk,3,1,-2
enoexec,1,1,0
blockerroraction,2,1,-1
bdrv_iostatus_is_enabled,1,1,0
bdrv_action_report,1,2,1
bdrv_iostatus_reset,1,1,0
device_little_endian,18,4,-14
mmio_size,1,1,0
mem_caps,1,1,0
mem_opreg,1,1,0
opreg,1,1,0
pre-write,1,1,0
mem_ports,1,1,0
ehci_get_state,2,1,-1
rare,2,1,-1
dbg_adv_apw,1,1,0
substr,3,2,-1
check_cp0_enabled,1,2,1
qcow2_compat_lazy_refcounts,2,1,-1
flushes,6,3,-3
qcow2_cache_set_dependency,1,1,0
qcow2_incompat_dirty,2,3,1
qcow2_cache_flush,2,1,-1
.name,1,1,0
.type,1,1,0
qcow2_mark_dirty,1,1,0
postpone,1,1,0
afterwards,6,2,-4
int8_max,2,1,-1
type_int,9,2,-7
int16_min,2,1,-1
type_uint8,1,1,0
int16_max,2,1,-1
type_int8,1,1,0
type_int32,1,1,0
uint8_max,3,1,-2
type_int16,1,1,0
type_uint32,1,1,0
type_uint16,1,1,0
int8_min,2,1,-1
nbd_reply_ready,1,1,0
qemu_aio_set_fd_handler,10,5,-5
pci_class_others,1,1,0
pci_class_memory_ram,2,1,-1
class_id,40,2,-38
class_code,1,2,1
usb_release_port,1,1,0
usb_qdev_exit,1,1,0
qemu_cond_destroy,3,1,-2
exited,5,4,-1
event_thread,1,1,0
destroy,12,1,-11
qemu_thread_join,6,4,-2
q_ptsname,1,2,1
openpty,1,1,0
ptychardriver,1,3,2
xtensa_option_icache,3,1,-2
xtensa_option_dcache,3,1,-2
xchal_dcache_ways,1,1,0
xtensa_option_icache_index_lock,1,1,0
xchal_icache_ways,1,1,0
xtensa_option_dcache_index_lock,1,1,0
mpp,3,1,-2
dma_aio_cancel,1,1,0
qemu_iovec_reset,3,4,1
bdrv_aio_cancel,6,2,-4
old_end_offset,1,1,0
old_offset,4,1,-3
old_end,2,1,-1
old_start,2,1,-1
old_alloc,2,1,-1
len2,1,1,0
ptr2,1,1,0
frindex,2,2,0
len1,1,1,0
itd_bufptr_mask,1,1,0
crosses,1,1,0
pg,5,1,-4
ptr1,1,1,0
devadr,1,1,0
usb_ret_nak,3,3,0
bufptr,2,1,-1
border,1,1,0
capable,5,3,-2
0x0f,1,1,0
duplex,1,1,0
auto,1,1,0
neg,3,1,-2
preamble,3,1,-2
phy,3,1,-2
jabber,1,1,0
remote,4,1,-3
-inf,1,1,0
division,1,1,0
raising,7,3,-4
lduw,2,2,0
ldub,3,1,-2
no_hotplug,2,3,1
palette,6,3,-3
bitmap_intersects,3,1,-2
kvm_nmi,2,1,-1
kvm_interrupt,2,1,-1
cpu_interrupt_init,3,1,-2
exits,4,2,-2
kvm_arch_process_irqchip_events,1,1,0
no_migrate,4,1,-3
savestateentry,2,4,2
savevm_handlers,1,1,0
arm_feature_vfp,3,1,-2
target_vfp_magic,1,1,0
arm_vfp_fpexc,2,2,0
regspace,2,1,-1
arm_vfp_fpinst,1,1,0
fpexc,2,1,-1
vfp_set_fpscr,2,1,-1
target_vfp_sigframe,1,1,0
ufp,1,1,0
fpinst,2,1,-1
ufp_exc,1,1,0
vfpframe,1,1,0
arm_vfp_fpinst2,1,1,0
tuc_regspace,1,1,0
fpinst2,2,1,-1
fpregs,2,1,-1
qerr_command_not_found,6,1,-5
monitor_cmd_user_only,2,1,-1
monitor_handler_ported,4,1,-3
cmd_name,6,3,-3
stmdb,1,1,0
r4,2,1,-1
r12,1,1,0
cond_al,4,1,-3
theoretically,2,1,-1
qcowl2meta,4,3,-1
qcow2_alloc_cluster_offset,1,1,0
cp0_status_rw_bitmask,2,1,-1
ccres,1,1,0
cpu_model_str,2,1,-1
tlb_in_use,1,1,0
cp0_config0,2,1,-1
synci_step,1,1,0
cp0_prid,1,1,0
mips_hflag_64,3,1,-2
mips_def_t,1,1,0
segmask,2,2,0
insn_flags,8,1,-7
isa_mips3,2,1,-1
cp0_config1,4,1,-3
pamask,1,1,0
minimal,4,2,-2
nb_tlb,4,1,-3
u_int,1,1,0
msr_list,2,2,0
1k,3,2,-1
nmsrs,5,3,-2
pci_class_display_other,2,1,-1
timer_create,1,2,1
valgrind,7,2,-5
complaining,1,1,0
gen_opc_instr_start,2,1,-1
lj,2,2,0
gen_opc_pc,2,1,-1
gen_opc_icount,2,1,-1
pattern_count,1,1,0
lflag,1,1,0
io_mem_opaque,2,1,-1
region_offset,2,1,-1
io_mem_read,2,1,-1
io_mem_write,3,1,-2
gen_helper_raise_slot_illegal_instruction,1,2,1
sr_fd,1,1,0
bs_excp,5,2,-3
check_fpu_enabled,2,1,-1
cpu_pc,3,3,0
found_devices,1,1,0
usb_fs_type,2,1,-1
fd_zero,9,2,-7
sigwait,1,1,0
compatfd,1,2,1
objs,14,3,-11
osdep,5,1,-4
qemu_signalfd,1,2,1
rdfds,4,1,-3
aio_num,3,1,-2
cpu_interrupt_exit,3,3,0
aio_idle_time,2,1,-1
aioinit,2,1,-1
kqemu_cpu_interrupt,1,2,1
aio_signal_handler,1,2,1
signum,2,2,0
aio_initialized,1,1,0
kqemu_enabled,1,2,1
aio_threads,3,1,-2
fd_set,17,3,-14
block_objs,2,3,1
aio_init,2,1,-1
qemu_savevm_state_begin,2,1,-1
save_state,1,1,0
cur_pos,1,1,0
save_live_state,2,1,-1
qemu_vm_section_part,1,1,0
qemu_vm_section_start,1,1,0
instance_id,1,1,0
qemu_savevm_state_iterate,2,1,-1
qemu_vm_section_end,1,1,0
loadstateentry,2,1,-1
qemu_put_byte,5,6,1
fpr,7,4,-3
ds1225y_t,1,1,0
nvram_read,1,1,0
8k,1,1,0
nvram_writeb,1,1,0
code_gen_max_size,2,1,-1
cpu_gen_code,2,1,-1
code_gen_size,2,1,-1
float128,2,1,-1
float128_to_float64,1,1,0
float128_sub,1,1,0
float64_to_float32,1,1,0
float64_div,2,1,-1
float64_to_int32,2,1,-1
cert,1,2,1
tls_session,1,1,0
certificates,2,4,2
gnutls_datum_t,2,1,-1
soc,7,1,-6
zynqmp,2,1,-1
xlnx,2,1,-1
cancel_path,2,1,-1
tpm_pt,5,2,-3
msr_core_perf_global_ctrl,1,1,0
kvm_msr_entry_add,4,1,-3
ver,2,1,-1
msr_core_perf_fixed_ctr_ctrl,1,1,0
pmu,6,1,-5
cpu_x86_cpuid,1,2,1
msr_core_perf_global_ovf_ctrl,1,1,0
msr_core_perf_global_status,1,1,0
saved_auxv,1,1,0
auxv,2,1,-1
auxv_len,1,1,0
info-,1,1,0
nbdclient,4,4,0
nbdstructuredreplychunk,1,2,1
encoded_buf,1,2,1
cirrus_addr_mask,2,3,1
tb_page_addr_fmt,1,1,0
imgproto,5,1,-4
test_img_file,2,2,0
_a,2,2,0
bdrv_append,1,1,0
_qemu_full_args,1,1,0
launching,1,1,0
num_queues,4,6,2
dst_addr,1,2,1
pmsav7_dregion,4,1,-3
define_prop_unsigned_nodefault,1,1,0
qdev_prop_uint32,1,1,0
resume_all_vcpus,3,2,-1
longjmps,1,1,0
pause_all_vcpus,2,1,-1
cpu_loop_exit_noexc,2,1,-1
mem_io_pc,3,1,-2
set_tpr,1,2,1
current_pc,2,1,-1
mp,6,1,-5
async_safe_run_on_cpu,2,3,1
current_cs_base,2,1,-1
current_flags,2,1,-1
icount_decr,9,2,-7
cp0_config5,2,1,-1
mem_idx,2,7,5
check_insn_opc_removed,1,1,0
eva,1,1,0
mips_hflag_um,2,2,0
isa_mips32r6,3,1,-2
absent,5,1,-4
decoded,4,3,-1
bootsector,2,1,-1
adjusted,1,2,1
cpu_to_le16,10,7,-3
r_v7m_control_npriv_mask,2,1,-1
others,14,3,-11
r_v7m_control_spsel_mask,6,2,-4
spsel,5,2,-3
switch_v7m_sp,2,2,0
bdrv_block_eof,1,1,0
learned,1,2,1
file_pnum,3,1,-2
ret2,10,1,-9
continues,3,1,-2
libfdt,1,1,0
so_tcpcb,1,1,0
hs,2,2,0
envlist,2,2,0
penv,3,1,-2
target_environ,1,1,0
bdrv_drain_recurse,2,1,-1
bql,10,5,-5
waited,4,3,-1
modifies,1,3,2
processes,1,2,1
incremented,4,3,-1
entercriticalsection,1,2,1
cond_broadcast,2,1,-1
pthread_cond_broadcast,2,1,-1
signaled,4,3,-1
wake-up,2,1,-1
contention,2,1,-1
life,1,1,0
signaling,2,2,0
unlock,2,1,-1
leavecriticalsection,1,2,1
getcurrentthreadid,2,2,0
pthread_cond_signal,1,3,2
slice,1,3,2
consumes,2,1,-1
owned,2,2,0
win32,7,5,-2
adapters,1,1,0
dpy_refresh,1,1,0
dpy,4,2,-2
refresh,3,2,-1
cpu_log_mmu,1,1,0
halves,10,1,-9
active_console,3,3,0
dst_y,1,2,1
dst_x,1,2,1
cmp_bytes,1,3,2
listeners,1,2,1
dpy_gfx_update,2,1,-1
call_rcu,4,3,-1
caches,7,1,-6
virtio_free_region_cache,1,1,0
rcu,9,3,-6
vringmemoryregioncaches,1,1,0
curr_elem,1,1,0
vmstate_info_nullptr,1,1,0
lremovexattr,2,1,-1
jmp_list_next,3,1,-2
cpu_exec_nocache,6,1,-5
insns_left,5,1,-4
last_tb,6,1,-5
table_bar,1,2,1
msix_init_exclusive_bar,1,1,0
msix_cap_length,1,1,0
resides,3,1,-2
pci_add_capability2,1,1,0
bar_nr,1,1,0
puts,1,2,1
rom_size,5,3,-2
host_features,16,2,-14
virtio_f_version_1,5,3,-2
blk_aio_pdiscard,1,1,0
hmp_io_writes,1,2,1
backups,1,2,1
coherent,2,2,0
stubs,7,4,-3
qerr_missing_parameter,8,2,-6
maxevents,1,2,1
alloca,3,1,-2
epoll_event,3,1,-2
g_try_new,2,4,2
put_fid,1,1,0
pci_hole_size,1,1,0
pci_hole_start,2,1,-1
spapr_machine_class,3,2,-1
sl,2,1,-1
virtio_vdev_has_feature,4,2,-2
virtio_set_status,2,1,-1
error_vreport,2,1,-1
virtio_notify_config,1,1,0
background,8,4,-4
qemu_chr_fe_write,2,5,3
max_ssid,3,1,-2
255,8,1,-7
real_cssid,1,1,0
wnames,1,1,0
trace_event_get_state,3,3,0
gettimeofday,2,2,0
dist,3,2,-1
relevant,7,1,-6
bigger,7,4,-3
slb_esid_v,2,1,-1
970,3,4,1
configure,14,7,-7
ppc_hash64_set_isi,1,1,0
unbounded,3,3,0
256mb,1,2,1
1gb,4,1,-3
lpcr_vpm0,1,2,1
slb_lookup,2,1,-1
variant,3,1,-2
vpm,1,1,0
powerpc_excp_power7,1,1,0
visited,2,3,1
dealloc,2,3,1
inherit,5,2,-3
constructed,1,2,1
assertions,3,2,-1
genericlist,6,2,-4
asserted,3,1,-2
qapi_clone,2,1,-1
incomplete,4,3,-1
limitations,2,2,0
derived,4,2,-2
thread_cpu,3,3,0
signal_mask,3,2,-1
process_pending_signals,3,2,-1
sigsuspend,2,2,0
unblocked,1,1,0
nonzero,8,3,-5
applies,5,1,-4
mainly,1,1,0
originated,1,2,1
taskstate,4,6,2
do_sigprocmask,1,1,0
sigstop,1,2,1
vga_sr01_char_clk_8dots,1,2,1
line_compare,1,2,1
vga_seq_clock_mode,1,2,1
has_tls_creds,3,1,-2
use_int_value,2,1,-1
has_tls_hostname,3,1,-2
has_compress_threads,4,1,-3
migrationparameter_lookup,3,1,-2
valuestr,3,1,-2
has_cpu_throttle_increment,3,1,-2
has_compress_level,3,1,-2
valueint,2,1,-1
has_decompress_threads,4,1,-3
qmp_migrate_set_parameters,2,1,-1
has_cpu_throttle_initial,3,1,-2
vfio_container_ioctl,1,1,0
bus_offset,3,1,-2
spapr_tce_page_shift,3,2,-1
dma32_window_size,3,1,-2
iommu_as,3,1,-2
iommugroupid,1,1,0
spapr_pci_host_bridge_class,2,1,-1
spapr_phb_vfio_properties,1,1,0
svphb,1,1,0
dma32_window_start,3,1,-2
spaprphbclass,2,2,0
argsz,8,1,-7
spapr_pci_vfio_host_bridge,1,1,0
spaprtcetable,6,3,-3
vfio_check_extension,1,1,0
spaprphbvfiostate,1,1,0
spc,2,3,1
vfio_iommu_spapr_tce_get_info,2,1,-1
spapr_phb_vfio_finish_realize,1,1,0
spapr_tce_new_table,3,1,-2
vfio_iommu_spapr_tce_info,2,1,-1
finish_realize,2,1,-1
iommu_root,2,1,-1
spapr_tce_get_iommu,4,1,-3
balloon_stats_supported,1,1,0
follows,8,4,-4
virtio_balloon,2,2,0
virtio_notify,2,1,-1
max_rsp_len,1,1,0
ibs,4,1,-3
ipmibmcsim,2,1,-1
setrlimit,1,1,0
rlimit_nofile,1,1,0
_fields,1,1,0
wchar,3,1,-2
member2,1,1,0
powerpc_mmu_2_06a,1,1,0
2.07,1,2,1
visit_type_int32,3,1,-2
object_property_add,20,3,-17
bootindex,3,2,-1
fw_boot_order,1,1,0
qbool_get_bool,1,1,0
qtype_qbool,10,1,-9
alert,2,2,0
sender,4,2,-2
button,8,1,-7
autorelease,2,1,-1
nsapp,1,1,0
normalwindow,2,1,-1
byteswap,1,3,2
dpy_gfx_check_format,1,1,0
pixman_format_code_t,1,1,0
serious,1,2,1
dev.config,1,1,0
host_mask,1,2,1
base_offset,1,1,0
xen_pt_log,2,1,-1
initially,4,2,-2
size_mask,1,1,0
excluding,2,1,-1
first_bh,4,2,-2
bh_lock,2,1,-1
bat_offset,1,3,2
minlen,1,1,0
reconnect,3,1,-2
time_t,1,1,0
iscsi_set_events,5,4,-1
iscsi_url,3,4,1
event_timer,1,1,0
hardcode,1,1,0
iscsi_timed_set_events,1,1,0
0x28,2,2,0
timed,2,1,-1
iscsi_service,1,2,1
service,13,3,-10
event_interval,1,1,0
aes_encrypt,1,1,0
aes_decrypt,1,1,0
cmsg_level,1,2,1
intelligent,1,1,0
msg_flags,1,1,0
target_data,1,1,0
truncation,1,1,0
cmsg,1,3,2
cmsg_type,1,2,1
dealing,3,2,-1
unlike,8,4,-4
mkdtemp,3,1,-2
smb_dir,2,2,0
audsettings,1,1,0
alsa_init_in,1,1,0
init_out,1,1,0
no_init_in,1,1,0
no_init_out,1,1,0
alsa_init_out,1,1,0
oss_init_in,1,1,0
qpa_init_out,1,1,0
dsound_init_out,1,1,0
init_in,1,1,0
wav_init_out,1,1,0
dsound_init_in,1,1,0
oss_init_out,1,1,0
qpa_init_in,1,1,0
sdl_init_out,1,1,0
coreaudio_init_out,1,1,0
acceptable,3,3,0
ifname,3,1,-2
wexitstatus,2,3,1
wifexited,3,3,0
tcg_gen_shri_i64,2,2,0
tcg_gen_ext32s_i64,2,1,-1
va,9,4,-5
tcg_gen_and_i64,1,1,0
fn11,2,1,-1
conversions,1,1,0
float_round_to_zero,1,1,0
datamatch,1,2,1
kvm_ioeventfd,1,2,1
gic_test_group,4,1,-3
gic_internal,4,2,-2
to_kernel,1,1,0
gic_set_group,2,1,-1
for_each_irq_reg,1,1,0
kvm_gicd_access,1,1,0
.group,1,1,0
all_cpu_mask,5,1,-4
blkdebugrule,2,1,-1
active_rules,1,1,0
active_next,1,1,0
remove_rule,1,1,0
rule,16,2,-14
boot_set_handler,2,1,-1
qemu_boot_set,1,2,1
normal_boot_order,1,2,1
validate_bootdevices,4,1,-3
st_nlink,1,1,0
st_atime,1,1,0
st_blksize,1,1,0
st_mtime,1,1,0
st_ctime,1,1,0
st_blocks,2,1,-1
expansion,4,1,-3
rd_bytes,1,1,0
do_test_throttle,1,1,0
check_limit,1,1,0
asserttrue,6,3,-3
blockstats,1,2,1
bps_rd,1,1,0
nsec_per_sec,2,1,-1
tk,1,1,0
bdrv_op_unblock_all,4,2,-2
qerr_device_not_found,8,2,-6
redundantly,1,1,0
block_job_cb,4,1,-3
possibilities,1,2,1
backup_run,1,1,0
block_op_type_backup_source,2,1,-1
bdrv_set_aio_context,4,1,-3
xmit_fifo,3,5,2
uart_lsr_thre,3,5,2
uart_lsr_temt,1,3,2
thr_ipending,1,4,3
fcr,2,3,1
uart_fcr_fe,1,3,2
lsr,5,7,2
killed,3,2,-1
bdrv_o_incoming,2,1,-1
sreq,4,2,-2
bdrv_io_unplug,2,1,-1
scsi_req_enqueue,1,2,1
fm,3,1,-2
start_time,1,2,1
qvirtio_blk_timeout,1,2,1
qvirtio_blk_timeout_us,1,2,1
gint64,3,2,-1
qvirtio_wait_queue_isr,2,3,1
drive_del,3,1,-2
local_errp,1,2,1
alloc_cluster_offset,1,1,0
*host_offset,1,1,0
pair,9,8,-1
appended,1,2,1
setjmp,3,2,-1
unfortunately,3,5,2
g_array_set_size,3,2,-1
acpi_build_legacy_cpu_aml_size,1,1,0
course,3,2,-1
plenty,1,2,1
facs,2,1,-1
maxcpus,4,1,-3
-smp,2,1,-1
piix4,4,1,-3
stable,2,3,1
caused,4,4,0
sizing,1,1,0
iasl,1,1,0
rtas_ibm_change_msi,1,1,0
rtas_next,1,1,0
check_exception,1,1,0
rtas_ibm_write_pci_config,1,1,0
rtas_ibm_query_interrupt_source_number,1,1,0
rtas_table,2,1,-1
rtas_nvram_fetch,1,1,0
rtas_write_pci_config,1,1,0
rtas_token_base,1,1,0
rtas_nvram_store,1,1,0
rtas_read_pci_config,1,1,0
rtas_ibm_read_pci_config,1,1,0
rtas_token_max,1,1,0
qemu_chr_fe_get_msgfds,2,1,-1
baseport,1,1,0
port_offset,1,1,0
sheepdoginode,1,1,0
tmpb,1,1,0
acpi_pcihp_prop_bsel,1,2,1
last_y,1,1,0
last_x,1,2,1
gd_is_grab_active,3,1,-2
ownership,10,5,-5
has_direct,1,1,0
has_cache,1,1,0
hash_pte_size_64,5,1,-4
htab_base,6,2,-4
spr_sdr1,8,2,-6
normalize,2,2,0
sdr1,6,3,-3
htab_mask,6,1,-5
external_htab,5,1,-4
hptes_per_group,3,1,-2
hash_pteg_size_64,3,1,-2
htabsize,4,1,-3
ppc_store_sdr1,1,1,0
pteg_off,3,2,-1
normalized,1,1,0
pteg,6,1,-5
ppc2_lsq_isa207,1,2,1
le_mode,3,2,-1
gen_qemu_st64,1,1,0
std,3,4,1
insns_flags2,14,2,-12
powerpc_excp_align,1,2,1
invalid_handle_value,3,1,-2
instances,4,3,-1
corp,4,2,-2
quorumchildrequest,2,1,-1
2010,7,3,-4
eurl,1,1,0
qcrs,3,3,0
author,18,7,-11
individual,8,2,-6
canet,1,2,1
benoit.canet,1,2,1
nodalink,1,2,1
vmfd,2,3,1
has_status,2,1,-1
parse_header_digest,1,1,0
evpd,3,2,-1
iscsi_context,5,4,-1
parse_chap,2,1,-1
iscsi_readcapacity_sync,1,1,0
use_local_qiov,1,1,0
serialising,2,1,-1
r_next,1,1,0
blkdebugsuspendedreq,1,1,0
suspended_reqs,1,1,0
error_set_from_qdev_prop_error,2,2,0
jmp_pc,1,1,0
object_get_canonical_path,1,5,4
new_image_mode_existing,2,1,-1
hash64,2,1,-1
vscr,2,1,-1
ppc_avr_t,2,2,0
aneesh,1,1,0
ctr,5,1,-4
vsx,7,1,-6
spe_fscr,1,1,0
aneesh.kumar,1,1,0
avr,3,1,-2
em_ppc64,1,1,0
vrsave,1,1,0
k.v,1,1,0
vm_clock_seqlock,1,1,0
seqlock_read_retry,1,1,0
timers_state,5,2,-3
cpu_get_clock_locked,1,1,0
seqlock,1,1,0
qemuseqlock,1,1,0
seqlock_read_begin,1,1,0
inflight_aio_head,1,1,0
bdrvsheepdogstate,2,4,2
sheepdog,3,3,0
finishes,5,2,-3
aio_siblings,1,1,0
pty_chr_update_read_handler,2,1,-1
pc_init_pci,3,1,-2
qemumachineinitargs,1,1,0
pc_q35_init,2,2,0
pci_hole64_start,1,1,0
visit_type_uint32,5,1,-4
pci_host_prop_pci_hole_end,2,1,-1
pcpciinfo,1,1,0
pci_hole64_size,2,1,-1
w32,2,2,0
mtrr,1,1,0
pci_host_prop_pci_hole_start,2,1,-1
ambiguous,3,1,-2
type_pci_host_bridge,1,1,0
i440fxstate,1,1,0
pci_host_prop_pci_hole64_end,2,1,-1
pc_init_pci64_hole,1,1,0
pci_info,2,1,-1
i440fx_pci_host_bridge,1,1,0
pci_host_prop_pci_hole64_start,2,1,-1
pat,3,1,-2
object_resolve_path_type,4,2,-2
w64,3,2,-1
io_apic_default_address,2,1,-1
qemu_opt_get_size,7,2,-5
machine_opts,2,2,0
ioport,2,3,1
max_phys_addr,1,1,0
max_phys_addr_space_bits,1,1,0
target_phys_addr_space_bits,5,1,-4
dsp,7,4,-3
irqfd,3,2,-1
virtio-pci,1,1,0
virtio_scsi_common,3,3,0
config_virtio,1,1,0
virtioscsicommon,3,4,1
wwpn,1,1,0
binding,3,3,0
vhostfd,1,2,1
virtio-scsi,2,1,-1
cdb_size,4,1,-3
virtio_scsi_f_hotplug,4,1,-3
virtio_f_notify_on_empty,6,2,-4
guest_features,8,3,-5
vhost_scsi,2,2,0
sense_size,1,1,0
ifeq,12,5,-7
vhostscsi,3,2,-1
virtio_ring_f_event_idx,5,1,-4
virtio_ring_f_indirect_desc,1,2,1
bd8aebf3534e10d9aa21e820903f2cf9120708c,1,1,0
mouse_mode_notifier,2,1,-1
num_irqs,2,1,-1
num_regions,3,1,-2
end_sector,2,1,-1
fd_dir_read,2,1,-1
fdctrl_transfer_handler,1,1,0
dma_schedule,1,1,0
fdctrl_start_transfer,1,1,0
dma_chann,5,1,-4
recall,1,1,0
fd_cmd_verify,1,1,0
fdctrl_unimplemented,1,1,0
get_supported_cpuid,3,1,-2
x2apic,3,2,-1
irqchip,3,1,-2
sound,2,1,-1
hxcomm,3,2,-1
qemu_arch_all,6,2,-4
uhci_td,2,1,-1
usbendpoint,3,3,0
plink,1,1,0
asyncs,2,1,-1
uhci,2,3,1
td_addr,1,3,2
uhciasync,3,2,-1
ptd,1,1,0
uhci_queue_free,1,1,0
curr_qh,3,1,-2
uhciqueue,2,1,-1
uhcistate,4,1,-3
td_ctrl_active,1,1,0
const_args,3,1,-2
gen_arith,2,1,-1
lest,1,1,0
valgrind_make_mem_defined,1,1,0
stq_p,7,1,-6
vp,3,1,-2
ldq_p,5,2,-3
concurrency,1,2,1
tar,5,1,-4
environ,6,4,-2
exit_success,1,1,0
_exit,4,2,-2
approach,1,2,1
execle,1,1,0
sig_dfl,2,2,0
qerr_unsupported,5,2,-3
quite,6,3,-3
cfg9346_normal,1,3,2
communication,2,3,1
cfg9346,1,3,2
chip9346_op_mask,1,3,2
resolution,1,3,2
if_encap,1,1,0
next_m,2,1,-1
ifqt,2,1,-1
ifq_next,2,1,-1
requeued,2,1,-1
insque,1,1,0
expired,6,1,-5
from_batchq,1,1,0
re-queue,1,1,0
if_queued,3,1,-2
subst,6,3,-3
setvbuf,1,1,0
qemu_file_has_error,1,1,0
migration_state_notifiers,2,2,0
notifier_list_notify,6,2,-4
wide,5,1,-4
63,1,1,0
addrrange,1,1,0
ide_transfer_stop,2,1,-1
end_transfer_func,2,1,-1
ide_sector_read,1,1,0
altnext,1,1,0
qh_epchar_rl,1,1,0
rl,4,1,-3
qtd_token_ioc,1,1,0
halt,7,2,-5
eps,1,2,1
tbytes,1,1,0
qtd_token_babble,1,1,0
rbd_aio_read,1,2,1
rbd_aio_write,1,1,0
qemu_aio_count,2,1,-1
cc975646af69f279396d4d5e1379ac6af80ee637,1,1,0
d0bdd9e2e20377b3180e4986b14c8549b393e4,1,1,0
nicstate,1,1,0
fscanf,1,1,0
spapr_rtas_call,1,1,0
rtas_r3,1,1,0
spapr_hcall,1,1,0
hcalls,1,1,0
cr0_pe_mask,4,3,-1
devpath,2,2,0
usb_speed_low,1,1,0
product_desc,3,1,-2
usb_speed_full,2,1,-1
dfd,3,2,-1
usbhostdevice,4,2,-2
usb_max_endpoints,1,1,0
usb_host_find_device,1,1,0
qemu_madv_dontneed,1,1,0
solaris,1,2,1
madv_mergeable,1,1,0
madvise,1,2,1
current_tb,10,1,-9
scsi_dev,3,1,-2
psr,1,1,0
hpstate,1,1,0
psrs,1,1,0
psrpil,2,1,-1
psref,1,1,0
qemu_free_irqs,1,1,0
mmu_primary_context,1,1,0
replace_tlb_entry,1,1,0
dmmu,1,1,0
strmmu,1,1,0
mmu_secondary_context,1,1,0
dprintf_mmu,2,1,-1
tte,1,1,0
primary,13,7,-6
dump_mmu,1,1,0
qemu_error_sink,1,1,0
prealloc,6,1,-5
ref_clusters,1,1,0
pci_bar_unmapped,2,1,-1
last_addr,2,1,-1
buffer_length,2,1,-1
buffer_len,2,1,-1
urb,1,1,0
tx_buffer_size,1,1,0
max_eth_frame_size,1,2,1
allmulti,1,2,1
kvm_cpuid_flag_stateful_func,1,1,0
kvm_cpuid_flag_state_read_next,1,1,0
cpuid_data,5,4,-1
kvm_uncoalesce_mmio_region,1,1,0
kvm_cap_coalesced_mmio,1,1,0
virtualization,5,2,-3
coalesced_mmio,2,2,0
kvm_coalesce_mmio_region,1,1,0
kvm_ioctl,4,2,-2
side-effect,1,1,0
cirrus_blt_dstaddr,2,2,0
cirrus_rop,1,2,1
bytesperline,2,1,-1
off_cur,2,1,-1
rop_func,1,1,0
off_cur_end,2,1,-1
tb_add_jump,1,1,0
gen_func,1,1,0
xss,1,1,0
r_es,11,4,-7
r_ds,10,4,-6
modulo,1,3,2
portable,2,1,-1
slower,2,1,-1
co_queue_next,2,2,0
sleep_cb,1,1,0
atomic_mb_read,5,2,-3
qmp_version,4,2,-2
v3,3,1,-2
itmd,2,1,-1
bdrv_o_check,2,2,0
seccomp,2,3,1
address_space_access_valid,3,1,-2
icp_prop_xics,1,1,0
icp_prop_cpu,1,1,0
vudev,2,2,0
saddr_len,1,1,0
net_socket_fd_init,3,2,-1
parse_host_port,3,2,-1
dns,2,1,-1
dhcp,1,1,0
commit_top_bs,1,1,0
backing_file_depth,1,1,0
assert_no_active_block_jobs,7,3,-4
bs0,1,2,1
bdrv_query_bds_stats,1,1,0
query_backing,1,1,0
backing_bs,7,1,-6
si,5,3,-2
tb_jmp_cache_hash_page,1,1,0
i0,1,2,1
thread-safe,2,2,0
tb_jmp_page_size,1,1,0
tb_jmp_cache_size,1,1,0
qsimpleq_head,1,3,2
traversing,4,1,-3
wakeups,1,1,0
co_queue_wakeup,2,1,-1
beware,3,2,-1
woken,2,2,0
ccwdevice,2,1,-1
ccw_dev,3,2,-1
cpu_index_to_instance_props,1,1,0
cpuinstanceproperties,2,1,-1
lpae,3,1,-2
same_el,4,1,-3
fsr,14,1,-13
access_type,14,5,-9
somehow,4,1,-3
syn,1,2,1
blockbackends,5,2,-3
blk_resume_after_migration,1,1,0
blk_set_perm,1,1,0
blk_all_next,2,1,-1
shared_perm,7,1,-6
disable_perm,1,1,0
revoke,1,1,0
notifies,3,1,-2
tmpname,2,1,-1
loc,9,1,-8
has_arg,8,2,-6
blockdevoptions,1,1,0
loc_pop,3,1,-2
visit_type_blockdevoptions,1,1,0
loc_push_restore,2,1,-1
loc_save,3,1,-2
excess,2,1,-1
qdict_get_qdict,9,7,-2
wins,1,2,1
key=value,1,1,0
trailing,5,4,-1
likewise,1,2,1
overlong,3,1,-2
keyval,1,2,1
misinterpreted,1,1,0
rejects,1,1,0
v9p,3,2,-1
sm_local_mode_bits,4,3,-1
cleint,2,2,0
credentials,7,4,-3
s_ifreg,3,2,-1
tos,7,1,-6
errname,1,1,0
leads,1,1,0
stackobject,5,1,-4
ghashtable,8,2,-6
g_string_truncate,1,1,0
qslist_entry,2,1,-1
qobject_input_push,1,1,0
qslist_foreach,1,1,0
g_string_prepend,1,1,0
mknodat,1,1,0
fc_rdev,4,2,-2
mknod,1,1,0
v9fs_sec_mask,1,1,0
cpu_tb_exec,3,1,-2
tb_phys_invalidate,7,1,-6
cf_nocache,4,1,-3
tb_free,2,1,-1
sigsetjmp,4,2,-2
cpu_exec_step_atomic,1,1,0
tb_lock_reset,2,1,-1
tb_unlock,6,3,-3
cf_ignore_icount,1,1,0
jmp_env,5,1,-4
orig_tb,6,1,-5
'key',1,1,0
'key,2,1,-1
qemu_real_host_page_size,4,2,-2
config_aspeed_soc,3,1,-2
aspeed,3,2,-1
vmstate_timer_ptr,2,2,0
aspeedwdtstate,1,1,0
vmstate_uint32_array,1,2,1
scu,1,2,1
watchdog_perform_action,1,2,1
categories,3,1,-2
readahead,1,1,0
grabbed,1,2,1
ideally,6,2,-4
locking,9,4,-5
max_write_zeroes_bounce_buffer,2,1,-1
max_write_zeroes,9,1,-8
lstrip,1,2,1
raz,9,1,-8
mp_affinity,2,1,-1
kvm_init_irq_routing,1,1,0
kvm_irqchip_add_irq_route,1,1,0
kvm_gsi_routing_allowed,1,1,0
routing,5,2,-3
kvm_irqchip_commit_routes,2,2,0
kvm_has_gsi_routing,1,1,0
unset,8,5,-3
kvm_gsi_routing_enabled,1,1,0
kvm_gsi_direct_mapping,2,1,-1
vhost_vring_file,1,1,0
gqueue,1,1,0
powerpc_excp_external,1,1,0
circumstances,1,1,0
ppc_interrupt_ext,1,1,0
partitionning,1,1,0
lpid,1,1,0
kvm_reg_ppc_lpcr,1,1,0
whenever,9,2,-7
fixes,8,1,-7
lifted,2,1,-1
74xx,3,1,-2
thermal,1,1,0
block_job_type_backup,1,1,0
sr_pc,1,3,2
display_type,2,3,1
pci_device_class,4,2,-2
pcideviceclass,5,3,-2
ivshmem_common,1,1,0
vmstate_pci_device,2,1,-1
prot_write,15,6,-9
xen_xc,5,2,-3
prot_read,15,6,-9
xen_domid,6,3,-3
buffered_io_page,1,1,0
sring,2,2,0
xc_page_size,1,2,1
mfn,1,2,1
xc_map_foreign_pages,1,2,1
xenstore_read_fe_uint64,1,1,0
shared_page,2,2,0
rlen,6,3,-3
norintsts,1,1,0
out_cons,4,1,-3
warp,6,2,-4
gpe,5,1,-4
en,10,2,-8
tcg_gen_mulu2_i64,1,1,0
cpu_regs,2,1,-1
excp_debug,13,2,-11
gen_excp,1,1,0
rom_file,1,1,0
qxlcommandext,1,1,0
hp,4,1,-3
_make_implicit_object_type,2,1,-1
_def_entity,2,1,-1
_make_array_type,1,1,0
_make_members,1,1,0
qapischemaenumtype,3,1,-2
element_type,2,2,0
type_name,3,2,-1
nb_chunks,7,2,-5
rdmalocalblock,1,1,0
mis_current,2,1,-1
nb_sns,3,1,-2
available_snapshots,1,1,0
qemufilestdio,1,1,0
stuck,1,1,0
fail_irqfd,1,1,0
vfio_platform_device,2,1,-1
sbdev,4,1,-3
intp_list,1,1,0
vfioplatformdevice,3,1,-2
drc_index,6,1,-5
smc91c111_flush_queued_packets,1,1,0
rcr,1,2,1
tv,10,2,-8
year,1,1,0
bitnr,3,1,-2
xenstore,1,2,1
drive_kind,1,1,0
dma_addr,3,1,-2
prepend,2,1,-1
ide_get_sector,1,1,0
remainder_len,1,1,0
ide_cd,2,1,-1
pmac_ide_transfer_cb,2,1,-1
netdevvhostuseroptions,1,1,0
has_backing_image,1,1,0
backing_image,1,1,0
16.2.5.4,5,1,-4
buffer_size,6,2,-4
aml_buffer,4,1,-3
build_append_byte,7,1,-6
1.0b,6,1,-5
byte_list,4,1,-3
ef,2,1,-1
.efgh,1,1,0
.b,1,1,0
gh,1,1,0
fg,2,2,0
.a,1,1,0
ab,2,2,0
validated,3,1,-2
ahci_shutdown,2,2,0
migrate,9,2,-7
ahci_boot,1,2,1
ctba,1,1,0
enum_name,7,3,-4
character,17,5,-12
redefined,3,1,-2
builtin,4,2,-2
nongnu,2,2,0
prom_buf,2,1,-1
start_sector_abs,1,1,0
max_blocksize,2,1,-1
misaligned,1,2,1
probing,5,4,-1
build_dir,4,2,-2
pe,2,3,1
spapr_pci_host_bridge_get_class,1,1,0
rtas_out_success,7,2,-5
rtas_out_no_errors_found,1,1,0
param_error_exit,1,1,0
usb_create_simple,1,2,1
in-use,1,1,0
qallocopts,1,1,0
ahci_free,1,1,0
vfiopcidevice,10,1,-9
vfio_put_group,2,1,-1
qdev_try_create,4,1,-3
sin_port,4,1,-3
ntohs,7,1,-6
g_posix_timers,1,1,0
16bit,1,1,0
timerid,1,1,0
put_user,1,1,0
ier,3,3,0
edge,6,1,-5
rising,1,1,0
iir,1,2,1
migrated,9,1,-8
big_endian_fb,1,1,0
dependencies,2,1,-1
visit_end_union,1,1,0
visit_start_union,1,1,0
guest_alloc,2,2,0
functional,2,1,-1
test-case,1,1,0
pixman,3,1,-2
be32_to_cpu,13,4,-9
footer,4,3,-1
possibility,1,2,1
re-enter,1,1,0
alexey,1,1,0
kardashevskiy,1,1,0
blkmigdevstate,2,1,-1
glusterconf,1,1,0
nfsclient,2,2,0
bdrvopblocker,1,1,0
desc_sectors,2,1,-1
bat_rt,1,1,0
bat,9,2,-7
vhdx_log_sector_size,4,1,-3
qed_aio_complete,1,1,0
max_nb_sectors,1,1,0
devs,6,1,-5
libusb_device,1,1,0
argtype,2,2,0
argname,2,4,2
offset_backing_file_size,1,1,0
disk2vhd,1,3,2
main_loop_tlg,3,1,-2
init_clocks,3,1,-2
queue_sel,1,1,0
c5_insn,1,1,0
c5_data,1,1,0
fieldoffset,14,1,-13
maximal,2,2,0
get_refcount,4,2,-2
qcow2_discard_never,2,2,0
unwritten,1,1,0
qcow2_mark_clean,2,2,0
committed,2,2,0
lazy_refcounts,5,1,-4
committing,1,2,1
asl_file,2,1,-1
aml_file,1,2,1
exp_sdt,1,1,0
nbd_recv_coroutines_enter_all,1,1,0
nbd_teardown_connection,1,1,0
stdio_file,1,1,0
virtiorng,3,2,-1
virtio_rng,1,2,1
qtest_allowed,2,1,-1
bs_opts,2,3,1
early_err,2,1,-1
json_message_parser_init,3,1,-2
nesting,6,2,-4
qtest_qmpv,1,1,0
jsonmessageparser,2,1,-1
json_parser_parse,1,1,0
json_message_parser_feed,2,1,-1
qtest_qmp,1,1,0
aioflushhandler,1,1,0
io_flush,4,1,-3
pollfds,3,2,-1
indefinitely,3,1,-2
get_expr,1,2,1
evaluate,2,1,-1
eins,1,1,0
zwei,1,1,0
tok,1,3,2
new_state,6,4,-2
mig_state_completed,3,1,-2
mig_state_active,4,1,-3
cptse,1,2,1
hdr_len,2,2,0
tse,1,2,1
congyang,1,1,0
tao,1,1,0
cn.fujitsu.com,2,1,-1
hu,1,1,0
wen,1,1,0
wency,1,1,0
fujitsu,2,1,-1
simulated,2,1,-1
log_disas,1,1,0
bdrv_o_native_aio,2,1,-1
outbuf_index,1,1,0
mux_out,3,1,-2
qstring_append_chr,9,1,-8
qstring_new,11,1,-10
compared,6,1,-5
bitops_ctzl,1,1,0
hbi,4,1,-3
size_buffer_vt220,1,1,0
iov_data_len,1,1,0
can_read,1,1,0
hpet_cfg,1,2,1
acpi_tables_len,2,2,0
fw_cfg_signature,2,1,-1
hpet_fw_config,1,1,0
fw_cfg_numa,1,1,0
numa_fw_cfg,1,1,0
fw_cfg_hpet,1,1,0
acpi_tables,2,2,0
memory_global_dirty_log_stop,1,1,0
kvm_has_sync_mmu,5,1,-4
usb_ret_nodev,2,1,-1
cco,1,1,0
gen_load_gpr,3,2,-1
ldl,1,1,0
do_lbu,1,1,0
gen_store_gpr,1,1,0
get_offset,1,1,0
tcg_gen_xori_tl,3,1,-2
memory_region_transaction_depth,1,1,0
nul-terminated,2,2,0
bdrv_reopen,3,3,0
transactional,5,1,-4
new_bs,7,1,-6
monfdset,1,1,0
mon_fdsets,1,1,0
mon_refcount,1,1,0
dup_fds,1,1,0
mon_fdset_fd,2,1,-1
x86_64_only,1,1,0
pretty,2,2,0
barriers,4,1,-3
sane,4,2,-2
ordering,7,1,-6
pci_setup_iommu,2,1,-1
osi,1,1,0
s390_sieic,2,1,-1
hlt,2,1,-1
ei,2,1,-1
skipping,3,1,-2
sendmsg,1,3,2
msg_iovlen,1,2,1
qemu_recv,1,1,0
msghdr,1,2,1
recvmsg,1,4,3
recv,5,2,-3
msg_iov,2,3,1
inclusive,2,1,-1
iov_send_recv,1,1,0
diff,17,7,-10
net_client_options_kind_tap,2,1,-1
net_client_init_fun,3,1,-2
qemuoptdesc,5,1,-4
net_client_options_kind_nic,4,1,-3
net_client_options_kind_none,2,1,-1
vlanstate,4,6,2
net_client_options_kind_user,1,1,0
old_opts,1,1,0
net_client_options_kind_socket,1,1,0
qemu_opt_size,8,1,-7
new_opts,1,1,0
net_init_tap,1,1,0
net_common_params_desc,1,2,1
netclientoptions,1,1,0
eieio,1,2,1
overkill,3,2,-1
mfence,1,1,0
wmb,1,2,1
close_unused_images,1,1,0
reached,11,2,-9
testoutputvisitordata,1,1,0
visit_type_userdefone,2,1,-1
output_visitor_test_add,1,1,0
out_visitor_data,1,1,0
bdrv_commit,2,1,-1
qemu_find_vlan,1,1,0
priu8,1,3,2
bit_prop_set,2,1,-1
heap-allocated,1,1,0
pdu_marshal,2,2,0
iovecs,3,2,-1
_h,2,1,-1
rsplit,1,1,0
src_str,1,1,0
previous_active_console,1,1,0
hw_screen_dump,1,1,0
console_select,1,1,0
invalid_set_file_pointer,1,1,0
li,1,1,0
setfilepointer,1,1,0
no_error,1,2,1
dw,2,1,-1
file_begin,1,1,0
tls_port,2,1,-1
ide_dma_buf_sectors,2,1,-1
smart_selftest_data,2,1,-1
cpu_cc_src,4,1,-3
src2,1,2,1
cpu_dst,3,3,0
src1,2,2,0
do_nodelay,1,1,0
error_fmt,5,3,-2
listen_fd,3,1,-2
graphics,5,1,-4
virtioserialbus,1,1,0
max_virtserial_ports,2,1,-1
max_nr_ports,3,1,-2
cards,5,1,-4
simplified,2,1,-1
qemu_thread_signal,2,1,-1
unmodified,1,3,2
kvm_cap_user_memory,1,1,0
coalesced_mmio_ring,1,1,0
kvmcapabilityinfo,1,1,0
must_have_caps,1,1,0
hooks,1,1,0
phys_ram_base,9,1,-8
kvm_cap_destroy_memory_region_works,1,1,0
kmod,1,2,1
kvm_cap_sync_mmu,2,1,-1
condexec_cond,7,1,-6
gen_set_condexec,5,1,-4
restoration,1,1,0
condexec_bits,2,4,2
gen_exception_insn,6,1,-5
condexec,3,1,-2
non-static,1,1,0
condexec_mask,7,1,-6
complications,1,1,0
pc/it,1,1,0
unexpectedly,1,1,0
install_data,2,1,-1
ifdef,11,2,-9
progs,1,1,0
get_state,1,1,0
install_dir,1,1,0
bindir,2,2,0
arglist,1,1,0
target_arch,3,1,-2
d3e46511aeedc9f09a8216d194d749187b80aa,1,1,0
incoming_expected,1,1,0
-incoming,1,1,0
check_refcounts_l2,2,1,-1
nb_csectors,5,2,-3
l2meta,4,3,-1
has_host_dev,2,1,-1
has_nic,2,1,-1
floating,17,2,-15
bitsize,2,2,0
span,1,1,0
regnum,2,1,-1
cpu_interrupts_enabled,3,1,-2
growable,7,3,-4
progname,1,1,0
protocol_name,8,1,-7
blkcfg,4,1,-3
apic_get_irq_delivered,2,1,-1
irq_coalesced,3,1,-2
rtc_reg_c,3,1,-2
rtc_td_hack,3,1,-2
apic_reset_irq_delivered,2,1,-1
rtc_coalesced_timer_update,1,1,0
read-modify-write,3,1,-2
threadsafe,2,1,-1
old_mask,1,1,0
rtc_offset,1,1,0
mktimegm,2,1,-1
tick_offset,1,1,0
qemu_get_timedate,1,2,1
tval,1,1,0
code64,5,1,-4
fpscr_pr,2,1,-1
tcg_gen_helper_0_1,1,1,0
tcg_gen_helper_0_0,1,1,0
ssr,1,1,0
resolve,3,2,-1
searched_pc,1,1,0
micro,3,1,-2
tc_ptr,4,1,-3
search_pc,1,1,0
gpio,3,1,-2
orig_size,1,1,0
nwindows,1,1,0
is_imm,1,1,0
tap_receive,1,1,0
slirp_vc,1,2,1
fd_can_read,2,2,0
rate-limit,2,1,-1
slirp_receive,1,1,0
first_client,2,2,0
ne2000_buffer_full,1,1,0
ne2000state,2,1,-1
e8390_stop,1,1,0
succeeded,3,2,-1
ldq_be_p,2,1,-1
nbd_errno_to_system_errno,1,1,0
be64_to_cpus,4,2,-2
offset_data,3,1,-2
lduw_be_p,5,2,-3
nbd_read,6,2,-4
suspect,2,1,-1
structured,3,1,-2
insn_start_idx,2,1,-1
tcgop,1,1,0
tcg_op_buf_count,2,1,-1
prev,6,3,-3
cur_bytes,4,2,-2
tpm2_ptr,1,1,0
tpm_find,1,1,0
dbgout,2,1,-1
e1000_txd_cmd_tse,1,1,0
txerr,1,1,0
ipv4,12,3,-9
udp,7,3,-4
vmstate_uint16_v,2,2,0
vmstate_uint32_v,2,1,-1
vmstate_uint8_v,1,1,0
s390_feat_stfle_45,1,1,0
mo_teq,2,1,-1
i2,2,1,-1
m1_64,1,1,0
la1,2,1,-1
s390_has_feat,8,2,-6
tx_bytes,2,1,-1
dwmajorversion,1,1,0
tx_packets,1,1,0
getprocaddress,1,1,0
hmodule,2,1,-1
tx_dropped,1,1,0
rx_packets,1,1,0
rx_dropped,1,1,0
osversioninfo,1,1,0
rx_bytes,2,1,-1
dwosversioninfosize,1,1,0
getversionex,1,1,0
be_driver,2,1,-1
mru_section,1,1,0
phys_section_unassigned,4,1,-3
section_covers_addr,1,1,0
+=,5,1,-4
local_map,1,1,0
bdrv_block_offset_mask,4,1,-3
-=,1,1,0
local_file,3,1,-2
expectations,1,1,0
bdrv_co_get_block_status,5,1,-4
type_spapr_cpu_core,4,1,-3
cpu_type,3,1,-2
iam,1,1,0
connecting,1,1,0
activation,1,1,0
16-byte,1,1,0
document,7,2,-5
requested_features,3,1,-2
cdb,4,3,-1
systemd,1,1,0
libcap,2,1,-1
violated,1,1,0
consists,2,1,-1
0x02,2,1,-1
scsi-generic,2,1,-1
devel,3,2,-1
-t,1,2,1
-f,1,1,0
closes,2,3,1
exposes,7,1,-6
0x5f,2,1,-1
qemu's,1,1,0
detailed,4,1,-3
invoking,1,1,0
big-endian,4,1,-3
visit_end_struct,9,7,-2
opts_get_visitor,1,2,1
trivial,5,1,-4
set_feature,10,3,-7
host_str,2,1,-1
inet_aton,1,2,1
laddr,1,1,0
lhost,1,1,0
kvm-hv,2,1,-1
post,3,1,-2
kvm-pr,1,1,0
kvmppc_is_pr,3,1,-2
kvm_set_sregs,1,3,2
querying,3,1,-2
verification,1,1,0
trace_colo_compare_miscompare,2,2,0
trace_colo_filter_rewriter_debug,1,1,0
disp,2,2,0
tcg_gen_andi_i64,4,3,-1
symlinks,1,2,1
nbd_opt_lookup,2,2,0
hmc,1,1,0
mimic,2,1,-1
qemu_tolower,1,1,0
toupper,3,1,-2
qemu_toupper,2,1,-1
g_hash_table_iter_init,4,1,-3
g_hash_table_iter_next,4,1,-3
io_sectors,5,2,-3
sectors_read,3,1,-2
bdrv_poll_while,4,1,-3
apt,4,2,-2
essential,2,1,-1
clang,4,3,-1
yy,3,1,-2
at_fdcwd,1,1,0
save_page_header,1,1,0
bytes_xmit,2,1,-1
ram_save_flag_compress,2,1,-1
bytes_transferred,5,1,-4
run_state_suspended,3,1,-2
tcg_out_arithi,1,1,0
vram_size_mb,1,2,1
mr_size,1,1,0
normally,13,2,-11
tci,1,2,1
ehci1,1,1,0
uhci1,1,1,0
uhci3,1,1,0
qhc,1,1,0
uhci2,1,1,0
mbr,3,1,-2
map_populate,1,1,0
siglongjmp,3,1,-2
sig_unblock,1,2,1
simultaneously,2,1,-1
qemu_thread_is_self,3,3,0
lockup,1,1,0
architecturally,5,3,-2
v7m_push_stack,1,2,1
xpsr,2,2,0
r_v7m_ccr_stkalign_mask,1,1,0
hardfault,4,1,-3
pushing,2,1,-1
assert_cpu_is_self,1,1,0
cputlbentry,6,2,-4
oversized,1,1,0
tlb_is_dirty_ram,1,1,0
vtlb,1,1,0
tlb_set_page_with_attrs,1,1,0
straight,4,1,-3
tlb_entry,2,1,-1
tlb_reset_dirty_range,3,1,-2
reasons,6,1,-5
addr_code,4,1,-3
orig_addr,1,1,0
respond,3,1,-2
slow,4,4,0
vidx,1,1,0
tlb_v_table,1,1,0
usbsts,1,1,0
vmstate_bool,11,4,-7
deadlocks,1,1,0
er,2,1,-1
decides,1,2,1
ioapiccommonstate,1,2,1
fpcsr,1,1,0
architectural,13,1,-12
invalidates,4,2,-2
often,12,1,-11
ofs,5,2,-3
qcrypto_cipher_free,2,3,1
unpriv,1,1,0
apsr,1,1,0
ipsr,1,1,0
xpsr_write,2,2,0
nvdimmdsmin,12,1,-11
set_label_data,2,1,-1
g_assert_cmpmem,2,1,-1
le16_to_cpus,1,1,0
le32_to_cpus,8,1,-7
fs_version,1,1,0
well-known,1,1,0
qvirtqueue_kick,3,1,-2
memwrite,3,3,0
qvirtqueue_add,3,1,-2
g_printerr,3,1,-2
hardcoded,2,1,-1
v9fs_qtest_pci_add,1,1,0
p9req,1,1,0
qvirtio9p,3,1,-2
r_size,1,1,0
free_head,3,1,-2
module_call_init,2,1,-1
virtqueue_detach_element,1,2,1
intr_supported,1,2,1
intr_eim,1,1,0
cpu_list_unlock,1,2,1
replaystate,2,1,-1
replay_enable_events,1,1,0
replay_state,6,1,-5
reqid,1,1,0
request_id,1,1,0
replay_disable_events,1,1,0
outlen,1,2,1
ibe,1,1,0
subsystem_vendor_id,3,1,-2
sw,3,1,-2
qht,2,1,-1
host_msg,1,1,0
serial_watch_cb,1,1,0
qemu_chr_fe_add_watch,6,2,-4
tsr_retry,3,3,0
g_io_hup,17,4,-13
max_xmit_retry,3,2,-1
watch_tag,1,1,0
virtio_get_queue,2,1,-1
virtio_queue_get_host_notifier,1,1,0
assign_error,2,1,-1
ioeventfd_assign,2,1,-1
event_notifier_cleanup,7,2,-5
virtio_queue_get_num,2,1,-1
started/stopped,1,1,0
transport,8,2,-6
assigning,3,2,-1
virtio_queue_max,5,1,-4
virtio_bus_get_device,3,1,-2
ioeventfd_started,1,1,0
check_clash,5,1,-4
bdrvnextiterator,1,2,1
bdrv_has_blk,3,1,-2
bdrv_first,2,2,0
bdrv_next,4,4,0
nbd_handle_reply_err,1,1,0
approaches,2,1,-1
cp1_fcr0,2,1,-1
fcr0_l,1,1,0
fcr0_d,1,1,0
fcr0_prid,1,1,0
fcr0_f64,3,1,-2
fcr0_w,1,1,0
active_fpu,9,1,-8
fcr0_s,1,1,0
fcr0_ufrp,1,1,0
fcr31_abs2008,1,1,0
bs_dest,5,2,-3
bs_src,5,2,-3
old_bs,5,2,-3
tqe_prev,2,1,-1
salen,2,2,0
sin_family,2,2,0
inaddr_loopback,1,3,2
sockaddr_in,8,3,-5
unin_dprintf,1,1,0
virt_gic_redist,2,1,-1
gic_ncpu,3,1,-2
target_fd_trans,2,1,-1
bus_mceerr_ao,1,1,0
fcntl_flags_tbl,4,1,-3
target_mask,1,1,0
tswap64,2,1,-1
bus_mceerr_ar,2,1,-1
oldmax,1,1,0
trans,2,1,-1
target_to_host_bitmask,5,1,-4
target_fd_max,2,1,-1
ssi_signo,1,2,1
signalfd,3,4,1
test_machine,3,2,-1
test_migrate_source_check,1,1,0
fseek,5,1,-4
start_time_ns,1,3,2
clock_type,5,4,-1
statistics,2,1,-1
blockacctstats,1,3,2
latency_ns,1,1,0
total_time_ns,1,3,2
bdrv_lookup_bs,6,3,-3
bdrv_find_node,3,1,-2
snapshot_node_name,3,1,-2
has_snapshot_node_name,2,1,-1
hcyl,1,1,0
bdrv_unref_child,1,3,2
curpag,1,1,0
dstat,1,2,1
th_sum,3,1,-2
template,2,2,0
recalculate,1,2,1
ip_id,3,1,-2
overwrites,2,1,-1
ip_proto,2,1,-1
60,3,3,0
subsequent,12,4,-8
ip_sum,1,2,1
migration_dirty_pages,1,4,3
synchronize_rcu,2,2,0
max_length,6,2,-4
ncq_err,1,1,0
vq_index,1,1,0
dual,3,2,-1
arm_feature_thumb_dsp,1,1,0
arm_feature_crc,1,1,0
arm_feature_thumb2,1,1,0
absolute,11,5,-6
pfds,3,1,-2
dirty_memory_migration,5,1,-4
dirty_memory_code,4,1,-3
dirty_memory_vga,10,2,-8
dirty_memory,2,1,-1
vregs,3,1,-2
machine_init,1,1,0
dtb,2,1,-1
preference,1,1,0
dtb_filename,1,1,0
dtb_arg,1,1,0
pci_init_multifunction,1,1,0
serial_isa_init,1,1,0
delim,1,1,0
fresh,1,1,0
age,1,1,0
misses,1,1,0
cache_is_cached,1,1,0
bitmap_sync_count,1,1,0
strncat,1,2,1
ohci_bm,1,1,0
alarm,4,1,-3
communicate,5,2,-3
returncode,2,2,0
vring_teardown,1,2,1
retains,2,1,-1
virtconsole,3,1,-2
ports_map,1,1,0
d0,10,1,-9
sf_sc,1,1,0
b1d4dc908401719c5de78c25313cf82c7cd1d602,1,1,0
glfs_init,1,1,0
vmstate_int32,7,1,-6
mst,4,1,-3
//wiki.qemu.org/securityprocess,1,1,0
michael,11,1,-10
tsirkin,5,1,-4
aliguori,13,3,-10
parallels,4,4,0
unrecoverable,2,1,-1
hub,3,3,0
has_dirty,1,1,0
ioba,2,1,-1
spapr_register_hypercall,4,2,-2
h_parameter,5,4,-1
spapr_tce_find_by_liobn,3,1,-2
qtailq_init,13,4,-9
buffer_alignment,3,1,-2
opt_mem_alignment,2,1,-1
bdrv_opt_mem_align,5,1,-4
device_unplugged,1,1,0
virtio_balloon_device_exit,1,1,0
uport,2,3,1
detached,1,1,0
extra_config,3,2,-1
sudo,6,1,-5
gui_pkgs,1,1,0
core_pkgs,1,1,0
test_cmd,4,2,-2
qq,2,1,-1
extra_pkgs,1,1,0
net_pkgs,1,1,0
silence,1,1,0
elapsed,2,1,-1
op_size,2,1,-1
computation,1,1,0
max_wait,3,1,-2
throttle_leak_bucket,1,2,1
sarl,2,1,-1
timer_opaque,1,1,0
throttleconfig,2,1,-1
throttlestate,2,1,-1
throttle_compute_wait,1,1,0
mpidr,1,1,0
c2_control,1,1,0
tb_invalidate_phys_page,2,1,-1
xlat,3,1,-2
address_space_translate,2,1,-1
memory_access_is_direct,3,1,-2
qemu_ram_ptr_length,2,1,-1
pt,4,1,-3
libtool,1,1,0
issued,8,3,-5
2^63,1,1,0
helper_,1,1,0
acc,1,1,0
ac,4,2,-2
sbytes,1,1,0
header_version,2,2,0
emediumtype,2,2,0
cpu_watchpoint,2,1,-1
force_dr6_update,1,1,0
check_hw_breakpoints,2,1,-1
bp_watchpoint_hit,5,1,-4
contributions,5,2,-3
cpudefinitioninfolist,1,2,1
cpudefinitioninfo,1,2,1
a810e4e72a0d42c7bc04eda57382f8e019add901,1,1,0
config_bsd,1,1,0
cmd.xfer,1,1,0
places,5,1,-4
dma_buf_read,1,1,0
cdbs,1,1,0
scsi_read_data,2,1,-1
srs,1,2,1
qerr_not_supported,1,1,0
receiver,2,1,-1
emits,1,1,0
qemu_mod_timer_ns,2,1,-1
monitorevent,1,1,0
balloon,3,1,-2
event_name,5,2,-3
globally,1,1,0
monitor_json_emitter,3,1,-2
milliseconds,4,1,-3
dispatch,12,4,-8
monitor_event_state,1,1,0
scale_ms,7,1,-6
rmb,1,1,0
vq-,2,1,-1
ordered,6,2,-4
keep_clusters,2,1,-1
count_cow_clusters,1,1,0
qcow_oflag_compressed,5,2,-3
pci0_hotplug_enable,1,1,0
qdev_free,3,1,-2
pci_device_get_class,1,1,0
csr_loop,3,1,-2
tmds,2,1,-1
tmd,2,1,-1
e_flags,1,2,1
get_user_u16,3,1,-2
disasm_info,1,1,0
print_insn,1,1,0
print_insn_arm,1,1,0
bfd_endian_little,1,1,0
ldl_code,1,1,0
bswap16,3,1,-2
bswap32,6,1,-5
get_user_u32,2,1,-1
halfword,5,1,-4
bfd_endian_big,1,1,0
bswap_code,3,1,-2
31..17,1,1,0
idt,2,2,0
gdt,4,2,-2
num_reqs,3,2,-1
s_isreg,1,1,0
scsi_req_cancel,2,2,0
spr_pir,1,1,0
stw_p,7,1,-6
spin_kick,1,1,0
epapr,1,1,0
e500v2,2,1,-1
semiconductor,2,1,-1
https,8,2,-6
freescale,4,1,-3
mas1,2,1,-1
alexander,5,1,-4
boot_info,2,2,0
mas7_3,1,1,0
curspin,1,1,0
mmubooke_create_initial_mapping,1,1,0
spanning,2,1,-1
env_idx,1,1,0
ppcmas_tlb_t,2,1,-1
-kernel,2,1,-1
pir,3,1,-2
ldub_p,1,1,0
suse.de,5,1,-4
stb_p,1,1,0
graf,5,1,-4
agraf,5,1,-4
load_info,1,1,0
mas2_m,1,1,0
booke206_get_tlbm,1,1,0
mas2,2,1,-1
write_verify_10,1,1,0
load_unload,1,1,0
write_same_16,2,1,-1
write_same_10,1,1,0
read_16,1,1,0
erase_16,1,1,0
blank,5,3,-2
maintenance_out,1,1,0
maintenance_in,1,1,0
write_16,1,1,0
hardware_error,1,1,0
invalid_opcode,2,1,-1
scsi_build_sense,1,1,0
i_t,1,1,0
nexus,1,1,0
scsi_req_dequeue,1,2,1
free_req,1,2,1
scsi_free_request,1,1,0
oldpath_size,1,2,1
cpu_v1,1,2,1
cpu_inject_x86_mce,1,1,0
kvm_inject_x86_mce,3,2,-1
mce_broadcast,1,1,0
mcm_addr_phys,2,1,-1
kvm_mce_broadcast_rest,2,1,-1
qemu_inject_x86_mce,2,1,-1
abort_on_error,2,2,0
mcg_status_mcip,3,2,-1
mcg_status_ripv,3,1,-2
get_option_parameter,5,1,-4
block_opt_backing_fmt,2,1,-1
qemuoptionparameter,6,1,-5
svga_pixmap_size,1,2,1
svga_bitmap_size,2,2,0
unreferenced,1,1,0
scanned,1,1,0
enhanced,2,1,-1
in-place,2,1,-1
table_nelems,1,2,1
last_error,1,2,1
unrecognized,1,2,1
uid/gid,5,1,-4
security_model,6,2,-4
fileserver,2,1,-1
sm_none,1,1,0
fse,7,2,-5
bs_snapshots,1,1,0
bdrv_can_snapshot,4,3,-1
load_vmstate,2,1,-1
bdrv_snapshot_goto,2,1,-1
pcii440fxstate,1,2,1
set_option_parameter_int,1,1,0
block_opt_size,8,1,-7
bdrv_sector_mask,1,1,0
cpu_synchronize_all_states,3,1,-2
kvm_put_runtime_state,1,1,0
kvm_put_reset_state,1,2,1
kvm_cpu_synchronize_post_init,1,1,0
kvm_arch_put_registers,1,2,1
cpu_synchronize_all_post_init,1,1,0
kvm_cpu_synchronize_post_reset,1,1,0
cpkt,1,1,0
mftb,1,1,0
__volatile__,1,1,0
__asm__,2,2,0
msix_page_size,1,1,0
load_seg,3,1,-2
vm_mask,4,1,-3
honor,1,2,1
segmentcache,2,2,0
ldt,4,1,-3
passwd,6,1,-5
daemonize,1,1,0
pw_gid,1,1,0
dup2,3,1,-2
accepting,1,1,0
sequences,7,1,-6
sdl_grab_on,1,2,1
sdl_show_cursor,1,2,1
gui_grab,3,3,0
hf_svmi_mask,1,1,0
old_exception,3,1,-2
sysemu.h,1,1,0
sigusr2,3,1,-2
pthread_t,3,1,-2
pthread_attr_t,1,1,0
sys_signalfd,1,2,1
qemu_service_io,2,1,-1
qemu_signalfd_siginfo,1,2,1
pthread_attr_destroy,1,1,0
posix_aio_state,1,1,0
_nsig,2,2,0
config_aio,1,1,0
posix_aio_flush,1,1,0
tid,1,3,2
us.ibm.com,13,1,-12
pthread_attr_init,1,1,0
2008,11,1,-10
rdt,1,2,1
do_raise_exception,3,2,-1
svn,2,1,-1
sparc32,5,1,-4
phys_ram_fd,2,1,-1
t64,3,2,-1
dma_as,7,1,-6
nbd_negotiate_send_rep_err,1,1,0
optlen,2,2,0
nbd_reject_length,1,1,0
nbd_drop,2,1,-1
imgspec,1,1,0
sha256,3,1,-2
sec0,1,1,0
test_img_base,1,1,0
overlay,5,3,-2
secret0,1,1,0
qemu_io_options_no_fmt,2,1,-1
secret,7,1,-6
encrypt,2,2,0
secret1,1,1,0
test_img_save,10,1,-9
_filter_img_info,1,1,0
imgspecbase,1,1,0
qemu_io_options,6,1,-5
arm_v7m_mmu_idx_for_secstate_and_priv,1,1,0
arm_v7m_mmu_idx_for_secstate,2,1,-1
type_cpu,1,1,0
mon_cpu,1,1,0
address_error,1,1,0
io_len,3,2,-1
ppc32,1,2,1
atomic_set__nocheck,1,1,0
net_checksum_calculate,5,1,-4
2.7,6,2,-4
a10,1,1,0
sock_fd,3,1,-2
writeout,2,2,0
mmuaccesstype,2,1,-1
physaddr,4,1,-3
free_and_fail,2,1,-1
cpu_ioreq_move,1,1,0
cpu_ioreq_pio,1,1,0
xen_map_cache,1,1,0
bdrv_open_common,2,1,-1
bdrv_co_pwrite_zeroes,4,1,-3
dz,1,1,0
abs_pointer_wanted,1,1,0
data_is_ptr,2,1,-1
xen_ram_alloc,2,1,-1
mmu_data_load,3,1,-2
nbd_send_option_request,1,1,0
request_sizes,1,1,0
nbd_opt_go,1,1,0
lose,3,2,-1
causing,4,2,-2
scsi_req_new,1,1,0
dcmd_opcode,1,1,0
handle_qmp_command,2,2,0
delay_ms,2,1,-1
kbd_timer,1,1,0
snapshotting,2,3,1
discards,1,2,1
pre_plugged,1,1,0
vid,2,1,-1
sd_strerror,1,1,0
object_property_add_uint32_ptr,1,1,0
legacy_piix,2,1,-1
bus_bsel,1,1,0
acpi_pcihp_legacy_size,1,1,0
bsel_alloc,1,1,0
grained,2,1,-1
'id,4,1,-3
rados_create,1,1,0
qdict_get_try_int,7,1,-6
vec_len,3,1,-2
dup,6,5,-1
polls,1,1,0
aio_epoll_enabled,2,1,-1
try_poll_mode,1,1,0
qemu_soonest_timeout,2,1,-1
g_io_err,16,2,-14
aio_epoll_check_poll,1,1,0
npfd,1,1,0
aio_epoll,1,1,0
submission,2,3,1
epoll_handler,1,1,0
io_read,8,1,-7
aio_node_check,2,2,0
is_external,2,2,0
getenv,10,2,-8
io_write,8,1,-7
add_pollfd,2,1,-1
qemu_poll_ns,3,1,-2
epollfd,1,1,0
throwing,4,1,-3
says,6,5,-1
xilinx,5,1,-4
zynq,2,1,-1
pba,1,4,3
pnv_chip,1,1,0
pnv_xscom,1,1,0
pnvchip,3,1,-2
pnv_chip_get_class,2,1,-1
xscom,1,1,0
pnv_core,2,1,-1
pnvchipclass,2,1,-1
x86cpuclass,3,1,-2
x86_cpu_get_class,1,1,0
deviceunrealize,2,1,-1
idebus,2,1,-1
idebus_unrealize,1,1,0
wi,13,1,-12
compensate,1,2,1
cpu_stb_data_ra,2,1,-1
xer_bc,1,2,1
gen_lswx,1,1,0
cpu_ldub_data_ra,2,1,-1
raise_exception_err_ra,1,1,0
close_htab_fd,1,2,1
behind,4,4,0
ptes,1,1,0
has_dynamic_sysbus,1,1,0
stl_le_phys,3,1,-2
pci_dma_read,4,1,-3
pci_dma_write,3,2,-1
ldl_le_phys,1,1,0
inval,1,1,0
synchronizing,1,1,0
deferred,2,1,-1
do_invalidate,1,1,0
fw_dir,2,1,-1
fw_file,2,2,0
nb_eventfds,2,1,-1
ivshmem_max_peers,1,1,0
new_min_size,1,2,1
old_size,1,2,1
peers,3,1,-2
expiry,3,1,-2
relinquish,1,1,0
temporarily,6,3,-3
differentiate,1,1,0
addressed,1,2,1
is_unboxed,1,1,0
unboxed,1,1,0
c_type,10,4,-6
simple_union_type,2,2,0
skipped,7,3,-4
mmu_inst_fetch,3,1,-2
mmu_translate,6,1,-5
path_debugfs_kvm,1,1,0
dk,2,1,-1
dh_params,3,2,-1
gnutls_dh_params_deinit,2,1,-1
dma_acct_start,1,1,0
qsg,1,2,1
usb,11,3,-8
enabled_capabilities,4,2,-2
dirty_sync_count,1,1,0
migration_status_none,2,1,-1
compress_level,3,1,-2
start_postcopy,1,1,0
xbzrle_cache_size,2,1,-1
rp_state,1,1,0
downtime,4,1,-3
from_dst_file,1,1,0
bandwidth_limit,3,1,-2
mbps,4,1,-3
sysfs,3,1,-2
rcu_head,3,1,-2
code_gen_buffer_size,5,1,-4
manage,5,2,-3
qemu_real_host_page_mask,1,1,0
ought,2,1,-1
size2,1,1,0
map_exec,1,1,0
qemu_madv_hugepage,2,1,-1
mprotect,1,3,2
full_size,1,1,0
steps,7,3,-4
prot_exec,6,1,-5
buf2,2,2,0
regnames,1,1,0
guest_bpp,1,1,0
guest_ll,1,1,0
bd,2,2,0
emrbr,1,1,0
mcf_fec_state,2,2,0
qcryptocipher,3,2,-1
onto,2,3,1
check_section_footer,1,1,0
skip_section_footers,1,1,0
say,7,3,-4
read_section_id,1,1,0
qemu_vm_section_footer,1,1,0
read_mark,1,1,0
monitor_protocol_emitter,4,1,-3
duplicated,1,1,0
monitor_suspend,3,1,-2
monitor_resume,2,1,-1
qemu_read_password,1,2,1
bdrv_is_encrypted,7,2,-5
bdrv_set_key,6,2,-4
bfi,4,1,-3
bdrvparallelsstate,3,1,-2
total_clusters,5,1,-4
bat_bitmap,2,1,-1
fragmented_clusters,4,1,-3
image_end_offset,2,1,-1
allocated_clusters,4,1,-3
prototypes,1,1,0
wstrict,1,1,0
declaration,2,1,-1
blk_new_with_bs,1,1,0
blk_new_open,1,1,0
spapr_tce_table,2,1,-1
spapr_tce_table_finalize,1,1,0
flush_to_zero,1,1,0
f64_exp,1,1,0
ldq_he_p,1,1,0
stl_he_p,1,1,0
stq_he_p,1,1,0
lduw_he_p,1,1,0
fw_cfg_write,1,1,0
ldl_he_p,1,1,0
stw_he_p,2,1,-1
binfo,1,1,0
define_virtio_serial_properties,1,1,0
define_virtio_scsi_properties,1,1,0
define_vhost_scsi_properties,1,1,0
tcgetattr,1,1,0
oldtty,2,1,-1
bufsize,6,2,-4
surface_size,1,1,0
bounce_buffer,1,1,0
oserror,1,1,0
shutil,1,1,0
collected,2,1,-1
statuses,1,2,1
app,3,2,-1
current_cmd,1,2,1
stdin,10,4,-6
popen,4,1,-3
subprocess,6,1,-5
qemu_vmstop_requested,2,1,-1
vmstop_requested,3,1,-2
vmstop,1,1,0
vm_state_notify,1,1,0
qevent_stop,1,1,0
qemu_get_betls,2,1,-1
tcs,1,1,0
bs_stop,3,2,-1
qemu_put_betls,2,1,-1
tcg_gen_st_tl,5,1,-4
newtls,1,1,0
tc,2,2,0
cp0_hwrena,1,1,0
usermode,4,1,-3
tcg_gen_ld32s_tl,1,1,0
observe,1,1,0
effects,4,2,-2
iostatus,2,1,-1
vmstate_uinttl_equal,1,1,0
all_used,1,1,0
type_dynamic_props,2,1,-1
scsibusinfo,2,1,-1
load_request,1,1,0
hpetstate,1,2,1
trace_usb_mtp_stall,1,1,0
linkproperty,1,1,0
uncompressed_sectors,2,1,-1
buf_off,2,1,-1
1m,3,2,-1
swap,5,1,-4
bs_old,2,1,-1
bs_new,6,1,-5
ppc_float_frsqrtes,3,1,-2
decoded_buf,1,2,1
rados,1,1,0
schedules,1,1,0
qemu_rbd_complete_aio,1,1,0
acb-,1,2,1
qemu_pipe,5,1,-4
event_reader_pos,2,1,-1
rbd_fd_read,1,1,0
event_rcb,1,1,0
tcg_rn,1,1,0
-+,3,1,-2
28,2,2,0
+-+,1,1,0
cpu_reg,5,1,-4
o0,3,1,-2
sf,4,1,-3
unsupported_encoding,9,1,-8
21,1,1,0
tcg_gen_ext32u_i64,3,1,-2
unallocated_encoding,7,1,-6
anchor,1,1,0
scsi_status_check_condition,4,1,-3
lbp,3,1,-2
has_write_same,1,1,0
scsi_sense_ascq_invalid_operation_code,1,1,0
lbpws,2,1,-1
scsitargetreq,1,1,0
stl_be_p,7,1,-6
xs_get_domain_path,1,1,0
data_reg,2,1,-1
tcg_reg_r4,1,1,0
minimize,3,1,-2
tcg_reg_r3,1,1,0
cmp_off,1,1,0
add_off,2,1,-1
placing,1,1,0
bf,1,1,0
rbase,1,1,0
nb_mmu_modes,4,2,-2
addr_reg2,1,1,0
cpu_tlb_entry_bits,4,1,-3
bswap,2,1,-1
is_load,2,1,-1
cpu_tlb_bits,1,2,1
tab,6,2,-4
object_property_find,7,1,-6
wrongly,2,1,-1
desc_dpl_mask,1,1,0
fixing,3,2,-1
cpu_x86_init,1,1,0
rom_device,2,1,-1
io_mem_notdirty,1,2,1
tsc_khz,1,2,1
sha1_digest_len,1,1,0
hash_size,1,1,0
guchar,1,1,0
gnutls_e_success,1,1,0
g_base64_encode,2,1,-1
gnutls_fingerprint,1,1,0
uep,1,1,0
reflects,2,1,-1
uhci_process_frame,2,1,-1
t_now,3,1,-2
frame_bytes,2,1,-1
frame_timer_freq,5,1,-4
qemu_opts_id,8,2,-6
surface_create,1,1,0
zero-filled,1,1,0
ok.,3,1,-2
sn_tab,4,2,-2
desirable,3,1,-2
sd_max_vdi_tag_len,1,1,0
cpu_enabled,2,1,-1
dictpath,2,1,-1
assert_no_active_streams,3,1,-2
connectstate,1,1,0
wait_for_connect,2,1,-1
connect_state,3,1,-2
ai_next,1,2,1
qemu_socket_rc_inprogress,1,1,0
getsockopt,1,2,1
inet_connect_opts,2,1,-1
in_progress,3,2,-1
inet_connect_addr,1,1,0
nonblockingconnecthandler,1,1,0
ehci_async_inflight,1,2,1
usb_cancel_packet,1,1,0
half-process,1,1,0
irr,4,4,0
imr,2,2,0
att,1,1,0
last_irr,1,2,1
qemu_arch_i386,3,1,-2
no_spurious_interrupt_hack,1,1,0
derivatives,1,1,0
acknowledged,1,2,1
irq2,2,1,-1
slave_pic-,1,1,0
pretend,4,3,-1
qemu_option_no_spurious_interrupt_hack,1,1,0
late,3,2,-1
do_interrupt_x86_hardirq,2,1,-1
pics,1,1,0
re-trigger,1,1,0
paddr_index,1,1,0
inet_connect,3,1,-2
error_is_type,2,1,-1
lsi_soft_reset,1,1,0
visit_end_list,2,3,1
slist,1,2,1
shas_,1,3,2
generate_visit_struct_body,1,1,0
visit_next_list,2,2,0
visit_start_list,1,3,2
native_i,1,2,1
skind,3,1,-2
scope,7,1,-6
argentry,1,2,1
visit_start_struct,8,5,-3
difference,6,2,-4
globals,6,2,-4
unpack,1,1,0
outfile,1,1,0
__all__,1,1,0
optparse,1,1,0
scrubbing,1,1,0
raw_pwrite,1,1,0
sorted,1,1,0
raw_pread,1,1,0
nb_completions,1,2,1
owns,3,2,-1
qstackentry,1,1,0
qmp_output_add_obj,1,2,1
n_entries,1,1,0
pp,9,2,-7
_and_,1,2,1
f-,1,1,0
qemu_file_set_if_error,1,1,0
qemu_close,4,1,-3
qemu_fflush,5,1,-4
buf_index,7,1,-6
int128_neg,1,1,0
int128_le,2,1,-1
int128_ge,3,1,-2
int128_add,4,1,-3
sdl_hwsurface,1,1,0
gui_fullscreen,2,1,-1
sdl_resizable,1,1,0
qemu_fair_mutex,1,1,0
acquire,12,4,-8
vreader,1,3,2
vcard,1,1,0
cert_count,1,1,0
440ep,2,1,-1
copy_to_user,1,1,0
kvm_get_sregs,1,2,1
kvm_arch_init_vcpu,1,2,1
subtraction,1,1,0
gen_helper_add_setq,1,1,0
new_stack,1,1,0
thread_env,1,1,0
ts1,1,1,0
pci_pref_memory_limit,1,1,0
pci_pref_base_upper32,1,1,0
pci_pref_range_mask,2,1,-1
typical,8,2,-6
pci_pref_limit_upper32,1,1,0
pci_io_base,3,1,-2
pci_io_range_mask,1,1,0
pci_memory_range_mask,2,1,-1
pci_io_limit,3,1,-2
pci_pref_memory_base,1,1,0
forwarding,2,1,-1
pci_memory_limit,1,1,0
pci_memory_base,1,1,0
dbd,2,1,-1
mode_sense_page,1,1,0
denoting,1,1,0
mode_select,1,1,0
bitmap_offset,4,3,-1
write_l1_entry,1,1,0
reinject_trap,1,1,0
kvm_update_guest_debug,1,1,0
robust_singlestep,1,1,0
kvm_has_robust_singlestep,1,1,0
injected,3,1,-2
tcg_out_opc_reg,1,3,2
opc_addu,1,1,0
tunsetoffload,1,1,0
bdrv_get_dirty,2,1,-1
dec,4,1,-3
uninstate,1,1,0
pci_mem_data,2,1,-1
powermac,1,1,0
sysbus_from_qdev,10,1,-9
out_noclean,4,1,-3
gethostname,1,1,0
h_addr,1,1,0
makeword,1,1,0
our_name,1,1,0
hostent,1,1,0
get_dns_addr,1,1,0
gethostbyname,1,1,0
wsastartup,1,1,0
wsadata,1,1,0
our_addr,1,1,0
tcgv_unused,1,1,0
bdrv_eject,2,1,-1
eject,1,1,0
ide_atapi_cmd_ok,2,1,-1
g1,1,1,0
watchpoints,8,1,-7
nb_watchpoints,1,1,0
cpu_breakpoint_remove_all,1,1,0
cpu_watchpoint_remove_all,1,1,0
indication,3,2,-1
uart_msr_dcd,1,1,0
uart_iir_rdi,1,1,0
uart_ier_msi,1,2,1
tmp_iir,1,1,0
qemu_irq_lower,10,1,-9
uart_msr_dsr,1,1,0
uart_iir_no_int,1,1,0
uart_msr_any_delta,1,1,0
uart_msr_cts,1,1,0
data_bits,2,1,-1
parity,2,1,-1
uart_fifo_length,1,2,1
transmit,2,2,0
uart_lsr_dr,2,3,1
fifo_put,1,1,0
poll_msl,1,2,1
uart_ier_rdi,1,1,0
qemu_chr_ioctl,1,1,0
serial_update_msl,2,1,-1
itl,2,1,-1
kp,1,1,0
keymap,2,1,-1
dcbt,1,1,0
ppc_cache,6,1,-5
ppc_wait,1,1,0
ppc_mem_eieio,4,1,-3
ppc_mem_sync,5,1,-4
msync,3,1,-2
treated,10,2,-8
interpreted,2,2,0
2.0x,1,1,0
dcbtst,1,1,0
sas,1,1,0
tcg_abort,5,1,-4
evt,12,2,-10
qapi_free_inputevent,1,1,0
ddr,1,1,0
par,4,1,-3
cc_has_warning_flag,2,1,-1
cap_dac_read_search,1,1,0
replacement,10,1,-9
first_ppc_cpu,2,1,-1
ppc_check_compat,1,2,1
val2,2,1,-1
val1,1,1,0
type_s390_pci_host_bridge,1,1,0
s390_feat_zpci,2,1,-1
cda,4,1,-3
cds,3,1,-2
ctrl0,1,1,0
kvm_ppc_get_htab_fd,1,1,0
htab_fd,2,1,-1
worlds,1,1,0
g_print,4,1,-3
gen_store_fpr64,2,1,-1
gen_load_fpr64,2,1,-1
b7_4,3,1,-2
fp0,4,1,-3
dr.,1,2,1
fp1,3,1,-2
boot-time,1,2,1
predicated,1,2,1
spapr_drc_index,4,1,-3
acknowledging,1,2,1
spapr_drc_type,5,1,-4
tcg_type_ptr,1,1,0
tcg_tmp0,1,1,0
bcm2835,1,1,0
unable,1,1,0
logger,2,1,-1
sdbus,2,1,-1
doorbell,1,3,2
pxb,2,1,-1
getlogger,1,1,0
armv7m,2,1,-1
__file__,3,1,-2
nand,1,1,0
bmc,3,1,-2
argparse,1,1,0
a9,2,1,-1
sdhci,1,1,0
peripherals,2,1,-1
mchpcistate,1,1,0
mch,7,1,-6
curl_num_states,2,1,-1
curl_init_state,1,1,0
ifetch,1,1,0
envflags,2,1,-1
fetched,2,1,-1
delay_slot_mask,2,1,-1
thuth,2,1,-1
blindly,1,1,0
blacklisted,2,2,0
thomas,4,1,-3
hmp_cmds,1,1,0
huth,3,1,-2
qtest_cb_for_every_machine,1,1,0
transp,2,1,-1
qerr_qmp_extra_member,2,1,-1
input_obj,2,1,-1
4.,4,1,-3
has_exec_key,1,1,0
qdict_entry_key,9,1,-8
json-value,1,1,0
6.,2,1,-1
qerr_qmp_bad_input_object,3,1,-2
5.,3,1,-2
listed,5,1,-4
qmp_check_input_obj,1,1,0
qdict_entry_value,5,1,-4
qdictentry,11,1,-10
input_dict,2,1,-1
qdict_next,10,2,-8
qdict_first,11,2,-9
qvirtio_pci_device_find,5,2,-3
symlink,7,1,-6
write_size,3,1,-2
s_iflnk,1,1,0
n_elems,2,1,-1
base_addr,3,1,-2
sizef,1,1,0
bdrv_snapshot_load_tmp,2,1,-1
uint64_c,2,2,0
migration_status_cancelling,2,1,-1
efd65f49929d7db775b26066d538c8120ae3db94,1,1,0
test_acpi_one,2,1,-1
gem_update_int_status,1,1,0
qemu_fopen_channel_output,1,2,1
memory_content,1,1,0
need_update,1,1,0
group_id,3,1,-2
pqxl,1,1,0
qxlphysical,2,1,-1
qxl_phys2virt,2,1,-1
qxl_get_check_slot_offset,1,1,0
cpu_addr,6,1,-5
tcg_gen_qemu_ld8u,2,1,-1
chooses,1,1,0
junk,1,1,0
ci,2,1,-1
ppc2_dbrx,2,1,-1
ppc_popcntwd,2,1,-1
st64,1,1,0
inhibited,1,1,0
host_to_target_errno_table,1,1,0
target_to_host_errno_table,1,1,0
errno_table_size,1,2,1
opts_visitor_cleanup,2,1,-1
ppc64abi32,1,2,1
armeb,1,2,1
mipsn32,1,1,0
ppc64le,1,1,0
mipsn32el,1,1,0
sparc32plus,2,2,0
chr_write,4,1,-3
*v,3,1,-2
to_ov,1,1,0
optsvisitor,3,1,-2
migration_blocker,11,1,-10
incoming_fifo,1,1,0
migrate_add_blocker,10,1,-9
fifo8_create,1,1,0
arm_is_secure,9,1,-8
offs,4,2,-2
double_cmp,1,1,0
pieces,1,1,0
popped,1,1,0
scsi_req_cancel_complete,1,1,0
bloc,1,1,0
blo,1,1,0
din,2,1,-1
dinf,1,1,0
socket_max_fds,1,1,0
cmsg_space,1,2,1
listen_addr,1,1,0
unixsocketaddress,5,1,-4
read_done,2,1,-1
qemu_file_get_rate_limit,1,1,0
num_used_regs,2,1,-1
xhcitrb,1,1,0
qcrypto_cipher_mode_cbc,4,1,-3
qcrypto_cipher_encrypt,2,1,-1
qcrypto_cipher_alg_aes_256,1,1,0
qcrypto_cipher_new,2,1,-1
visit_type_enum,3,1,-2
string_output_visitor_cleanup,1,1,0
migrate_generate_event,1,1,0
compress,9,1,-8
virtio_pci_queue_notify,1,1,0
qemu_virtio_pci_queue_mem_mult,1,1,0
virtio_pci_flag_disable_legacy,2,1,-1
pci_error_message,1,1,0
pcie_aer_inject_error_print,1,1,0
machine_kernel_irqchip_required,1,1,0
ahcicommand,2,1,-1
responses,4,2,-2
post-command,1,1,0
pxci,1,1,0
ahci_command_slot,1,1,0
ahci_port_check_error,1,1,0
ahci_px_is_dhrs,2,1,-1
ahci_px_is_pss,1,1,0
xbytes,1,1,0
ahci_port_check_interrupts,1,1,0
ahci_px_is_dps,2,1,-1
sipi_vector,3,1,-2
mfre,1,1,0
/***********************************************************/,2,1,-1
nic_conf,1,1,0
define_nic_properties,1,1,0
run_qemu_img,1,1,0
macio_state,2,1,-1
tbfreq,3,1,-2
maciostate,2,1,-1
is_zero,1,1,0
l1_entry,2,1,-1
read-write,3,1,-2
combine,1,1,0
pg_user_mask,7,1,-6
ptep,7,1,-6
cr4_smep_mask,4,1,-3
curr_header,4,1,-3
vhdxheader,3,1,-2
microsoft,6,1,-5
vmstate_int32_le,1,1,0
cpreg_vmstate_array_len,2,1,-1
back_flags,1,1,0
non-msix,1,1,0
extent_offset,2,1,-1
x0,2,2,0
g_strconcat,1,1,0
num_ports,3,2,-1
config_posix,6,2,-4
dac,2,1,-1
cold,1,3,2
mxcsr,1,1,0
set_flush_to_zero,1,1,0
get_page_addr_code,3,1,-2
spawned,1,1,0
command_line,3,1,-2
g_array_index,7,1,-6
replayed,5,1,-4
bdrvvhdxstate,6,1,-5
complete_and_wait,1,2,1
sync_mode,3,1,-2
get_clock,2,3,1
cpu_ticks_enabled,1,1,0
8-bit,4,1,-3
cpuid_ext_vmx,2,1,-1
cpuid_find_entry,2,1,-1
msr_ia32_feature_control,1,1,0
quote,2,1,-1
delimiter,1,1,0
precede,1,1,0
initializing,3,2,-1
g_string_append_c,1,1,0
access_with_adjusted_size,3,1,-2
minimums,1,1,0
access_size_max,2,1,-1
c.f,1,1,0
access_size_min,2,1,-1
memory.c,1,1,0
infiniband,1,1,0
similarly,5,4,-1
pure,7,1,-6
qemu_rdma_broken_ipv6_kernel,1,1,0
verifying,1,1,0
rdma_getaddrinfo,1,1,0
num_devices,1,1,0
proceed,2,2,0
knowledge,2,2,0
rdma_addrinfo,1,1,0
port_str,2,1,-1
ibv_link_layer_ethernet,1,1,0
ai_dst_addr,1,1,0
unconditionally,6,3,-3
verbs,1,2,1
link_layer,1,1,0
sofware,1,1,0
errparg,1,2,1
c_var,2,1,-1
ored,1,1,0
iotlb,16,1,-15
iwp,3,1,-2
finalize,5,1,-4
g_source_unref,10,1,-9
fd_tag,2,1,-1
g_source_destroy,5,2,-3
shiftcount,1,1,0
readw,2,1,-1
writew,3,1,-2
dt_curses,1,1,0
is_daemonized,1,1,0
curses_display_init,1,2,1
redirected,2,1,-1
default_virtcon,2,1,-1
setups,1,1,0
default_serial,2,1,-1
default_monitor,1,1,0
full_screen,3,2,-1
default_parallel,1,1,0
dt_nographic,1,1,0
redirect,1,1,0
historically,3,1,-2
ivshmem_has_feature,1,2,1
error_get_class,2,2,0
errorclass_lookup,1,1,0
tcg_target_ulong,2,1,-1
qdev_init_gpio_out,4,1,-3
dma_init,2,1,-1
set_int32,1,1,0
dev_state_created,5,1,-4
qerr_permission_denied,4,1,-3
target_page_align,8,3,-5
*not*,3,1,-2
app_cmd,1,1,0
switch_mode,1,1,0
tracked_request_begin,3,1,-2
my_ram_size,2,1,-1
reqs,4,3,-1
nr_iov,2,1,-1
create_iovec,1,1,0
flash_size,2,2,0
read_targphys,1,1,0
iscsi_aio_readv,1,1,0
iscsi_which_events,1,1,0
aiopool,3,2,-1
trace_iscsi_aio_writev,1,1,0
blockacb,2,2,0
pollin,3,1,-2
command_data,1,4,3
pollout,2,1,-1
iscsi_process_read,1,1,0
read_size,1,1,0
sector_qemu2lun,4,2,-2
qemubhfunc,2,1,-1
iscsitask,3,2,-1
fua,2,1,-1
2010-2011,4,1,-3
coroutinethreadstate,1,1,0
coroutineaction,1,1,0
stash,1,2,1
pool_size,2,1,-1
config_win32,7,2,-5
pool_next,2,1,-1
coroutine_get_thread_state,1,1,0
pool_max_size,2,1,-1
from_,2,1,-1
to_,1,1,0
coroutine_trampoline,1,1,0
qemu_coroutine_switch,1,2,1
fpip,1,1,0
fpdp,1,1,0
vmstate_uint64_v,2,1,-1
fpop,1,1,0
host_long_bits,3,1,-2
vsc_error,1,1,0
passthrustate,1,1,0
0x1f,5,1,-4
vsc_success,1,1,0
atr,2,2,0
vscerrorcode,1,1,0
qemu_chr_write,6,1,-5
0x38,2,1,-1
0x03,1,1,0
ccid,2,2,0
ccidcardstate,1,2,1
scr_msg_header,1,1,0
vsc_cannot_add_more_readers,1,1,0
vsc_general_error,2,1,-1
vscmsgtype,1,1,0
vsc_apdu,1,1,0
vscmsgerror,1,1,0
apdu,2,2,0
vscmsginit,1,1,0
atm,2,1,-1
ccid_card_vscard_send_error,1,1,0
smart,5,1,-4
d_warn,1,1,0
cur_nr_sectors,2,1,-1
qf,3,1,-2
strtab,1,1,0
ide_atapi_cmd_reply,1,2,1
cpu_to_ube16,1,1,0
start_offset,2,1,-1
qerr_device_locked,1,1,0
bdrv_is_removable,2,2,0
qerr_device_not_removable,1,1,0
helper_check_align,2,1,-1
cluster_num,2,1,-1
4.4,1,1,0
virtio_net_f_guest_tso4,4,1,-3
virtio_net_f_guest_ecn,4,1,-3
virtio_net_f_guest_csum,4,1,-3
virtio_net_f_guest_tso6,4,1,-3
e1000_receive,1,1,0
isa_unassign_ioport,1,1,0
e1000_cleanup,1,1,0
dma_out,2,1,-1
pcieepro100state,1,1,0
fs_eth,2,1,-1
eepro100,1,1,0
dp8393xstate,2,1,-1
ethregs,1,1,0
io_base,10,1,-9
mipsnetstate,2,1,-1
pci_nic_uninit,1,1,0
net_tap_fd_init,1,2,1
vlan_id,1,1,0
timing,1,1,0
end_name,1,2,1
pm1,3,1,-2
pollfd,1,1,0
tcg_out_mov,4,1,-3
qdev_hotplug,1,2,1
hotplughandler,6,2,-4
hotplug_ctrl,2,2,0
get_hotplug_handler,1,1,0
iothread_run,2,1,-1
g_main_loop_quit,2,3,1
is_express,1,1,0
block_jobs,1,1,0
block_job_next,1,1,0
job_list,1,1,0
inherits_from,1,1,0
full_open_options,1,1,0
nbd_cmd_write_zeroes,1,1,0
nbdflags,7,1,-6
addressing,4,1,-3
lacks,2,1,-1
mingw,1,1,0
create_fast_reuse_socket,1,2,1
slisten,3,2,-1
port_min,1,2,1
beat,1,1,0
port_max,1,1,0
l1_map_addr_space_bits,6,1,-5
pushd,1,1,0
_fatal,2,1,-1
qemu_nbd_prog,3,1,-2
popd,1,1,0
qemu_img_prog,5,1,-4
realpath,7,2,-5
_init_error,3,1,-2
set_prog_path,1,1,0
cpu_map_lowcore,3,1,-2
stfl_fac_list,1,1,0
cpu_unmap_lowcore,3,1,-2
submit,3,2,-1
compile-time,1,1,0
side-effects,1,1,0
lduw_le_p,2,1,-1
ldl_le_p,3,1,-2
encryptfmt,2,1,-1
tcg_gen_st32_i64,1,2,1
tcg_const_i64,13,3,-10
ir_a0,1,2,1
ps_int_mask,1,1,0
alphacpu,3,2,-1
do_illegal,1,1,0
rsdp_sleep_us,1,1,0
vgid_guid,1,1,0
rsdp_tries_max,1,1,0
100ms,2,3,1
rsdp_addr_invalid,1,1,0
rsdp_offset,1,1,0
acpi_find_rsdp_address,1,1,0
debug_misc,2,1,-1
so_urgc,1,1,0
so_state,2,1,-1
urgent,1,1,0
modifiers,5,1,-4
kbd,1,1,0
ov5_mmu_radix_300,1,1,0
plug,6,1,-5
anyone,1,1,0
qemu_hexdump,1,2,1
tr,8,1,-7
picmr,1,1,0
picsr,1,1,0
dtlb,4,1,-3
dtlb_size,1,1,0
rbd_max_image_name_size,2,1,-1
gone,6,2,-4
old_set,2,1,-1
synchronous,10,1,-9
lookup_type,1,2,1
byteorder,1,1,0
track_lock,1,1,0
guest_cursor,1,1,0
useless,2,1,-1
traditional,2,1,-1
local_create_mapped_attr_dir,1,2,1
nname,1,1,0
oname,1,2,1
strtoll,4,2,-2
wrappers,4,1,-3
converted,9,2,-7
noted,2,1,-1
ullong_max,2,3,1
qemu_strtoull,2,1,-1
long_min,1,1,0
harder,1,1,0
bdrv_new_open_driver,1,1,0
qiotask,1,1,0
fifo8_destroy,1,1,0
pgm_operand,2,1,-1
pgm_addressing,8,1,-7
memory_region_dispatch_read,1,1,0
program_interrupt,15,1,-14
ddebug,2,1,-1
trace_colo_filter_rewriter_pkt_info,1,1,0
sdebug,2,1,-1
mux_chr_set_handlers,1,1,0
qemu_chr_fe_set_handlers,5,1,-4
qemu_chr_fe_get_driver,2,1,-1
iocanreadhandler,3,1,-2
chardriver,2,1,-1
spr_970_hid5,3,1,-2
helper_dcbz,1,1,0
dcbz_size,1,1,0
e500mc,3,1,-2
is_dcbzl,1,1,0
tlb_vaddr_to_host,3,1,-2
gen_helper_dcbz,1,1,0
dcbz,2,1,-1
powerpc_excp_970,3,1,-2
tcgv_addr,1,1,0
tcgv_is_dcbzl,1,1,0
reserve_addr,1,1,0
haddr,2,1,-1
do_dcbz,1,1,0
vinput,1,1,0
listen_tag,1,1,0
qio_channel_add_watch,2,1,-1
dr_cpu_enabled,1,2,1
dynamic-reconfig/hotplug,1,1,0
mail,1,1,0
platforms,5,1,-4
hacking,1,1,0
integration,3,1,-2
project,1,1,0
tech,1,1,0
virt,5,1,-4
toolchain,1,1,0
//lists.nongnu.org/mailman/listinfo/qemu-devel,1,1,0
near,2,1,-1
armv7,1,1,0
mailing,1,1,0
consult,1,1,0
involve,2,1,-1
hypervisors,1,1,0
wishing,1,1,0
applications,6,1,-5
multi,8,1,-7
html,3,1,-2
guidelines,1,1,0
ppc_get_vcpu_dt_id,1,1,0
spaprcpucore,2,1,-1
cpucore,1,1,0
spapr_cpu_core,2,1,-1
cpu_core,1,1,0
blk_ref,1,2,1
blk_new,4,1,-3
blk_insert_bs,4,1,-3
took,3,3,0
qmp_output_get_visitor,5,1,-4
range1,1,1,0
"1,2",1,1,0
g_list_next,2,1,-1
"0,1",2,1,-1
unavailable,8,1,-7
assistance,1,2,1
excp_vectors,2,1,-1
iii,1,1,0
powerpc_excp_reset,1,1,0
gen_priv,1,1,0
technically,2,2,0
helper_raise_exception,2,2,0
routed,1,1,0
ppc2_fp_cvt_s64,2,1,-1
nr_segments,1,1,0
src-,1,1,0
plane,5,1,-4
read_event_kind,3,1,-2
get_cpu_index,1,1,0
lsi,2,1,-1
check_exception_irq,2,1,-1
error_reportf_err,5,1,-4
ohci_die,1,1,0
fcs,3,2,-1
crc,5,1,-4
arr,2,2,0
string0,2,2,0
qapi_free_userdeftwo,1,2,1
dict2,4,1,-3
dict1,5,2,-3
portsc_connect,1,1,0
parse_args,3,1,-2
tag_name,6,1,-5
generate_visit_enum,1,1,0
del,2,2,0
generate_visit_alternate,1,1,0
generate_visit_list,1,1,0
memb,3,2,-1
enum_full_value,1,1,0
discriminator_find_enum_define,2,1,-1
rxbuffersize,1,1,0
added_chunks,1,1,0
qdev_fw_name,5,1,-4
fd_msr_nondma,1,1,0
fd_msr_rqm,1,1,0
input_file,1,1,0
continue_after_map_failure,1,1,0
cpu_register_map_client,1,1,0
reschedule_dma,1,1,0
map_client_list_lock,1,1,0
expr_elem,9,1,-8
check_enum,1,1,0
check_event,1,1,0
myenum,4,1,-3
add_enum,5,1,-4
max_cpumask_bits,11,1,-10
c5379760aa1fea5e38f7a78b090f92bb7813ee,1,1,0
bmdma_page_size,1,1,0
dma_regs,1,2,1
output_format,2,1,-1
forget,3,1,-2
h4,1,1,0
enxio,1,1,0
h2,1,1,0
holes,3,1,-2
d3,2,1,-1
h1,2,2,0
d4,1,1,0
cancel_async,1,1,0
uart_mcr_loop,2,1,-1
fifo8_pop,1,1,0
loopback,1,1,0
serial_receive1,1,1,0
mcr,3,1,-2
backing_qiov,1,1,0
shortened,2,1,-1
target_nr_sigreturn,2,1,-1
timeridx,1,1,0
c14_timer,1,1,0
oldval,1,1,0
aio_ctx,5,1,-4
use_aio,4,1,-3
event_notifier_ready,1,1,0
bootstrap_pc,1,1,0
last_ram_offset,2,3,1
precision,8,2,-6
apic_irq_delivered,1,1,0
extra_data_size,1,1,0
tx_control_dev,1,1,0
tx_data_dev,1,1,0
apic_id,13,1,-12
acpi_cpu_hotplug_id_limit,4,1,-3
intregm_pending,1,1,0
intbit_to_level,1,1,0
gen_qemu_ld64,2,1,-1
last_offset,1,1,0
last_version,1,1,0
last_seen_block,1,1,0
usercreatableclass,3,2,-1
user_creatable_class,2,2,0
rngbackend,1,1,0
vfio_allow_kvm_msix,1,1,0
vfio_allow_kvm_msi,1,1,0
kvm_irqchip_add_msi_route,1,1,0
optimize,9,1,-8
num_cpus,4,1,-3
master_abort_mem,1,1,0
master_abort_mem_priority,1,1,0
master_abort_mem_ops,1,1,0
master_abort_mem_write,1,1,0
memory_region_add_subregion_overlap,12,2,-10
master_abort_mem_read,1,1,0
fdt_size,4,1,-3
_f,3,1,-2
binary_device_tree_file,2,1,-1
_b,1,1,0
cmd_read_dma,1,1,0
nonsense,1,1,0
qcow2_incompat_mask,1,1,0
i.e.,1,1,0
qcow2_feat_type_incompatible,1,1,0
repaired,1,1,0
qemu_aio_wait_all,1,1,0
oem_table_id,8,1,-7
acpi_table_header,3,1,-2
ext_hdr,1,1,0
has_header,1,1,0
oem_revision,1,1,0
acpi_table_hdr_size,1,1,0
easier,7,2,-5
acpi_payload_size,1,1,0
allen,1,1,0
dfl_hdr,1,1,0
asl_compiler_revision,1,1,0
asl_compiler_id,1,1,0
_length,2,1,-1
acpi_table_pfx_size,1,1,0
usb_ret_success,1,1,0
tcg_gen_not_tl,1,1,0
tcg_gen_ext32u_tl,5,1,-4
sent_cb,2,1,-1
obj-,2,1,-1
qtailq_entry,11,2,-9
splits,1,1,0
usbport,4,1,-3
qtailq_head,11,1,-10
qtailq_last,5,1,-4
usb_ret_async,3,3,0
ferror,2,1,-1
fprintf_func,4,1,-3
bats,1,2,1
kvm_sregs,4,1,-3
spr_hior,2,1,-1
slbe,1,1,0
finds,3,1,-2
cpu_physical_memory_is_dirty,3,1,-2
cpu_physical_memory_set_dirty_flags,2,1,-1
code_dirty_flag,3,1,-2
seeing,3,1,-2
async_stepdown,1,1,0
clock_getres,1,1,0
sched_get_priority_max,1,1,0
mmap2,1,1,0
pipe2,1,2,1
sched_getparam,1,1,0
sched_get_priority_min,1,1,0
2012-01-13,3,1,-2
semget,1,1,0
sendto,1,2,1
getpeername,2,2,0
sched_getscheduler,1,1,0
fdatasync,3,1,-2
phys_dirty,1,1,0
herve,1,1,0
upgrade,2,2,0
xn,6,2,-4
pxn,2,2,0
arm_feature_lpae,1,1,0
intrmask,1,1,0
virtio_load,2,2,0
iscsi_aio_discard,1,1,0
rc10,1,2,1
scsi_readcapacity10,1,2,1
scsi_readcapacity16,1,2,1
iscsi_create_context,1,1,0
bdrv_aio_discard,2,1,-1
unmap_list,1,1,0
iscsi_unmap_task,2,1,-1
returned_lba,1,2,1
iscsi_unmap_cb,1,1,0
block_length,1,2,1
rc16,1,2,1
virtio_blk_f_scsi,2,1,-1
virtio_blk_s_unsupp,2,1,-1
jan.kiszka,1,1,0
pci_enabled,4,2,-2
piccommonstate,1,1,0
ag,1,1,0
kiszka,2,1,-1
kvm_cap_irq_routing,2,1,-1
kvm_pic_init,1,1,0
jan,2,1,-1
memory_region_init_reservation,2,1,-1
siemens,1,1,0
siemens.com,1,1,0
i8259_irq,2,1,-1
joinable,1,1,0
qemuthreaddata,1,1,0
openthread,1,1,0
getcurrentprocess,1,1,0
synchronize,8,1,-7
racy,3,1,-2
on-disk,1,1,0
cur_l1_bytes,1,2,1
qcowsnapshot,2,1,-1
driver_status,2,1,-1
host_status,2,1,-1
elm,2,1,-1
linking,3,1,-2
exception_taken,1,1,0
ps_intlevel,1,1,0
ps_intlevel_shift,1,1,0
tcause,1,1,0
do_interrupt,9,2,-7
get_reg32,1,1,0
g_cpu,2,1,-1
c_cpu,4,1,-3
modification,1,1,0
uregs,2,1,-1
debugger,1,1,0
hx,1,1,0
commandline,1,2,1
notifications,3,1,-2
bdrv_o_cache_mask,2,1,-1
cache=writethrough,1,1,0
lduw_p,4,1,-3
spice_server,6,1,-5
spice_server_set_sasl_appname,1,1,0
gssapi,1,1,0
controlled,9,1,-8
authenticate,1,1,0
opl,2,1,-1
max_pils,1,1,0
cpu_irqs,4,1,-3
virtio_net_s_link_up,2,1,-1
virtio_net_set_status,1,1,0
out_bs,3,1,-2
bdrv_o_flags,5,1,-4
out_filename,3,1,-2
bdrv_new_open,6,1,-5
mmuregs,1,1,0
sock_dgram,1,1,0
o_cloexec,4,1,-3
qemu_accept,1,1,0
fd_cloexec,5,1,-4
accept4,1,2,1
f_setfd,5,1,-4
pf_inet,3,1,-2
pipefd,2,1,-1
rarp,1,1,0
htons,3,1,-2
self_announce_rounds,2,1,-1
ethertype,1,1,0
warn_unused_result,1,2,1
qemu_bh_poll,4,1,-3
installing,2,1,-1
defheading,3,2,-1
file2,2,1,-1
send_queue,1,1,0
vlanpacket,1,1,0
cga,2,2,0
cw,1,1,0
vga_sync_dirty_bitmap,2,2,0
multi_scan,1,1,0
mptable_init,1,1,0
paul,1,1,0
brook,1,1,0
rombios32,2,1,-1
ih_size,1,1,0
qemu_bh_schedule_idle,1,1,0
bhp,1,1,0
fs_dma_ctrl,1,1,0
do_sendkey,2,1,-1
separator,2,1,-1
keycode,7,1,-6
nb_keycodes,1,1,0
int_pgm_code,3,1,-2
pgm_protection,2,1,-1
forwarded,2,1,-1
tprot,1,1,0
s390_cpu_virt_mem_handle_exc,2,1,-1
fetching,4,1,-3
r_lqspi_cfg,2,1,-1
media,6,1,-5
iothread0,1,1,0
virtual_cssid,1,1,0
channel_subsys,4,1,-3
object_class_property_add_bool,1,1,0
default_cssid,2,1,-1
subchannel,4,1,-3
bus_id,1,1,0
cssdevid,2,1,-1
is_virtual,1,1,0
devid,4,1,-3
worked,1,1,0
af_inet6,4,2,-2
detaching,1,1,0
spapr_lmb_release,2,1,-1
outdev,2,1,-1
error_class_device_not_found,8,1,-7
shpc_free,1,1,0
define_prop_on_off_auto,1,1,0
submodules,1,1,0
sm,2,1,-1
baum,2,1,-1
unicore32_cpu,1,1,0
unicore32cpu,1,1,0
g_str_hash,4,1,-3
g_hash_table_new,2,1,-1
error_class_device_not_active,2,1,-1
g_hash_table_destroy,2,2,0
error_class_command_not_found,3,2,-1
qapierrorclass_lookup,1,2,1
common_args,1,2,1
ret_type,3,1,-2
visit_type_schemainfolist,1,1,0
config_pci,1,1,0
hresult_from_win32,2,1,-1
convertstringsidtosidw,1,1,0
domainname,1,1,0
sid,4,1,-3
grouptype,1,1,0
lookupaccountsidw,1,1,0
hresult,4,1,-3
hr,5,1,-4
domainnamelen,1,1,0
psid,1,1,0
localfree,3,1,-2
bufferlen,1,1,0
lpwstr,1,1,0
access_int,2,2,0
supervisor_mode,1,1,0
get_physical_address,1,2,1
pvr_pcc,2,1,-1
type_info,3,1,-2
lc_all,1,1,0
conn_list,2,2,0
colo_old_packet_check_one_conn,1,1,0
checkpoint,14,1,-13
g_queue_find_custom,2,1,-1
memory_region_reset_dirty,4,1,-3
memory_region_get_dirty,3,1,-2
obtained,3,1,-2
blk_perm_write_unchanged,5,1,-4
blk_perm_write,5,1,-4
rtas_out_no_such_indicator,4,1,-3
buf_free_count,2,1,-1
hmp_handle_error,5,1,-4
blk_perm_all,6,1,-5
tcgv_env,1,1,0
di,3,1,-2
cf,3,1,-2
reset_value,1,1,0
feat_hyperv_edx,1,1,0
migrate_postcopy_ram,3,1,-2
dst_only,1,1,0
tcg_gen_shl_i64,1,1,0
comparing,2,1,-1
tcg_gen_shri_i32,4,1,-3
coldfire,1,1,0
tcg_gen_shli_i32,2,1,-1
tcg_gen_neg_i32,1,1,0
tcg_gen_extu_i32_i64,5,1,-4
tcg_gen_movcond_i32,3,1,-2
tcg_gen_movcond_i64,2,1,-1
switched,5,1,-4
virtio_queue_get_guest_notifier,1,1,0
releases,6,1,-5
1.0,6,1,-5
guest_notifier,1,1,0
ef28695a8309028b26fe83c,1,1,0
among,3,1,-2
sockop_getsockname,1,1,0
recvmmsg,1,1,0
do_accept4,1,1,0
sockop_setsockopt,1,1,0
optval,1,1,0
sockop_recvmsg,1,1,0
optname,1,1,0
sockop_accept,1,1,0
sockop_recv,1,1,0
sendmmsg,1,1,0
sockop_send,1,1,0
sockop_bind,1,1,0
sockop_listen,1,1,0
sockop_shutdown,1,1,0
sockop_getsockopt,1,1,0
sockop_accept4,1,1,0
sockop_socket,1,1,0
sockop_getpeername,1,1,0
sockop_recvfrom,1,1,0
vptr,2,1,-1
socketpair,1,2,1
sockop_connect,1,1,0
sockop_sendto,1,1,0
sockop_socketpair,1,1,0
sockop_sendmsg,2,1,-1
handle_pending_signal,2,1,-1
strict,7,1,-6
brought,1,1,0
ensuring,1,1,0
base_core_type,1,1,0
connector,1,1,0
reaches,2,1,-1
ehci_raise_irq,1,1,0
usbsts_frindex,1,1,0
ioc_r,4,1,-3
blksszget,1,1,0
mk_ptr,7,1,-6
quota,2,1,-1
dispatched,3,1,-2
accounting,1,3,2
slice_ns,1,1,0
slice_quota,3,1,-2
next_slice_time,3,1,-2
pbdev,11,3,-8
s390_pci_generate_error_event,1,1,0
zpci_msi_vec_bits,1,1,0
s390_pci_find_dev_by_fid,1,1,0
avpn,1,1,0
hpte64_v_valid,2,1,-1
hpte64_v_compare,2,1,-1
g_list_append,2,1,-1
gic_fdt_irq_ppi_cpu_width,1,1,0
has_pmu,2,1,-1
gic_fdt_irq_ppi_cpu_start,1,1,0
gic_version,3,1,-2
kvm_arm_pmu_create,1,1,0
ppi,4,1,-3
irqflags,1,1,0
virtual_pmu_irq,2,1,-1
gictype,1,1,0
priority_mask,2,1,-1
best_irq,1,1,0
fiq_level,1,1,0
gic_set_irq,2,1,-1
gic_acknowledge_irq,1,1,0
running_priority,2,1,-1
visit_type_null,1,1,0
object_property_set,1,1,0
sdl_grab_end,1,1,0
check_hwrena,1,1,0
notrun,4,1,-3
ud,1,1,0
excp06_illop,3,1,-2
hf_osfxsr_mask,1,1,0
cpu_ldub_code,4,1,-3
cpuid_ext2_features,8,1,-7
prefix_data,2,1,-1
bdrv_nb_sectors,3,1,-2
arm_cpu_mode_mon,2,1,-1
pl1,3,1,-2
sensor_owner_number,1,1,0
sdr,7,1,-6
xadc_reg,1,1,0
zynq_xadc_num_adc_regs,1,1,0
xadc_cmd,1,1,0
dcmd_size,2,1,-1
cpu_tmp0,7,1,-6
tt_priv_insn,1,1,0
cputimer,2,1,-1
gsourcefunc,5,1,-4
gmainloop,4,2,-2
g_main_context_iteration,2,1,-1
g_idle_add,3,2,-1
gthread,3,1,-2
g_main_loop_new,4,2,-2
pc_machine_get_class,5,1,-4
pcmc,7,1,-6
pcmachineclass,5,1,-4
need_cast,2,1,-1
gen_err_check,3,1,-2
errarg,1,1,0
visit_optional,1,1,0
gen_visit_fields,1,1,0
device_type_list,1,1,0
qlist_foreach_entry,3,1,-2
alt1,3,1,-2
missingtype,1,1,0
apic_lvt_masked,1,1,0
esr,1,1,0
apic_lvt_timer,1,1,0
lvt,2,1,-1
initial_count,1,1,0
spurious_vec,3,1,-2
apic_dm_nmi,1,1,0
divide_conf,1,1,0
apic_lvt_lint0,2,1,-1
apic_common,4,1,-3
apic_lvt_lint1,1,1,0
apiccommonstate,6,1,-5
dest_mode,2,1,-1
num_children,4,2,-2
unparent,1,1,0
waitformultipleobjects,5,1,-4
bdrv_is_sg,2,1,-1
update_cc_op,1,1,0
set_cc_static,2,1,-1
gen_op_calc_cc,1,1,0
mvc,1,1,0
crossing,3,1,-2
vhost_set_log_base,1,1,0
vhost_call,1,1,0
lsock,7,2,-5
vnc_client_write_buf,1,1,0
vital,1,1,0
naa,1,1,0
wwn,1,1,0
drive_serial_str,2,1,-1
removable,8,1,-7
identification,3,2,-1
drive_model_str,1,1,0
product,2,1,-1
vpd,1,1,0
stq_be_p,1,1,0
can_write,1,1,0
clock_step,3,1,-2
req_addr,4,1,-3
g_try_new0,2,1,-1
namespaces,2,1,-1
blockrequest,1,2,1
compressed_chunk,3,2,-1
uncompressed_chunk,4,2,-2
report_unsupported,1,1,0
snapshot_offset,2,1,-1
nr_bytes,1,1,0
nr_ops,2,1,-1
bdrv_max_iotype,1,1,0
pl1_w,5,1,-4
pl1_rw,13,1,-12
arm_cp_nop,7,1,-6
usp,1,1,0
tcg_gen_ld8u_i64,1,1,0
tcg_gen_ld_i64,7,1,-6
tcg_gen_st_i64,7,1,-6
ir_v0,3,2,-1
unrealistic,1,1,0
uncompressed,3,1,-2
monotonically,1,1,0
warns,1,2,1
single-threaded,2,1,-1
g_thread_supported,2,1,-1
g_thread_init,2,2,0
cp0st_cu3,1,1,0
cp0_cause,1,1,0
cp0_config4,1,1,0
cp0_status,14,2,-12
cp0ca_bd,1,1,0
manner,4,1,-3
s_fields,3,1,-2
sccb,7,1,-6
sclp_service_call,2,1,-1
pgm_privileged,4,1,-3
vga_ram_size,7,1,-6
virtio-blk-pci,1,1,0
type_x86_cpu,9,1,-8
snap_count,1,1,0
zero_beyond_eof,2,1,-1
cpu_physical_memory_write_rom,3,1,-2
datasize,3,1,-2
romsize,4,1,-3
conv,2,1,-1
notrunc,2,1,-1
etimedout,2,1,-1
qapischemaerror,3,2,-1
f|s,1,1,0
threadinfo,1,1,0
query_cpu,1,1,0
fsle,5,1,-4
fsdev_id,4,1,-3
dt_sdl,1,1,0
ctrl_grab,1,1,0
no_quit,2,1,-1
alt_grab,1,1,0
no_frame,1,2,1
unassigned_mem_write,1,1,0
unassigned_mem_ops,2,1,-1
font_width,1,1,0
qemu_create_dummy_surface,1,1,0
color_table_rgb,1,1,0
bg,1,1,0
qemu_create_displaysurface,2,1,-1
font_height,2,2,0
xenstore_write_be_int,2,1,-1
qemu_chr_fe_claim_no_fail,2,1,-1
chr_name,4,1,-3
qemu_chr_fe_claim,1,1,0
max_serial_ports,3,1,-2
handle_dependencies,3,1,-2
host_offset,6,1,-5
write_count,1,2,1
backing_len,1,1,0
compare_images,4,1,-3
test_complete_top,1,1,0
accel_initialised,1,1,0
cpuid_level,2,1,-1
eax=cpuid_level,1,1,0
cpuid_xlevel,2,1,-1
sdm,3,1,-2
vol,1,1,0
iscsi_readcapacity16_sync,1,1,0
portal,1,1,0
iscsi_inquiry_sync,1,1,0
inq,1,1,0
interrupt_packet,1,1,0
usbredir_already_in_flight,1,1,0
i440fx_pam,1,1,0
pam,3,1,-2
ram_memory,5,1,-4
pci_address_space,4,1,-3
lmp_name,3,1,-2
numbered,1,1,0
tcg_gen_goto_tb,3,1,-2
hav,2,1,-1
client-,1,1,0
nbd_client_put,1,2,1
pci_err_root_status,1,1,0
si_float_regs,1,1,0
copy_from_user,1,1,0
eesk,1,1,0
chksum,1,1,0
pci_default_write_config,6,1,-5
pci_default_read_config,2,1,-1
qemu_opt_has_help_opt,1,1,0
is_help_option,2,1,-1
blength,1,1,0
devep,2,2,0
usb_dir_in,1,1,0
bdescriptortype,1,1,0
balternatesetting,1,1,0
usb_dt_config,1,1,0
bendpointaddress,1,1,0
usb_host_read_file,1,1,0
binterfacenumber,2,1,-1
usb_ep_set_type,1,1,0
usb_ep_set_ifnum,1,1,0
buffer_reset,1,1,0
filling,4,1,-3
vnet,1,1,0
io_zero,1,1,0
usb_packet_is_inflight,1,1,0
usb_ep_get,2,1,-1
involved,5,2,-3
usb_packet,2,1,-1
curr,3,1,-2
packey,1,1,0
fdecl,1,1,0
h_file,1,1,0
fdef,4,1,-3
hppa,1,1,0
vhost_dev_cmp_memory,1,1,0
log_start,3,1,-2
log_stop,2,1,-1
isa_irq_state,1,1,0
ioapic_init,1,1,0
strcat,6,2,-4
nan,5,1,-4
default_nan_mode,2,1,-1
set_ics,1,1,0
fast-path,1,1,0
check_rxov,1,1,0
rtas_power_off,1,1,0
tm_hour,4,1,-3
rtas_display_character,1,1,0
h_set_dabr,1,1,0
tm_min,4,1,-3
hcall-dabr,1,1,0
tm_sec,4,1,-3
tm_mday,4,1,-3
rtas_get_time_of_day,1,1,0
tm_mon,3,1,-2
ins,1,1,0
num_bat_entries,2,1,-1
u1,2,1,-1
nums,1,1,0
multicast,2,2,0
ia,1,2,1
mcast_idx,1,1,0
rxtx,1,1,0
kmsrs,1,1,0
kvm_get_msrs,2,1,-1
waitset,1,1,0
kvm_msrs,5,1,-4
kvm_mce_in_exception,1,1,0
msr_mcg_status,1,1,0
mca,2,1,-1
kvm_msr_entry,3,1,-2
sigtimedwait,1,1,0
sa_sigaction,2,1,-1
srao,2,1,-1
sigpending,1,1,0
excpetion,1,1,0
kvm_get_msr,1,1,0
si_addr,2,1,-1
sa_siginfo,2,1,-1
src_iov,1,1,0
blkverify,1,1,0
qsort,3,1,-2
relationships,3,1,-2
one-shot,2,1,-1
expiration,1,1,0
qemu_irq_pulse,5,1,-4
timer_id,1,2,1
bdrv_snapshot_create,1,1,0
compare_sectors,1,1,0
out_basefmt,1,1,0
happy,5,2,-3
bs_old_backing,2,1,-1
backing_name,1,1,0
brdv_o_flags,1,2,1
bs_new_backing,2,1,-1
qemu_get_be16,5,1,-4
next_out,2,1,-1
z_stream,1,1,0
ram_cblock_magic,1,1,0
z_stream_end,2,1,-1
inflateinit,1,2,1
z_ok,3,2,-1
bdrv_hash_block_size,1,1,0
inflate,1,1,0
next_in,2,1,-1
avail_in,2,1,-1
iobuf_size,1,1,0
msg_len,1,1,0
drs,1,1,0
ccntl1,1,1,0
dnad64,1,1,0
mmws,1,1,0
dbms,1,1,0
mmrs,1,1,0
msg_action,1,1,0
qemu_get_sbe32s,3,1,-2
ua,1,1,0
qemu_put_8s,3,1,-2
sbms,1,1,0
ctest2,1,1,0
dmode,1,1,0
qemu_get_8s,3,1,-2
sfs,1,1,0
qemu_put_be32s,6,1,-5
lsistate,2,1,-1
pci_device_save,1,1,0
dbc,4,1,-3
pci_device_load,2,1,-1
current_dma_len,2,1,-1
get_feature,3,1,-2
ppc_float,6,1,-5
ppc_feature_has_altivec,1,1,0
ppc_405_mac,1,1,0
altivec,7,1,-6
ppc_feature_has_dfp,1,1,0
ppc_spe_single,1,1,0
nvrreg,1,1,0
ppc_spe,1,1,0
ppc_spe_double,1,1,0
ppc_feature_has_vsx,1,1,0
config_vnc_tls,1,1,0
vnc_disconnect_finish,2,1,-1
vnc_client_io_error,1,1,0
vnc_tls_client_cleanup,1,1,0
vnc_display_open,1,1,0
check_gfx,1,1,0
gfx,2,1,-1
curses,3,1,-2
displays,2,1,-1
sdl,10,2,-8
bdrv_check_byte_request,1,1,0
2tb,1,1,0
get_cluster_table,1,1,0
config_h,7,1,-6
pagedesc,5,2,-3
l1_map,2,1,-1
page_find_alloc,1,1,0
fsr_ftt_nmask,1,1,0
lt,4,1,-3
laa,1,1,0
cross_prefix,2,1,-1
monitor_handle_command1,2,1,-1
readline_start,3,1,-2
buffered,4,1,-3
wcycle,1,1,0
fl_mem,1,1,0
total_len,4,1,-3
pfl-,1,1,0
io_mem_romd,2,1,-1
tpsr,1,1,0
tcnt,1,1,0
qemu_send_packet,5,1,-4
optimized,6,1,-5
gen_op_mov_reg_t0,1,1,0
ot,7,1,-6
r_eax,22,1,-21
r_ebp,5,1,-4
r_ebx,14,1,-13
r_esi,5,1,-4
ave,1,1,0
r_esp,6,1,-5
2003,2,1,-1
r_edi,5,1,-4
r_edx,24,1,-23
tf_mask,4,1,-3
tss,2,1,-1
if_mask,3,1,-2
r_ecx,18,1,-17
add16,1,1,0
readlinestate,2,1,-1
dprint_l2,1,1,0
dscr,1,1,0
admasysaddr,1,1,0
dprint_l1,1,1,0
data_count,1,1,0
errprint,1,1,0
proxyusername,1,1,0
proxypassword,1,1,0
tpm_op_canceled,1,1,0
bdrv_drained_begin,4,2,-2
nvic_first_irq,1,1,0
switch_v7m_security_state,3,1,-2
non-secure,17,1,-16
nonsecure,10,1,-9
xpsr_it,1,1,0
get_v7m_sp_ptr,1,1,0
frameptr,1,1,0
frame_sp_p,1,1,0
targets_secure,1,1,0
pushed,4,1,-3
destruction,1,1,0
parallel_hds,2,1,-1
test_server_create_chr,1,1,0
blx,1,1,0
literal,4,1,-3
exchange,1,1,0
p_end,1,1,0
blockinfolist,2,1,-1
bdrv_key_required,5,2,-3
monitor_read_password,2,1,-1
password_opaque,1,1,0
encryption_key_missing,1,1,0
bdev_list,1,1,0
error_class_device_encrypted,1,1,0
bdrv_password_cb,2,1,-1
monitor_read_block_device_key,2,1,-1
bdrv_get_encrypted_filename,2,1,-1
readline_opaque,1,1,0
hmp_cont_cb,1,1,0
blk_by_name,8,1,-7
blockinfo,1,1,0
qmp_query_block,1,1,0
monitor_read_command,3,1,-2
bdrv_add_key,1,1,0
qmp_cont,1,1,0
monitor_read_bdrv_key_start,2,1,-1
key_is_missing,1,1,0
password_completion_cb,1,1,0
completion_cb,1,1,0
bdev,1,1,0
bdrv_o_no_io,3,1,-2
spec_info,2,1,-1
qcrypto_block_get_info,1,1,0
qcryptoblockinfo,1,1,0
imageinfospecific,1,1,0
qcryptoblockinfoluks,1,1,0
qapi_free_qcryptoblockinfo,1,1,0
nbd_client_closed,1,1,0
in-flight,11,1,-10
resizing,1,1,0
registration,3,1,-2
gr,3,1,-2
lpcr_uprt,2,1,-1
said,3,1,-2
patb_entry,1,1,0
hpt,6,1,-5
spapr_hpt_shift_for_ramsize,1,1,0
patbe1_gr,1,1,0
mess,1,1,0
fragments,3,1,-2
numeric,2,1,-1
rooted,1,1,0
associative,1,1,0
qobject_input_visitor_new_keyval,1,1,0
comparestate,3,1,-2
packet_destroy,2,1,-1
compare_chr_send,1,1,0
chr_out,3,1,-2
connection_track_table,1,1,0
g_main_loop_run,3,1,-2
worker_context,4,1,-3
g_queue_is_empty,2,1,-1
colo_compare_connection,2,1,-1
compare_loop,2,1,-1
g_queue_pop_head,1,1,0
opts_visitor_new,4,1,-3
genuinely,1,1,0
walks,1,1,0
visit_type_int64,2,1,-1
invalid_qmp_mode,2,1,-1
qmp_marshal_qmp_capabilities,1,1,0
is_cap,1,1,0
virtio_init_region_cache,1,1,0
tmp_rdev,1,1,0
update_map_file,2,1,-1
rdev,1,1,0
attr_max,1,1,0
lsetxattr,2,1,-1
g_strstr_len,1,1,0
nl,1,1,0
sep,2,1,-1
canonicalize,1,1,0
smi,1,1,0
cpu_interrupt_smi,1,1,0
smi_negotiated_features,1,1,0
lpc,9,1,-8
pcr_compat_2_07,2,1,-1
pcr_supported,1,1,0
oldest,1,1,0
ac97linkstate,1,1,0
slli,1,1,0
a4,3,1,-2
a15,3,1,-2
eqi,4,1,-3
a5,1,1,0
inlen,1,1,0
has_size,3,1,-2
no_shutdown,2,1,-1
hotplug_handler_post_plug,1,1,0
dsm_dma_arrea,1,1,0
pc_machine_device_post_plug_cb,1,1,0
nvdimm_acpi_hotplug,2,1,-1
nvdimm_get_plugged_device_list,4,1,-3
post_plug,1,1,0
nvdimm_build_ssdt,3,1,-2
table_offsets,10,1,-9
nvdimmfitbuffer,1,1,0
g_array_append_vals,3,1,-2
bioslinker,4,1,-3
hotplug_handler_get_class,2,1,-1
hotplughandlerclass,2,1,-1
g_array_new,6,1,-5
pc_dimm_post_plug,1,1,0
acpinvdimmstate,4,1,-3
fit_buf,3,1,-2
plug_handler,2,1,-1
dsm_mem,10,1,-9
hdc,2,1,-1
nvdimm_build_nfit,2,1,-1
archheading,1,1,0
colo_filter_rewriter_conn_offset,1,1,0
colo_compare_icmp_miscompare,1,1,0
colo_filter_rewriter_debug,1,1,0
colo_filter_rewriter_pkt_info,1,1,0
colo_compare_udp_miscompare,1,1,0
colo_compare_miscompare,1,1,0
sta,1,1,0
ppc2_bctar_isa207,1,1,0
virtio_scsi_free_req,1,1,0
ppc_segment_64b,5,1,-4
is_int,2,1,-1
raise_exception_err,11,1,-10
hf_cpl_mask,3,1,-2
g_dir_make_tmp,1,1,0
test_parse_path,1,1,0
nbd_config,2,1,-1
setcc,5,1,-4
s390_set_status_code,1,1,0
zpci_pci_ls_err,1,1,0
pal,1,1,0
s390_iommu_ops,1,1,0
iommu_mr,2,1,-1
iscsi_co_get_block_status,2,1,-1
power7,6,1,-5
lpes1,1,1,0
msr_ri,2,1,-1
qapi_free_userdefnativelistunion,1,2,1
confirm,2,1,-1
qapi_free_userdefone,1,1,0
construction,1,1,0
ud2,2,1,-1
advancing,1,1,0
qapi_free_userdefonelist,2,1,-1
visit_type_foo,2,1,-1
socket_connect_data_free,1,1,0
socket_address_kind_inet,7,1,-6
virtio_panic,1,1,0
ai_protocol,1,1,0
sin6_family,1,1,0
sockaddr_in6,1,1,0
check_bind,1,1,0
in6addr_loopback_init,1,1,0
sin6_addr,1,1,0
has_ipv4,6,1,-5
sin6,1,1,0
ai_family,3,1,-2
eai_addrfamily,1,1,0
ai_socktype,2,1,-1
has_ipv6,5,1,-4
eai_family,1,1,0
sa_family,2,1,-1
has_proto,1,1,0
observer,1,1,0
nchars,1,1,0
uhci_async_find_td,1,1,0
uhci_async_free,2,1,-1
dev_rndis_config_value,1,1,0
rx_pkt,1,1,0
to_replace,4,1,-3
replaced_bs,1,1,0
trace_qcrypto_tls_creds_get_path,1,1,0
cred,11,1,-10
mediaiterator,1,1,0
getbsdpath,1,1,0
io_iterator_t,1,1,0
bsdpath,1,1,0
kernresult,1,1,0
kern_return_t,1,1,0
atapi_cmd_table,2,1,-1
block_max_iotype,1,1,0
read_aio,1,1,0
make_reference_backup,1,1,0
kwargs,2,1,-1
add_node,1,1,0
bitmap0,2,1,-1
assertnotequal,2,1,-1
flush_to_disk,1,1,0
add_bitmap,1,1,0
iteritems,2,1,-1
io_write_patterns,1,1,0
check_backups,1,1,0
img_create,3,1,-2
drive1,4,1,-3
assertfalse,2,1,-1
fbpages,2,1,-1
xenfb,5,1,-4
xc_handler_initial_value,2,1,-1
n_fbdirs,1,1,0
apis,6,1,-5
xc_map_foreign_bulk,2,1,-1
xen_fmem,1,1,0
fbmfns,2,1,-1
xenforeignmemory_handle,1,1,0
/*pages*/,1,1,0
pgmfns,1,1,0
cmd_info,1,1,0
testdev,1,1,0
qcrypto_tls_creds_get_dh_params_file,2,1,-1
credential,2,1,-1
config_gnutls,3,1,-2
nada,1,1,0
gnutls_x509_fmt_pem,2,1,-1
dhparams,1,1,0
qcrypto_tls_creds_x509,1,1,0
qcrypto_tls_creds_dh_params,1,1,0
qcryptotlscredsx509,1,1,0
qcrypto_tls_creds_get_path,2,1,-1
type_qcrypto_tls_creds_x509,1,1,0
rv,7,1,-6
complicate,1,1,0
vfio,9,1,-8
cpu_hp_io_base,1,1,0
vnc_client_read_buf,1,1,0
buffer_end,1,1,0
listen_id,1,1,0
infop,3,1,-2
get_user_u64,3,1,-2
virtio_rng_process,3,1,-2
virtio_rng_load_device,1,1,0
block_op_type_eject,2,1,-1
blit_region_is_unsafe,1,1,0
cp0st_ksu,2,1,-1
cp0st_nmi,1,1,0
cp0st_sr,1,1,0
blk_op_block_all,1,1,0
blk_op_unblock_all,1,1,0
block_op_type_dataplane,1,1,0
blk_op_is_blocked,1,1,0
kvm_set_mp_state,2,1,-1
cpu_state,3,1,-2
kvm_mp_state,2,1,-1
kvm_mp_state_stopped,1,1,0
aio_context_new,3,1,-2
qemu_aio_context,4,1,-3
cpacr,1,1,0
arm_feature_v6,6,1,-5
fpen,3,1,-2
c1_coproc,1,1,0
v6,5,1,-4
quorum_read_pattern_fifo,1,1,0
read_fifo_child,1,1,0
read_pattern,1,1,0
ex_ptr,1,1,0
statically,1,1,0
pty_chr_state,2,1,-1
uniform,2,1,-1
rewrite_count,1,1,0
new_addr,3,1,-2
int128_lt,1,1,0
pc_dimm_size_prop,3,1,-2
int128_gt,1,1,0
pc_dimm_addr_prop,3,1,-2
hotplug_memory_base,1,1,0
h2g,10,1,-9
new_ptr,1,1,0
h2g_valid,9,1,-8
page_reserved,3,1,-2
page_set_flags,5,1,-4
spans,7,1,-6
spr_read_ureg,1,1,0
gen_spr_book3s_dbg,1,1,0
spr_dabr,1,1,0
gen_spr_7xx,1,1,0
cpu_powerpc_logical_2_07,2,1,-1
powerpc_servercpu_properties,1,1,0
propertyinfo,6,1,-5
unspecified,1,1,0
mandated,3,1,-2
daif,3,1,-2
el1,8,1,-7
arm_log_exception,1,1,0
exclusive_addr,2,1,-1
arm_current_pl,3,1,-2
vaddress,6,1,-5
next_cluster_index,1,1,0
do_cc,2,2,0
werror,6,3,-3
blockdev_init,2,1,-1
data_order,1,1,0
e_machine,4,2,-2
em_ppc,1,1,0
em_386,1,1,0
must_swab,2,1,-1
elfmag3,1,1,0
pgm_specification,14,1,-13
st_gen,1,1,0
halfway,1,1,0
super,2,1,-1
guest_phys_blocks_append,1,1,0
p_offset,2,1,-1
parse_and_eval,1,1,0
p_flags,1,1,0
e_shentsize,2,1,-1
p_filesz,2,1,-1
simplicity,6,1,-5
elfdata2lsb,1,1,0
em_x86_64,2,1,-1
p_vaddr,1,1,0
p_align,1,1,0
e_phentsize,1,1,0
vmcore,2,1,-1
guest_phys_blocks_init,1,1,0
ev_current,1,1,0
identifying,3,1,-2
e_ehsize,1,1,0
e_type,1,1,0
predecessor_size,1,1,0
-bios,1,1,0
4g,2,1,-1
co.,6,1,-5
vhost_scsi_exit,1,1,0
virtio_scsi_common_exit,1,1,0
virtio_scsi_device_exit,1,1,0
200,2,1,-1
z/architecture,2,1,-1
qemu_getauxval,1,1,0
facility_ext_imm,4,1,-3
hwcap,1,1,0
worthwhile,1,1,0
31-bit,5,1,-4
immediates,3,1,-2
facility_gen_inst_ext,1,1,0
stfle,1,1,0
facilities,2,1,-1
sigill,2,1,-1
at_hwcap,2,1,-1
bitnum,1,1,0
bits_per_bitmap_sector,1,1,0
cow_test_bit,1,1,0
cow_find_streak,1,1,0
num_same,1,2,1
ece025f5980bae88fa677bc9c0d24d2e580e205d,1,1,0
enable_write_target,1,1,0
qemu_get_nic_opaque,7,1,-6
unicast,2,1,-1
visit_type_userdefnativelistunion,2,1,-1
fractional,1,1,0
.0,1,1,0
token_get_value,3,1,-2
virtio_net_f_mac,6,1,-5
kbd_put_keycode,2,1,-1
qemu_set_nonblock,3,1,-2
get_opt_name,5,1,-4
parse_uint,1,1,0
cutils,4,1,-3
chunk_count,1,1,0
read_off,1,1,0
vga_crtc_cursor_start,1,1,0
crtc,1,1,0
palette_blanking,1,1,0
vga_cr11_lock_cr0_cr7,1,1,0
ega,1,1,0
cga_hacks,1,1,0
nextopt,2,1,-1
vga_crtc_cursor_end,1,1,0
vga_crtc_max_scan,1,1,0
vga_crtc_overflow,1,1,0
hacks,6,1,-5
fonts,1,1,0
cr7,1,1,0
cr_index,3,1,-2
vga_cga_hacks,1,1,0
font,1,1,0
hack2,1,1,0
vga_cga_hack_palette_blanking,1,1,0
ar_index,1,1,0
hack1,1,1,0
vga_cga_hack_font_height,1,1,0
vga_crtc_v_sync_end,1,1,0
blanking,1,1,0
ar_flip_flop,1,1,0
ir_a3,1,1,0
trapnr,6,1,-5
sysret,4,1,-3
put_dwords,1,1,0
badf,3,1,-2
iov_send,1,1,0
nbd_send_reply,1,1,0
ehci_queues_rip_unused,2,1,-1
last_run_ns,4,1,-3
usbcmd,1,1,0
cow_is_allocated,1,1,0
tsc_freq,3,1,-2
strtosz_defsuffix_b,1,1,0
strtosz_suffix,1,1,0
fd_type,1,1,0
fdrive_drv_none,1,1,0
fdrivetype,1,1,0
parg,1,1,0
msg_control,1,1,0
strrchr,4,1,-3
warp_delta,2,1,-1
qemuclock,6,1,-5
continously,1,1,0
active_timers,8,1,-7
extreme,1,1,0
warps,1,1,0
statements,3,1,-2
cur_time,1,1,0
qemu_timer_expired,3,1,-2
qemu_icount_bias,1,1,0
-for,1,1,0
earliest,1,1,0
computed,7,1,-6
qemu_next_deadline,1,1,0
synchronized,3,1,-2
clocks,6,1,-5
icount_warp_rt,2,1,-1
qemu_clock_warp,4,1,-3
externally,2,1,-1
config_smartcard_nss,1,1,0
ct,9,1,-8
reader,6,1,-5
-x,2,1,-1
invalid_display,1,1,0
pthread_cond_t,2,1,-1
records,2,1,-1
pthread_mutex_initializer,2,1,-1
dedicated,6,1,-5
corner,2,1,-1
cc_dst,4,1,-3
merging,2,1,-1
pprint_str,1,1,0
pprint_int32,2,1,-1
llogfile,2,1,-1
flock,3,1,-2
pprint_int64,1,1,0
proc_id,1,1,0
virtqueue_avail_bytes,1,1,0
get_features,2,1,-1
virtio_f_bad_feature,4,1,-3
qdev_unplug,4,1,-3
set_rate_limit,2,1,-1
dirty_row,1,1,0
old_data,2,1,-1
vnc_set_bit,1,1,0
eliminate,2,1,-1
mtrr_deftype,3,1,-2
mtrrs,1,1,0
mtrr_fixed,3,1,-2
mtrr_var,3,1,-2
msr_mtrrphysmask,1,1,0
vga_reset,1,1,0
cirrus_id_clgd5446,1,1,0
vga_io_memory,1,1,0
bustype,1,1,0
pcnet,1,1,0
datadir,3,1,-2
mandir,1,1,0
pxe,2,1,-1
target_m68k,1,1,0
target_cris,1,1,0
target_alpha,1,1,0
lock/unlock,1,1,0
ldx,1,1,0
p1,7,1,-6
sdr_sh,1,1,0
msk,2,1,-1
nb_bats,5,1,-4
validp,1,1,0
batl,3,1,-2
get_bat,2,1,-1
powerpc_mmu_601,1,1,0
batu,2,1,-1
blp,1,1,0
pp_check,2,1,-1
powerpc_flag_be,3,1,-2
powerpc_flag_pmm,3,1,-2
powerpc_flag_de,1,1,0
powerpc_flag_uble,1,1,0
powerpc_flag_tgpr,1,1,0
powerpc_flag_ce,1,1,0
powerpc_flag_dwe,1,1,0
powerpc_flag_se,3,1,-2
powerpc_flag_px,1,1,0
cc_op_logicb,1,1,0
page_find,1,1,0
page_valid,3,1,-2
wrapped,4,1,-3
